WL	EN	AR	Marker
1.6660e+00	2.7018e-01	1.1558e+00	0.0000e+00
1.6660e+00	2.7018e-01	1.1549e+00	0.0000e+00
1.6660e+00	2.7018e-01	1.1544e+00	0.0000e+00
1.6660e+00	2.7018e-01	1.1542e+00	0.0000e+00
1.6551e+00	2.7187e-01	1.1545e+00	0.0000e+00
1.6439e+00	2.7349e-01	1.1556e+00	0.0000e+00
1.6371e+00	2.7484e-01	1.1574e+00	0.0000e+00
1.6381e+00	2.7564e-01	1.1592e+00	0.0000e+00
1.6466e+00	2.7560e-01	1.1605e+00	0.0000e+00
1.6586e+00	2.7510e-01	1.1608e+00	0.0000e+00
1.6689e+00	2.7455e-01	1.1607e+00	0.0000e+00
1.6754e+00	2.7427e-01	1.1605e+00	0.0000e+00
1.6776e+00	2.7424e-01	1.1605e+00	0.0000e+00
1.6781e+00	2.7436e-01	1.1602e+00	0.0000e+00
1.6780e+00	2.7469e-01	1.1596e+00	0.0000e+00
1.6775e+00	2.7472e-01	1.1587e+00	0.0000e+00
1.6782e+00	2.7414e-01	1.1579e+00	0.0000e+00
1.6805e+00	2.7313e-01	1.1573e+00	0.0000e+00
1.6814e+00	2.7271e-01	1.1567e+00	0.0000e+00
1.6782e+00	2.7346e-01	1.1563e+00	0.0000e+00
1.6676e+00	2.7508e-01	1.1559e+00	0.0000e+00
1.6538e+00	2.7689e-01	1.1553e+00	0.0000e+00
1.6432e+00	2.7864e-01	1.1546e+00	0.0000e+00
1.6402e+00	2.8001e-01	1.1537e+00	0.0000e+00
1.6445e+00	2.8107e-01	1.1526e+00	0.0000e+00
1.6496e+00	2.8234e-01	1.1515e+00	0.0000e+00
1.6479e+00	2.8396e-01	1.1502e+00	0.0000e+00
1.6374e+00	2.8597e-01	1.1488e+00	0.0000e+00
1.6235e+00	2.8808e-01	1.1473e+00	0.0000e+00
1.6132e+00	2.9002e-01	1.1459e+00	0.0000e+00
1.6099e+00	2.9163e-01	1.1445e+00	0.0000e+00
1.6139e+00	2.9315e-01	1.1431e+00	0.0000e+00
1.6213e+00	2.9506e-01	1.1418e+00	0.0000e+00
1.6272e+00	2.9765e-01	1.1400e+00	0.0000e+00
1.6317e+00	3.0026e-01	1.1382e+00	0.0000e+00
1.6384e+00	3.0204e-01	1.1371e+00	0.0000e+00
1.6512e+00	3.0245e-01	1.1357e+00	0.0000e+00
1.6721e+00	3.0122e-01	1.1342e+00	0.0000e+00
1.6999e+00	2.9869e-01	1.1331e+00	0.0000e+00
1.7300e+00	2.9637e-01	1.1321e+00	0.0000e+00
1.7619e+00	2.9363e-01	1.1312e+00	0.0000e+00
1.7963e+00	2.9018e-01	1.1303e+00	0.0000e+00
1.8341e+00	2.8562e-01	1.1294e+00	0.0000e+00
1.8736e+00	2.8054e-01	1.1285e+00	0.0000e+00
1.9106e+00	2.7852e-01	1.1275e+00	0.0000e+00
1.9390e+00	2.7986e-01	1.1266e+00	0.0000e+00
1.9519e+00	2.8268e-01	1.1257e+00	0.0000e+00
1.9480e+00	2.8617e-01	1.1250e+00	0.0000e+00
1.9480e+00	2.8617e-01	1.1244e+00	0.0000e+00
1.9480e+00	2.8617e-01	1.1240e+00	0.0000e+00
1.9480e+00	2.8617e-01	1.1237e+00	0.0000e+00
1.9480e+00	2.8617e-01	1.1235e+00	0.0000e+00
1.9480e+00	2.8617e-01	1.1230e+00	0.0000e+00
1.9480e+00	2.8617e-01	1.1224e+00	0.0000e+00
1.9480e+00	2.8617e-01	1.1220e+00	0.0000e+00
1.9480e+00	2.8617e-01	1.1214e+00	0.0000e+00
1.9480e+00	2.8617e-01	1.1205e+00	0.0000e+00
1.9480e+00	2.8617e-01	1.1193e+00	0.0000e+00
1.9480e+00	2.8617e-01	1.1180e+00	0.0000e+00
1.9480e+00	2.8617e-01	1.1169e+00	0.0000e+00
1.9840e+00	2.8379e-01	1.1158e+00	0.0000e+00
2.0343e+00	2.8042e-01	1.1148e+00	0.0000e+00
2.0952e+00	2.7686e-01	1.1136e+00	0.0000e+00
2.0952e+00	2.7686e-01	1.1124e+00	0.0000e+00
2.0952e+00	2.7686e-01	1.1112e+00	0.0000e+00
2.0952e+00	2.7686e-01	1.1101e+00	0.0000e+00
2.0952e+00	2.7686e-01	1.1091e+00	0.0000e+00
2.0952e+00	2.7686e-01	1.1080e+00	0.0000e+00
2.0952e+00	2.7686e-01	1.1069e+00	0.0000e+00
2.0952e+00	2.7686e-01	1.1057e+00	0.0000e+00
2.0952e+00	2.7686e-01	1.1045e+00	0.0000e+00
2.0952e+00	2.7686e-01	1.1029e+00	0.0000e+00
2.0952e+00	2.7686e-01	1.1015e+00	0.0000e+00
2.0952e+00	2.7686e-01	1.1004e+00	0.0000e+00
2.0952e+00	2.7686e-01	1.0984e+00	0.0000e+00
2.0952e+00	2.7686e-01	1.0965e+00	0.0000e+00
2.0952e+00	2.7686e-01	1.0951e+00	0.0000e+00
2.0931e+00	2.7708e-01	1.0935e+00	0.0000e+00
2.0902e+00	2.7714e-01	1.0921e+00	0.0000e+00
2.0870e+00	2.7707e-01	1.0909e+00	0.0000e+00
2.0840e+00	2.7695e-01	1.0900e+00	0.0000e+00
2.0812e+00	2.7685e-01	1.0894e+00	0.0000e+00
2.0784e+00	2.7658e-01	1.0892e+00	0.0000e+00
2.0754e+00	2.7628e-01	1.0898e+00	0.0000e+00
2.0722e+00	2.7600e-01	1.0911e+00	0.0000e+00
2.0693e+00	2.7580e-01	1.0933e+00	0.0000e+00
2.0669e+00	2.7569e-01	1.0964e+00	0.0000e+00
2.0648e+00	2.7569e-01	1.1001e+00	0.0000e+00
2.0623e+00	2.7580e-01	1.1039e+00	0.0000e+00
2.0592e+00	2.7615e-01	1.1075e+00	0.0000e+00
2.0557e+00	2.7686e-01	1.1107e+00	0.0000e+00
2.0526e+00	2.7770e-01	1.1133e+00	0.0000e+00
2.0509e+00	2.7837e-01	1.1161e+00	0.0000e+00
2.0506e+00	2.7851e-01	1.1185e+00	0.0000e+00
2.0509e+00	2.7801e-01	1.1210e+00	0.0000e+00
2.0513e+00	2.7695e-01	1.1248e+00	0.0000e+00
2.0515e+00	2.7526e-01	1.1296e+00	0.0000e+00
2.0518e+00	2.7317e-01	1.1347e+00	0.0000e+00
2.0518e+00	2.7192e-01	1.1395e+00	0.0000e+00
2.0507e+00	2.7193e-01	1.1437e+00	0.0000e+00
2.0481e+00	2.7269e-01	1.1474e+00	0.0000e+00
2.0440e+00	2.7381e-01	1.1510e+00	0.0000e+00
2.0387e+00	2.7487e-01	1.1544e+00	0.0000e+00
2.0338e+00	2.7563e-01	1.1576e+00	0.0000e+00
2.0300e+00	2.7597e-01	1.1604e+00	0.0000e+00
2.0273e+00	2.7594e-01	1.1628e+00	0.0000e+00
2.0250e+00	2.7561e-01	1.1651e+00	0.0000e+00
2.0226e+00	2.7487e-01	1.1670e+00	0.0000e+00
2.0199e+00	2.7441e-01	1.1684e+00	0.0000e+00
2.0161e+00	2.7469e-01	1.1694e+00	0.0000e+00
2.0119e+00	2.7527e-01	1.1699e+00	0.0000e+00
2.0080e+00	2.7580e-01	1.1695e+00	0.0000e+00
2.0044e+00	2.7639e-01	1.1683e+00	0.0000e+00
2.0011e+00	2.7719e-01	1.1667e+00	0.0000e+00
1.9975e+00	2.7805e-01	1.1647e+00	0.0000e+00
1.9937e+00	2.7873e-01	1.1631e+00	0.0000e+00
1.9931e+00	2.7870e-01	1.1616e+00	0.0000e+00
1.9922e+00	2.7884e-01	1.1600e+00	0.0000e+00
1.9911e+00	2.7923e-01	1.1591e+00	0.0000e+00
1.9899e+00	2.7987e-01	1.1593e+00	0.0000e+00
1.9890e+00	2.8075e-01	1.1613e+00	0.0000e+00
1.9889e+00	2.8158e-01	1.1658e+00	0.0000e+00
1.9901e+00	2.8205e-01	1.1735e+00	0.0000e+00
1.9920e+00	2.8217e-01	1.1851e+00	0.0000e+00
1.9943e+00	2.8206e-01	1.1985e+00	0.0000e+00
1.9960e+00	2.8183e-01	1.2113e+00	0.0000e+00
1.9967e+00	2.8158e-01	1.2227e+00	0.0000e+00
1.9965e+00	2.8140e-01	1.2327e+00	0.0000e+00
1.9970e+00	2.8130e-01	1.2414e+00	0.0000e+00
1.9984e+00	2.8143e-01	1.2491e+00	0.0000e+00
1.9998e+00	2.8177e-01	1.2572e+00	0.0000e+00
2.0006e+00	2.8229e-01	1.2668e+00	0.0000e+00
2.0005e+00	2.8296e-01	1.2784e+00	0.0000e+00
1.9998e+00	2.8313e-01	1.2919e+00	0.0000e+00
1.9989e+00	2.8248e-01	1.3059e+00	0.0000e+00
1.9991e+00	2.8131e-01	1.3216e+00	0.0000e+00
2.0010e+00	2.7990e-01	1.3340e+00	0.0000e+00
2.0039e+00	2.7861e-01	1.3413e+00	0.0000e+00
2.0065e+00	2.7806e-01	1.3464e+00	0.0000e+00
2.0084e+00	2.7815e-01	1.3492e+00	0.0000e+00
2.0098e+00	2.7840e-01	1.3493e+00	0.0000e+00
2.0122e+00	2.7842e-01	1.3481e+00	0.0000e+00
2.0166e+00	2.7836e-01	1.3470e+00	0.0000e+00
2.0221e+00	2.7842e-01	1.3467e+00	0.0000e+00
2.0271e+00	2.7840e-01	1.3484e+00	0.0000e+00
2.0304e+00	2.7819e-01	1.3541e+00	0.0000e+00
2.0313e+00	2.7795e-01	1.3642e+00	0.0000e+00
2.0307e+00	2.7825e-01	1.3784e+00	0.0000e+00
2.0294e+00	2.7885e-01	1.3952e+00	0.0000e+00
2.0282e+00	2.7959e-01	1.4168e+00	0.0000e+00
2.0278e+00	2.8047e-01	1.4462e+00	0.0000e+00
2.0289e+00	2.8138e-01	1.4780e+00	0.0000e+00
2.0318e+00	2.8218e-01	1.5089e+00	0.0000e+00
2.0359e+00	2.8286e-01	1.5355e+00	0.0000e+00
2.0408e+00	2.8342e-01	1.5557e+00	0.0000e+00
2.0450e+00	2.8368e-01	1.5718e+00	0.0000e+00
2.0465e+00	2.8359e-01	1.5811e+00	0.0000e+00
2.0452e+00	2.8335e-01	1.5851e+00	1.0000e+00
2.0427e+00	2.8328e-01	1.5907e+00	0.0000e+00
2.0404e+00	2.8358e-01	1.5981e+00	0.0000e+00
2.0391e+00	2.8423e-01	1.6054e+00	0.0000e+00
2.0383e+00	2.8492e-01	1.6141e+00	0.0000e+00
2.0371e+00	2.8518e-01	1.6236e+00	0.0000e+00
2.0356e+00	2.8493e-01	1.6299e+00	0.0000e+00
2.0351e+00	2.8435e-01	1.6275e+00	0.0000e+00
2.0355e+00	2.8381e-01	1.6272e+00	0.0000e+00
2.0367e+00	2.8322e-01	1.6333e+00	0.0000e+00
2.0380e+00	2.8272e-01	1.6425e+00	0.0000e+00
2.0388e+00	2.8249e-01	1.6526e+00	0.0000e+00
2.0388e+00	2.8262e-01	1.6629e+00	0.0000e+00
2.0385e+00	2.8285e-01	1.6731e+00	0.0000e+00
2.0380e+00	2.8304e-01	1.6825e+00	0.0000e+00
2.0377e+00	2.8303e-01	1.6906e+00	0.0000e+00
2.0380e+00	2.8288e-01	1.6996e+00	0.0000e+00
2.0388e+00	2.8253e-01	1.7139e+00	0.0000e+00
2.0400e+00	2.8203e-01	1.7354e+00	0.0000e+00
2.0411e+00	2.8157e-01	1.7620e+00	0.0000e+00
2.0415e+00	2.8122e-01	1.7968e+00	0.0000e+00
2.0406e+00	2.8119e-01	1.8306e+00	0.0000e+00
2.0391e+00	2.8146e-01	1.8502e+00	0.0000e+00
2.0375e+00	2.8187e-01	1.8689e+00	0.0000e+00
2.0361e+00	2.8236e-01	1.8964e+00	0.0000e+00
2.0352e+00	2.8299e-01	1.9180e+00	0.0000e+00
2.0350e+00	2.8362e-01	1.9311e+00	0.0000e+00
2.0365e+00	2.8368e-01	1.9437e+00	0.0000e+00
2.0394e+00	2.8306e-01	1.9555e+00	0.0000e+00
2.0430e+00	2.8218e-01	1.9651e+00	0.0000e+00
2.0459e+00	2.8196e-01	1.9718e+00	0.0000e+00
2.0484e+00	2.8231e-01	1.9770e+00	0.0000e+00
2.0514e+00	2.8274e-01	1.9840e+00	0.0000e+00
2.0548e+00	2.8323e-01	1.9960e+00	0.0000e+00
2.0580e+00	2.8380e-01	2.0134e+00	0.0000e+00
2.0602e+00	2.8443e-01	2.0327e+00	0.0000e+00
2.0612e+00	2.8499e-01	2.0503e+00	0.0000e+00
2.0617e+00	2.8538e-01	2.0672e+00	0.0000e+00
2.0620e+00	2.8560e-01	2.0836e+00	0.0000e+00
2.0623e+00	2.8573e-01	2.0897e+00	0.0000e+00
2.0629e+00	2.8605e-01	2.0800e+00	0.0000e+00
2.0637e+00	2.8682e-01	2.0673e+00	0.0000e+00
2.0643e+00	2.8785e-01	2.0724e+00	0.0000e+00
2.0648e+00	2.8901e-01	2.0865e+00	0.0000e+00
2.0657e+00	2.8994e-01	2.1015e+00	0.0000e+00
2.0672e+00	2.9060e-01	2.1132e+00	0.0000e+00
2.0691e+00	2.9105e-01	2.1200e+00	0.0000e+00
2.0712e+00	2.9136e-01	2.1227e+00	0.0000e+00
2.0726e+00	2.9162e-01	2.1201e+00	0.0000e+00
2.0723e+00	2.9182e-01	2.1115e+00	0.0000e+00
2.0704e+00	2.9208e-01	2.0998e+00	0.0000e+00
2.0673e+00	2.9235e-01	2.0852e+00	0.0000e+00
2.0639e+00	2.9250e-01	2.0684e+00	0.0000e+00
2.0609e+00	2.9247e-01	2.0508e+00	0.0000e+00
2.0577e+00	2.9246e-01	2.0346e+00	0.0000e+00
2.0530e+00	2.9281e-01	2.0207e+00	0.0000e+00
2.0478e+00	2.9326e-01	2.0108e+00	0.0000e+00
2.0442e+00	2.9335e-01	2.0067e+00	0.0000e+00
2.0435e+00	2.9330e-01	2.0091e+00	0.0000e+00
2.0453e+00	2.9314e-01	2.0174e+00	0.0000e+00
2.0484e+00	2.9292e-01	2.0336e+00	0.0000e+00
2.0510e+00	2.9286e-01	2.0515e+00	0.0000e+00
2.0516e+00	2.9298e-01	2.0644e+00	0.0000e+00
2.0520e+00	2.9304e-01	2.0742e+00	0.0000e+00
2.0529e+00	2.9313e-01	2.0800e+00	0.0000e+00
2.0540e+00	2.9327e-01	2.0817e+00	0.0000e+00
2.0551e+00	2.9351e-01	2.0803e+00	0.0000e+00
2.0557e+00	2.9385e-01	2.0769e+00	0.0000e+00
2.0561e+00	2.9420e-01	2.0718e+00	0.0000e+00
2.0563e+00	2.9457e-01	2.0652e+00	0.0000e+00
2.0566e+00	2.9500e-01	2.0576e+00	0.0000e+00
2.0570e+00	2.9557e-01	2.0492e+00	0.0000e+00
2.0575e+00	2.9611e-01	2.0400e+00	0.0000e+00
2.0588e+00	2.9640e-01	2.0295e+00	0.0000e+00
2.0610e+00	2.9657e-01	2.0175e+00	0.0000e+00
2.0641e+00	2.9690e-01	2.0044e+00	0.0000e+00
2.0679e+00	2.9721e-01	1.9906e+00	0.0000e+00
2.0729e+00	2.9718e-01	1.9766e+00	0.0000e+00
2.0791e+00	2.9676e-01	1.9627e+00	0.0000e+00
2.0858e+00	2.9611e-01	1.9486e+00	0.0000e+00
2.0923e+00	2.9550e-01	1.9315e+00	0.0000e+00
2.0978e+00	2.9548e-01	1.9141e+00	0.0000e+00
2.1032e+00	2.9581e-01	1.8954e+00	0.0000e+00
2.1098e+00	2.9580e-01	1.8802e+00	0.0000e+00
2.1164e+00	2.9554e-01	1.8700e+00	0.0000e+00
2.1219e+00	2.9516e-01	1.8610e+00	0.0000e+00
2.1254e+00	2.9481e-01	1.8547e+00	0.0000e+00
2.1267e+00	2.9469e-01	1.8465e+00	0.0000e+00
2.1272e+00	2.9479e-01	1.8361e+00	0.0000e+00
2.1276e+00	2.9509e-01	1.8276e+00	0.0000e+00
2.1280e+00	2.9560e-01	1.8189e+00	0.0000e+00
2.1284e+00	2.9635e-01	1.8101e+00	0.0000e+00
2.1292e+00	2.9703e-01	1.8012e+00	0.0000e+00
2.1308e+00	2.9713e-01	1.7925e+00	0.0000e+00
2.1331e+00	2.9660e-01	1.7850e+00	0.0000e+00
2.1356e+00	2.9573e-01	1.7788e+00	0.0000e+00
2.1374e+00	2.9490e-01	1.7730e+00	0.0000e+00
2.1380e+00	2.9481e-01	1.7673e+00	0.0000e+00
2.1377e+00	2.9572e-01	1.7615e+00	0.0000e+00
2.1367e+00	2.9705e-01	1.7556e+00	0.0000e+00
2.1358e+00	2.9819e-01	1.7496e+00	0.0000e+00
2.1351e+00	2.9881e-01	1.7435e+00	0.0000e+00
2.1348e+00	2.9868e-01	1.7374e+00	0.0000e+00
2.1347e+00	2.9828e-01	1.7327e+00	0.0000e+00
2.1345e+00	2.9809e-01	1.7266e+00	0.0000e+00
2.1342e+00	2.9821e-01	1.7205e+00	0.0000e+00
2.1340e+00	2.9868e-01	1.7096e+00	0.0000e+00
2.1341e+00	2.9926e-01	1.6957e+00	0.0000e+00
2.1344e+00	2.9978e-01	1.6868e+00	0.0000e+00
2.1346e+00	3.0012e-01	1.6798e+00	0.0000e+00
2.1345e+00	3.0011e-01	1.6742e+00	0.0000e+00
2.1342e+00	2.9998e-01	1.6699e+00	0.0000e+00
2.1335e+00	2.9993e-01	1.6671e+00	0.0000e+00
2.1329e+00	2.9955e-01	1.6652e+00	0.0000e+00
2.1317e+00	2.9905e-01	1.6633e+00	0.0000e+00
2.1293e+00	2.9883e-01	1.6613e+00	0.0000e+00
2.1260e+00	2.9902e-01	1.6592e+00	0.0000e+00
2.1221e+00	2.9951e-01	1.6568e+00	0.0000e+00
2.1187e+00	3.0007e-01	1.6544e+00	0.0000e+00
2.1165e+00	3.0046e-01	1.6528e+00	0.0000e+00
2.1155e+00	3.0063e-01	1.6513e+00	0.0000e+00
2.1147e+00	3.0068e-01	1.6485e+00	0.0000e+00
2.1145e+00	3.0049e-01	1.6432e+00	0.0000e+00
2.1151e+00	3.0004e-01	1.6367e+00	0.0000e+00
2.1166e+00	2.9932e-01	1.6292e+00	0.0000e+00
2.1181e+00	2.9838e-01	1.6232e+00	0.0000e+00
2.1186e+00	2.9761e-01	1.6191e+00	0.0000e+00
2.1177e+00	2.9720e-01	1.6158e+00	0.0000e+00
2.1148e+00	2.9706e-01	1.6136e+00	0.0000e+00
2.1102e+00	2.9714e-01	1.6114e+00	0.0000e+00
2.1047e+00	2.9728e-01	1.6089e+00	0.0000e+00
2.0995e+00	2.9730e-01	1.6036e+00	0.0000e+00
2.0949e+00	2.9718e-01	1.6025e+00	0.0000e+00
2.0911e+00	2.9692e-01	1.6065e+00	0.0000e+00
2.0871e+00	2.9675e-01	1.6114e+00	0.0000e+00
2.0819e+00	2.9674e-01	1.6161e+00	0.0000e+00
2.0766e+00	2.9690e-01	1.6203e+00	0.0000e+00
2.0723e+00	2.9721e-01	1.6251e+00	0.0000e+00
2.0698e+00	2.9765e-01	1.6312e+00	0.0000e+00
2.0692e+00	2.9819e-01	1.6392e+00	0.0000e+00
2.0692e+00	2.9865e-01	1.6500e+00	0.0000e+00
2.0685e+00	2.9909e-01	1.6632e+00	0.0000e+00
2.0661e+00	2.9950e-01	1.6782e+00	0.0000e+00
2.0618e+00	2.9982e-01	1.6950e+00	0.0000e+00
2.0557e+00	3.0021e-01	1.7177e+00	0.0000e+00
2.0491e+00	3.0090e-01	1.7421e+00	0.0000e+00
2.0433e+00	3.0162e-01	1.7628e+00	0.0000e+00
2.0383e+00	3.0222e-01	1.7832e+00	0.0000e+00
2.0332e+00	3.0290e-01	1.8017e+00	0.0000e+00
2.0285e+00	3.0371e-01	1.8138e+00	0.0000e+00
2.0245e+00	3.0430e-01	1.8036e+00	0.0000e+00
2.0209e+00	3.0440e-01	1.7869e+00	0.0000e+00
2.0181e+00	3.0399e-01	1.7799e+00	0.0000e+00
2.0156e+00	3.0325e-01	1.7773e+00	0.0000e+00
2.0128e+00	3.0256e-01	1.7653e+00	0.0000e+00
2.0092e+00	3.0230e-01	1.7504e+00	0.0000e+00
2.0050e+00	3.0245e-01	1.7432e+00	0.0000e+00
2.0003e+00	3.0285e-01	1.7468e+00	0.0000e+00
1.9959e+00	3.0324e-01	1.7541e+00	0.0000e+00
1.9927e+00	3.0345e-01	1.7555e+00	0.0000e+00
1.9900e+00	3.0351e-01	1.7564e+00	0.0000e+00
1.9872e+00	3.0351e-01	1.7683e+00	0.0000e+00
1.9844e+00	3.0345e-01	1.7899e+00	0.0000e+00
1.9819e+00	3.0347e-01	1.8183e+00	0.0000e+00
1.9805e+00	3.0348e-01	1.8618e+00	0.0000e+00
1.9799e+00	3.0361e-01	1.9123e+00	0.0000e+00
1.9798e+00	3.0362e-01	1.9442e+00	0.0000e+00
1.9795e+00	3.0350e-01	1.9869e+00	0.0000e+00
1.9788e+00	3.0327e-01	2.0356e+00	0.0000e+00
1.9778e+00	3.0284e-01	2.0660e+00	0.0000e+00
1.9764e+00	3.0226e-01	2.0878e+00	0.0000e+00
1.9746e+00	3.0173e-01	2.1006e+00	0.0000e+00
1.9720e+00	3.0139e-01	2.1051e+00	0.0000e+00
1.9687e+00	3.0121e-01	2.1019e+00	0.0000e+00
1.9656e+00	3.0114e-01	2.0939e+00	0.0000e+00
1.9630e+00	3.0100e-01	2.0844e+00	0.0000e+00
1.9606e+00	3.0074e-01	2.0746e+00	0.0000e+00
1.9575e+00	3.0060e-01	2.0647e+00	0.0000e+00
1.9536e+00	3.0030e-01	2.0548e+00	0.0000e+00
1.9498e+00	2.9962e-01	2.0452e+00	0.0000e+00
1.9468e+00	2.9847e-01	2.0361e+00	0.0000e+00
1.9445e+00	2.9730e-01	2.0275e+00	0.0000e+00
1.9419e+00	2.9662e-01	2.0190e+00	0.0000e+00
1.9391e+00	2.9627e-01	2.0103e+00	0.0000e+00
1.9364e+00	2.9605e-01	2.0012e+00	0.0000e+00
1.9340e+00	2.9590e-01	1.9892e+00	0.0000e+00
1.9323e+00	2.9562e-01	1.9760e+00	0.0000e+00
1.9314e+00	2.9534e-01	1.9643e+00	0.0000e+00
1.9313e+00	2.9504e-01	1.9519e+00	0.0000e+00
1.9320e+00	2.9451e-01	1.9391e+00	0.0000e+00
1.9336e+00	2.9350e-01	1.9264e+00	0.0000e+00
1.9359e+00	2.9186e-01	1.9141e+00	0.0000e+00
1.9385e+00	2.8991e-01	1.9023e+00	0.0000e+00
1.9404e+00	2.8814e-01	1.8911e+00	0.0000e+00
1.9407e+00	2.8702e-01	1.8805e+00	0.0000e+00
1.9393e+00	2.8660e-01	1.8700e+00	0.0000e+00
1.9374e+00	2.8661e-01	1.8550e+00	0.0000e+00
1.9362e+00	2.8668e-01	1.8385e+00	0.0000e+00
1.9355e+00	2.8683e-01	1.8245e+00	0.0000e+00
1.9350e+00	2.8710e-01	1.8126e+00	0.0000e+00
1.9340e+00	2.8746e-01	1.8019e+00	0.0000e+00
1.9325e+00	2.8784e-01	1.7888e+00	0.0000e+00
1.9309e+00	2.8811e-01	1.7769e+00	0.0000e+00
1.9302e+00	2.8827e-01	1.7654e+00	0.0000e+00
1.9313e+00	2.8839e-01	1.7552e+00	0.0000e+00
1.9338e+00	2.8840e-01	1.7520e+00	0.0000e+00
1.9359e+00	2.8838e-01	1.7522e+00	0.0000e+00
1.9354e+00	2.8877e-01	1.7570e+00	0.0000e+00
1.9316e+00	2.8932e-01	1.7629e+00	0.0000e+00
1.9253e+00	2.9000e-01	1.7680e+00	0.0000e+00
1.9187e+00	2.9067e-01	1.7710e+00	0.0000e+00
1.9137e+00	2.9133e-01	1.7717e+00	0.0000e+00
1.9110e+00	2.9210e-01	1.7703e+00	0.0000e+00
1.9090e+00	2.9280e-01	1.7666e+00	0.0000e+00
1.9070e+00	2.9307e-01	1.7613e+00	0.0000e+00
1.9051e+00	2.9313e-01	1.7545e+00	0.0000e+00
1.9039e+00	2.9309e-01	1.7462e+00	0.0000e+00
1.9036e+00	2.9300e-01	1.7371e+00	0.0000e+00
1.9042e+00	2.9297e-01	1.7276e+00	0.0000e+00
1.9053e+00	2.9328e-01	1.7189e+00	0.0000e+00
1.9068e+00	2.9408e-01	1.7115e+00	0.0000e+00
1.9093e+00	2.9503e-01	1.7056e+00	0.0000e+00
1.9125e+00	2.9587e-01	1.7017e+00	0.0000e+00
1.9156e+00	2.9662e-01	1.6983e+00	0.0000e+00
1.9179e+00	2.9688e-01	1.6945e+00	0.0000e+00
1.9195e+00	2.9673e-01	1.6913e+00	0.0000e+00
1.9201e+00	2.9656e-01	1.6943e+00	0.0000e+00
1.9191e+00	2.9681e-01	1.6994e+00	0.0000e+00
1.9164e+00	2.9746e-01	1.7047e+00	0.0000e+00
1.9127e+00	2.9829e-01	1.7098e+00	0.0000e+00
1.9089e+00	2.9900e-01	1.7148e+00	0.0000e+00
1.9054e+00	2.9910e-01	1.7198e+00	0.0000e+00
1.9012e+00	2.9882e-01	1.7251e+00	0.0000e+00
1.8955e+00	2.9862e-01	1.7307e+00	0.0000e+00
1.8898e+00	2.9826e-01	1.7367e+00	0.0000e+00
1.8854e+00	2.9778e-01	1.7425e+00	0.0000e+00
1.8825e+00	2.9734e-01	1.7483e+00	0.0000e+00
1.8812e+00	2.9700e-01	1.7547e+00	0.0000e+00
1.8799e+00	2.9683e-01	1.7630e+00	0.0000e+00
1.8780e+00	2.9678e-01	1.7748e+00	0.0000e+00
1.8760e+00	2.9667e-01	1.7908e+00	0.0000e+00
1.8744e+00	2.9630e-01	1.8110e+00	0.0000e+00
1.8734e+00	2.9572e-01	1.8346e+00	0.0000e+00
1.8724e+00	2.9537e-01	1.8594e+00	0.0000e+00
1.8718e+00	2.9533e-01	1.8834e+00	0.0000e+00
1.8722e+00	2.9539e-01	1.9077e+00	0.0000e+00
1.8742e+00	2.9535e-01	1.9216e+00	0.0000e+00
1.8772e+00	2.9476e-01	1.9294e+00	0.0000e+00
1.8803e+00	2.9329e-01	1.9337e+00	0.0000e+00
1.8826e+00	2.9147e-01	1.9333e+00	0.0000e+00
1.8842e+00	2.8977e-01	1.9308e+00	0.0000e+00
1.8855e+00	2.8831e-01	1.9270e+00	0.0000e+00
1.8866e+00	2.8731e-01	1.9225e+00	0.0000e+00
1.8877e+00	2.8670e-01	1.9167e+00	0.0000e+00
1.8891e+00	2.8627e-01	1.9096e+00	0.0000e+00
1.8916e+00	2.8563e-01	1.9016e+00	0.0000e+00
1.8953e+00	2.8459e-01	1.8931e+00	0.0000e+00
1.8995e+00	2.8349e-01	1.8842e+00	0.0000e+00
1.9035e+00	2.8269e-01	1.8746e+00	0.0000e+00
1.9070e+00	2.8223e-01	1.8642e+00	0.0000e+00
1.9095e+00	2.8202e-01	1.8533e+00	0.0000e+00
1.9109e+00	2.8211e-01	1.8425e+00	0.0000e+00
1.9121e+00	2.8264e-01	1.8322e+00	0.0000e+00
1.9139e+00	2.8312e-01	1.8226e+00	0.0000e+00
1.9169e+00	2.8350e-01	1.8117e+00	0.0000e+00
1.9204e+00	2.8377e-01	1.8018e+00	0.0000e+00
1.9234e+00	2.8388e-01	1.7963e+00	0.0000e+00
1.9254e+00	2.8377e-01	1.7893e+00	0.0000e+00
1.9261e+00	2.8348e-01	1.7825e+00	0.0000e+00
1.9264e+00	2.8327e-01	1.7764e+00	0.0000e+00
1.9262e+00	2.8333e-01	1.7693e+00	0.0000e+00
1.9254e+00	2.8368e-01	1.7644e+00	0.0000e+00
1.9239e+00	2.8416e-01	1.7601e+00	0.0000e+00
1.9222e+00	2.8474e-01	1.7566e+00	0.0000e+00
1.9207e+00	2.8544e-01	1.7541e+00	0.0000e+00
1.9198e+00	2.8630e-01	1.7519e+00	0.0000e+00
1.9202e+00	2.8714e-01	1.7490e+00	0.0000e+00
1.9218e+00	2.8735e-01	1.7439e+00	0.0000e+00
1.9242e+00	2.8692e-01	1.7380e+00	0.0000e+00
1.9271e+00	2.8608e-01	1.7337e+00	0.0000e+00
1.9297e+00	2.8519e-01	1.7312e+00	0.0000e+00
1.9315e+00	2.8455e-01	1.7298e+00	0.0000e+00
1.9322e+00	2.8436e-01	1.7291e+00	0.0000e+00
1.9322e+00	2.8451e-01	1.7284e+00	0.0000e+00
1.9322e+00	2.8461e-01	1.7271e+00	0.0000e+00
1.9327e+00	2.8454e-01	1.7250e+00	0.0000e+00
1.9335e+00	2.8429e-01	1.7229e+00	0.0000e+00
1.9345e+00	2.8398e-01	1.7209e+00	0.0000e+00
1.9360e+00	2.8356e-01	1.7197e+00	0.0000e+00
1.9377e+00	2.8299e-01	1.7191e+00	0.0000e+00
1.9391e+00	2.8249e-01	1.7179e+00	0.0000e+00
1.9399e+00	2.8235e-01	1.7153e+00	0.0000e+00
1.9404e+00	2.8285e-01	1.7121e+00	0.0000e+00
1.9414e+00	2.8414e-01	1.7080e+00	0.0000e+00
1.9433e+00	2.8540e-01	1.7033e+00	0.0000e+00
1.9455e+00	2.8557e-01	1.6987e+00	0.0000e+00
1.9470e+00	2.8509e-01	1.6944e+00	0.0000e+00
1.9478e+00	2.8462e-01	1.6902e+00	0.0000e+00
1.9482e+00	2.8432e-01	1.6866e+00	0.0000e+00
1.9487e+00	2.8378e-01	1.6834e+00	0.0000e+00
1.9496e+00	2.8323e-01	1.6810e+00	0.0000e+00
1.9507e+00	2.8297e-01	1.6794e+00	0.0000e+00
1.9517e+00	2.8298e-01	1.6787e+00	0.0000e+00
1.9528e+00	2.8303e-01	1.6783e+00	0.0000e+00
1.9539e+00	2.8299e-01	1.6782e+00	0.0000e+00
1.9548e+00	2.8283e-01	1.6785e+00	0.0000e+00
1.9556e+00	2.8254e-01	1.6806e+00	0.0000e+00
1.9558e+00	2.8222e-01	1.6849e+00	0.0000e+00
1.9551e+00	2.8203e-01	1.6893e+00	0.0000e+00
1.9531e+00	2.8214e-01	1.6942e+00	0.0000e+00
1.9506e+00	2.8226e-01	1.7000e+00	0.0000e+00
1.9485e+00	2.8210e-01	1.7076e+00	0.0000e+00
1.9470e+00	2.8179e-01	1.7172e+00	0.0000e+00
1.9458e+00	2.8167e-01	1.7282e+00	0.0000e+00
1.9446e+00	2.8174e-01	1.7397e+00	0.0000e+00
1.9442e+00	2.8162e-01	1.7513e+00	0.0000e+00
1.9448e+00	2.8140e-01	1.7619e+00	0.0000e+00
1.9467e+00	2.8121e-01	1.7708e+00	0.0000e+00
1.9490e+00	2.8114e-01	1.7778e+00	0.0000e+00
1.9508e+00	2.8120e-01	1.7827e+00	1.0000e+00
1.9514e+00	2.8124e-01	1.7856e+00	0.0000e+00
1.9514e+00	2.8107e-01	1.7868e+00	0.0000e+00
1.9515e+00	2.8086e-01	1.7847e+00	0.0000e+00
1.9515e+00	2.8082e-01	1.7808e+00	0.0000e+00
1.9509e+00	2.8112e-01	1.7774e+00	0.0000e+00
1.9500e+00	2.8189e-01	1.7757e+00	0.0000e+00
1.9493e+00	2.8274e-01	1.7757e+00	0.0000e+00
1.9492e+00	2.8357e-01	1.7765e+00	0.0000e+00
1.9497e+00	2.8450e-01	1.7765e+00	0.0000e+00
1.9507e+00	2.8544e-01	1.7749e+00	0.0000e+00
1.9523e+00	2.8615e-01	1.7716e+00	0.0000e+00
1.9548e+00	2.8647e-01	1.7672e+00	0.0000e+00
1.9584e+00	2.8628e-01	1.7624e+00	0.0000e+00
1.9629e+00	2.8580e-01	1.7576e+00	0.0000e+00
1.9675e+00	2.8528e-01	1.7528e+00	0.0000e+00
1.9717e+00	2.8481e-01	1.7485e+00	0.0000e+00
1.9755e+00	2.8460e-01	1.7447e+00	0.0000e+00
1.9793e+00	2.8464e-01	1.7416e+00	0.0000e+00
1.9830e+00	2.8505e-01	1.7389e+00	0.0000e+00
1.9859e+00	2.8604e-01	1.7364e+00	0.0000e+00
1.9870e+00	2.8737e-01	1.7337e+00	0.0000e+00
1.9866e+00	2.8870e-01	1.7309e+00	0.0000e+00
1.9858e+00	2.8954e-01	1.7278e+00	0.0000e+00
1.9855e+00	2.9010e-01	1.7244e+00	0.0000e+00
1.9861e+00	2.9053e-01	1.7208e+00	0.0000e+00
1.9871e+00	2.9076e-01	1.7170e+00	0.0000e+00
1.9876e+00	2.9083e-01	1.7132e+00	0.0000e+00
1.9874e+00	2.9089e-01	1.7082e+00	0.0000e+00
1.9865e+00	2.9079e-01	1.7039e+00	0.0000e+00
1.9856e+00	2.9063e-01	1.7002e+00	0.0000e+00
1.9852e+00	2.9046e-01	1.6966e+00	0.0000e+00
1.9861e+00	2.9038e-01	1.6941e+00	0.0000e+00
1.9877e+00	2.9047e-01	1.6940e+00	0.0000e+00
1.9891e+00	2.9067e-01	1.6960e+00	0.0000e+00
1.9892e+00	2.9083e-01	1.6981e+00	0.0000e+00
1.9874e+00	2.9079e-01	1.6990e+00	0.0000e+00
1.9845e+00	2.9060e-01	1.6988e+00	0.0000e+00
1.9822e+00	2.9030e-01	1.6975e+00	0.0000e+00
1.9815e+00	2.9000e-01	1.6956e+00	0.0000e+00
1.9826e+00	2.8968e-01	1.6934e+00	0.0000e+00
1.9842e+00	2.8960e-01	1.6912e+00	0.0000e+00
1.9860e+00	2.8976e-01	1.6891e+00	0.0000e+00
1.9878e+00	2.8984e-01	1.6870e+00	0.0000e+00
1.9896e+00	2.8954e-01	1.6849e+00	0.0000e+00
1.9915e+00	2.8932e-01	1.6825e+00	0.0000e+00
1.9937e+00	2.8924e-01	1.6790e+00	0.0000e+00
1.9957e+00	2.8926e-01	1.6737e+00	0.0000e+00
1.9974e+00	2.8943e-01	1.6680e+00	0.0000e+00
1.9990e+00	2.8935e-01	1.6638e+00	0.0000e+00
2.0005e+00	2.8882e-01	1.6616e+00	0.0000e+00
2.0011e+00	2.8780e-01	1.6607e+00	0.0000e+00
2.0000e+00	2.8657e-01	1.6600e+00	0.0000e+00
1.9969e+00	2.8537e-01	1.6592e+00	0.0000e+00
1.9926e+00	2.8432e-01	1.6581e+00	0.0000e+00
1.9883e+00	2.8363e-01	1.6570e+00	0.0000e+00
1.9844e+00	2.8320e-01	1.6562e+00	0.0000e+00
1.9809e+00	2.8296e-01	1.6559e+00	0.0000e+00
1.9777e+00	2.8273e-01	1.6559e+00	0.0000e+00
1.9746e+00	2.8254e-01	1.6572e+00	0.0000e+00
1.9719e+00	2.8248e-01	1.6603e+00	0.0000e+00
1.9698e+00	2.8237e-01	1.6654e+00	0.0000e+00
1.9686e+00	2.8217e-01	1.6728e+00	0.0000e+00
1.9684e+00	2.8192e-01	1.6815e+00	0.0000e+00
1.9684e+00	2.8156e-01	1.6910e+00	0.0000e+00
1.9676e+00	2.8127e-01	1.7007e+00	0.0000e+00
1.9671e+00	2.8088e-01	1.7089e+00	0.0000e+00
1.9685e+00	2.8043e-01	1.7149e+00	0.0000e+00
1.9723e+00	2.7986e-01	1.7197e+00	0.0000e+00
1.9781e+00	2.7912e-01	1.7259e+00	0.0000e+00
1.9844e+00	2.7826e-01	1.7317e+00	0.0000e+00
1.9899e+00	2.7741e-01	1.7393e+00	0.0000e+00
1.9932e+00	2.7671e-01	1.7506e+00	0.0000e+00
1.9942e+00	2.7636e-01	1.7604e+00	0.0000e+00
1.9941e+00	2.7599e-01	1.7700e+00	0.0000e+00
1.9933e+00	2.7564e-01	1.7787e+00	0.0000e+00
1.9914e+00	2.7548e-01	1.7862e+00	0.0000e+00
1.9885e+00	2.7541e-01	1.7924e+00	0.0000e+00
1.9851e+00	2.7527e-01	1.7983e+00	0.0000e+00
1.9824e+00	2.7506e-01	1.8048e+00	0.0000e+00
1.9807e+00	2.7490e-01	1.8132e+00	0.0000e+00
1.9797e+00	2.7502e-01	1.8238e+00	0.0000e+00
1.9790e+00	2.7557e-01	1.8357e+00	0.0000e+00
1.9784e+00	2.7641e-01	1.8477e+00	0.0000e+00
1.9781e+00	2.7693e-01	1.8581e+00	0.0000e+00
1.9779e+00	2.7692e-01	1.8657e+00	0.0000e+00
1.9771e+00	2.7674e-01	1.8697e+00	0.0000e+00
1.9753e+00	2.7666e-01	1.8703e+00	0.0000e+00
1.9723e+00	2.7660e-01	1.8681e+00	0.0000e+00
1.9684e+00	2.7649e-01	1.8642e+00	0.0000e+00
1.9642e+00	2.7629e-01	1.8574e+00	0.0000e+00
1.9609e+00	2.7609e-01	1.8496e+00	0.0000e+00
1.9592e+00	2.7572e-01	1.8436e+00	0.0000e+00
1.9580e+00	2.7481e-01	1.8385e+00	0.0000e+00
1.9555e+00	2.7408e-01	1.8357e+00	0.0000e+00
1.9518e+00	2.7347e-01	1.8363e+00	0.0000e+00
1.9474e+00	2.7289e-01	1.8412e+00	0.0000e+00
1.9436e+00	2.7241e-01	1.8510e+00	0.0000e+00
1.9410e+00	2.7214e-01	1.8646e+00	0.0000e+00
1.9398e+00	2.7193e-01	1.8790e+00	0.0000e+00
1.9395e+00	2.7155e-01	1.8923e+00	0.0000e+00
1.9393e+00	2.7096e-01	1.9032e+00	0.0000e+00
1.9388e+00	2.7030e-01	1.9108e+00	0.0000e+00
1.9387e+00	2.7014e-01	1.9149e+00	0.0000e+00
1.9380e+00	2.6998e-01	1.9161e+00	0.0000e+00
1.9372e+00	2.6978e-01	1.9151e+00	0.0000e+00
1.9366e+00	2.6943e-01	1.9130e+00	0.0000e+00
1.9364e+00	2.6897e-01	1.9105e+00	0.0000e+00
1.9362e+00	2.6876e-01	1.9078e+00	0.0000e+00
1.9356e+00	2.6891e-01	1.9047e+00	0.0000e+00
1.9350e+00	2.6927e-01	1.9008e+00	0.0000e+00
1.9345e+00	2.6967e-01	1.8976e+00	0.0000e+00
1.9345e+00	2.7001e-01	1.8944e+00	0.0000e+00
1.9351e+00	2.7022e-01	1.8898e+00	0.0000e+00
1.9361e+00	2.7034e-01	1.8849e+00	0.0000e+00
1.9351e+00	2.7053e-01	1.8786e+00	0.0000e+00
1.9334e+00	2.7122e-01	1.8711e+00	0.0000e+00
1.9310e+00	2.7223e-01	1.8625e+00	0.0000e+00
1.9278e+00	2.7314e-01	1.8533e+00	0.0000e+00
1.9244e+00	2.7372e-01	1.8437e+00	0.0000e+00
1.9222e+00	2.7376e-01	1.8339e+00	0.0000e+00
1.9222e+00	2.7355e-01	1.8245e+00	0.0000e+00
1.9243e+00	2.7302e-01	1.8153e+00	0.0000e+00
1.9276e+00	2.7193e-01	1.8067e+00	0.0000e+00
1.9307e+00	2.7007e-01	1.7984e+00	0.0000e+00
1.9328e+00	2.6819e-01	1.7903e+00	0.0000e+00
1.9338e+00	2.6723e-01	1.7822e+00	0.0000e+00
1.9345e+00	2.6715e-01	1.7743e+00	0.0000e+00
1.9354e+00	2.6744e-01	1.7670e+00	0.0000e+00
1.9363e+00	2.6779e-01	1.7610e+00	0.0000e+00
1.9381e+00	2.6878e-01	1.7561e+00	0.0000e+00
1.9411e+00	2.7045e-01	1.7509e+00	0.0000e+00
1.9447e+00	2.7273e-01	1.7472e+00	0.0000e+00
1.9480e+00	2.7529e-01	1.7439e+00	0.0000e+00
1.9511e+00	2.7755e-01	1.7399e+00	0.0000e+00
1.9549e+00	2.7926e-01	1.7369e+00	0.0000e+00
1.9596e+00	2.8042e-01	1.7340e+00	0.0000e+00
1.9643e+00	2.8128e-01	1.7315e+00	0.0000e+00
1.9683e+00	2.8211e-01	1.7292e+00	0.0000e+00
1.9712e+00	2.8288e-01	1.7275e+00	0.0000e+00
1.9734e+00	2.8343e-01	1.7261e+00	0.0000e+00
1.9759e+00	2.8377e-01	1.7235e+00	0.0000e+00
1.9787e+00	2.8410e-01	1.7187e+00	0.0000e+00
1.9812e+00	2.8437e-01	1.7144e+00	0.0000e+00
1.9834e+00	2.8450e-01	1.7109e+00	0.0000e+00
1.9853e+00	2.8490e-01	1.7085e+00	0.0000e+00
1.9859e+00	2.8572e-01	1.7078e+00	0.0000e+00
1.9849e+00	2.8684e-01	1.7085e+00	0.0000e+00
1.9828e+00	2.8814e-01	1.7097e+00	0.0000e+00
1.9804e+00	2.8950e-01	1.7108e+00	0.0000e+00
1.9791e+00	2.9066e-01	1.7112e+00	0.0000e+00
1.9807e+00	2.9130e-01	1.7109e+00	0.0000e+00
1.9849e+00	2.9166e-01	1.7100e+00	0.0000e+00
1.9902e+00	2.9176e-01	1.7082e+00	0.0000e+00
1.9954e+00	2.9163e-01	1.7059e+00	0.0000e+00
1.9994e+00	2.9118e-01	1.7041e+00	0.0000e+00
2.0018e+00	2.9037e-01	1.7019e+00	0.0000e+00
2.0032e+00	2.8978e-01	1.7000e+00	0.0000e+00
2.0040e+00	2.8973e-01	1.6986e+00	0.0000e+00
2.0048e+00	2.9018e-01	1.6972e+00	0.0000e+00
2.0059e+00	2.9074e-01	1.6957e+00	0.0000e+00
2.0070e+00	2.9105e-01	1.6940e+00	0.0000e+00
2.0075e+00	2.9123e-01	1.6924e+00	0.0000e+00
2.0069e+00	2.9143e-01	1.6910e+00	0.0000e+00
2.0053e+00	2.9167e-01	1.6895e+00	0.0000e+00
2.0033e+00	2.9212e-01	1.6880e+00	0.0000e+00
2.0013e+00	2.9296e-01	1.6864e+00	0.0000e+00
1.9995e+00	2.9407e-01	1.6847e+00	0.0000e+00
1.9975e+00	2.9515e-01	1.6830e+00	0.0000e+00
1.9965e+00	2.9575e-01	1.6814e+00	0.0000e+00
1.9940e+00	2.9523e-01	1.6797e+00	0.0000e+00
1.9926e+00	2.9450e-01	1.6780e+00	0.0000e+00
1.9922e+00	2.9384e-01	1.6760e+00	0.0000e+00
1.9925e+00	2.9370e-01	1.6741e+00	0.0000e+00
1.9927e+00	2.9376e-01	1.6725e+00	0.0000e+00
1.9930e+00	2.9372e-01	1.6709e+00	0.0000e+00
1.9935e+00	2.9351e-01	1.6693e+00	0.0000e+00
1.9945e+00	2.9324e-01	1.6677e+00	0.0000e+00
1.9956e+00	2.9301e-01	1.6661e+00	0.0000e+00
1.9968e+00	2.9289e-01	1.6646e+00	0.0000e+00
2.0013e+00	2.9294e-01	1.6632e+00	0.0000e+00
2.0041e+00	2.9301e-01	1.6618e+00	0.0000e+00
2.0049e+00	2.9303e-01	1.6605e+00	0.0000e+00
2.0040e+00	2.9298e-01	1.6594e+00	0.0000e+00
2.0022e+00	2.9302e-01	1.6584e+00	0.0000e+00
2.0010e+00	2.9295e-01	1.6576e+00	0.0000e+00
2.0019e+00	2.9256e-01	1.6572e+00	0.0000e+00
2.0049e+00	2.9212e-01	1.6571e+00	0.0000e+00
2.0084e+00	2.9191e-01	1.6573e+00	0.0000e+00
2.0115e+00	2.9205e-01	1.6580e+00	0.0000e+00
2.0139e+00	2.9248e-01	1.6588e+00	0.0000e+00
2.0169e+00	2.9272e-01	1.6597e+00	0.0000e+00
2.0205e+00	2.9237e-01	1.6605e+00	0.0000e+00
2.0246e+00	2.9158e-01	1.6613e+00	0.0000e+00
2.0291e+00	2.9112e-01	1.6622e+00	0.0000e+00
2.0330e+00	2.9102e-01	1.6630e+00	0.0000e+00
2.0355e+00	2.9104e-01	1.6635e+00	0.0000e+00
2.0364e+00	2.9097e-01	1.6639e+00	0.0000e+00
2.0359e+00	2.9081e-01	1.6642e+00	0.0000e+00
2.0341e+00	2.9108e-01	1.6645e+00	0.0000e+00
2.0321e+00	2.9161e-01	1.6648e+00	0.0000e+00
2.0303e+00	2.9221e-01	1.6652e+00	0.0000e+00
2.0290e+00	2.9282e-01	1.6655e+00	0.0000e+00
2.0284e+00	2.9330e-01	1.6660e+00	0.0000e+00
2.0285e+00	2.9367e-01	1.6656e+00	0.0000e+00
2.0290e+00	2.9413e-01	1.6620e+00	0.0000e+00
2.0298e+00	2.9468e-01	1.6520e+00	0.0000e+00
2.0311e+00	2.9528e-01	1.6435e+00	0.0000e+00
2.0326e+00	2.9592e-01	1.6395e+00	0.0000e+00
2.0343e+00	2.9641e-01	1.6395e+00	0.0000e+00
2.0352e+00	2.9662e-01	1.6422e+00	0.0000e+00
2.0351e+00	2.9693e-01	1.6456e+00	0.0000e+00
2.0347e+00	2.9750e-01	1.6487e+00	0.0000e+00
2.0347e+00	2.9813e-01	1.6508e+00	0.0000e+00
2.0356e+00	2.9889e-01	1.6521e+00	0.0000e+00
2.0375e+00	2.9972e-01	1.6528e+00	0.0000e+00
2.0393e+00	3.0072e-01	1.6537e+00	0.0000e+00
2.0394e+00	3.0168e-01	1.6554e+00	0.0000e+00
2.0376e+00	3.0267e-01	1.6574e+00	0.0000e+00
2.0339e+00	3.0382e-01	1.6585e+00	0.0000e+00
2.0294e+00	3.0514e-01	1.6584e+00	0.0000e+00
2.0258e+00	3.0616e-01	1.6579e+00	0.0000e+00
2.0253e+00	3.0673e-01	1.6574e+00	0.0000e+00
2.0289e+00	3.0676e-01	1.6573e+00	0.0000e+00
2.0356e+00	3.0665e-01	1.6571e+00	0.0000e+00
2.0440e+00	3.0659e-01	1.6571e+00	0.0000e+00
2.0459e+00	3.0705e-01	1.6569e+00	0.0000e+00
2.0479e+00	3.0761e-01	1.6563e+00	0.0000e+00
2.0499e+00	3.0833e-01	1.6555e+00	0.0000e+00
2.0517e+00	3.0914e-01	1.6546e+00	0.0000e+00
2.0536e+00	3.0989e-01	1.6536e+00	0.0000e+00
2.0558e+00	3.1040e-01	1.6526e+00	0.0000e+00
2.0584e+00	3.1057e-01	1.6515e+00	0.0000e+00
2.0609e+00	3.1029e-01	1.6500e+00	0.0000e+00
2.0629e+00	3.1005e-01	1.6488e+00	0.0000e+00
2.0643e+00	3.1020e-01	1.6477e+00	0.0000e+00
2.0649e+00	3.1053e-01	1.6466e+00	0.0000e+00
2.0725e+00	3.1041e-01	1.6459e+00	0.0000e+00
2.0787e+00	3.1055e-01	1.6453e+00	0.0000e+00
2.0836e+00	3.1102e-01	1.6443e+00	0.0000e+00
2.0874e+00	3.1186e-01	1.6428e+00	0.0000e+00
2.0908e+00	3.1281e-01	1.6408e+00	0.0000e+00
2.0953e+00	3.1335e-01	1.6347e+00	0.0000e+00
2.1020e+00	3.1318e-01	1.6196e+00	0.0000e+00
2.1101e+00	3.1263e-01	1.5985e+00	0.0000e+00
2.1187e+00	3.1217e-01	1.5784e+00	0.0000e+00
2.1265e+00	3.1192e-01	1.5630e+00	0.0000e+00
2.1330e+00	3.1182e-01	1.5567e+00	0.0000e+00
2.1380e+00	3.1190e-01	1.5613e+00	0.0000e+00
2.1414e+00	3.1236e-01	1.5719e+00	0.0000e+00
2.1439e+00	3.1296e-01	1.5828e+00	0.0000e+00
2.1468e+00	3.1361e-01	1.5928e+00	0.0000e+00
2.1502e+00	3.1445e-01	1.5983e+00	0.0000e+00
2.1510e+00	3.1485e-01	1.6006e+00	0.0000e+00
2.1521e+00	3.1559e-01	1.6021e+00	0.0000e+00
2.1535e+00	3.1633e-01	1.6031e+00	0.0000e+00
2.1547e+00	3.1682e-01	1.6049e+00	0.0000e+00
2.1550e+00	3.1695e-01	1.6070e+00	0.0000e+00
2.1544e+00	3.1669e-01	1.6080e+00	0.0000e+00
2.1537e+00	3.1614e-01	1.6077e+00	0.0000e+00
2.1534e+00	3.1547e-01	1.6067e+00	0.0000e+00
2.1532e+00	3.1491e-01	1.6062e+00	0.0000e+00
2.1531e+00	3.1449e-01	1.6063e+00	0.0000e+00
2.1530e+00	3.1421e-01	1.6064e+00	0.0000e+00
2.1527e+00	3.1396e-01	1.6067e+00	0.0000e+00
2.1557e+00	3.1414e-01	1.6066e+00	0.0000e+00
2.1583e+00	3.1397e-01	1.6061e+00	0.0000e+00
2.1601e+00	3.1353e-01	1.6050e+00	0.0000e+00
2.1612e+00	3.1305e-01	1.6033e+00	0.0000e+00
2.1618e+00	3.1266e-01	1.6015e+00	0.0000e+00
2.1616e+00	3.1261e-01	1.5999e+00	0.0000e+00
2.1601e+00	3.1257e-01	1.5985e+00	0.0000e+00
2.1579e+00	3.1243e-01	1.5970e+00	0.0000e+00
2.1555e+00	3.1219e-01	1.5961e+00	0.0000e+00
2.1532e+00	3.1188e-01	1.5959e+00	0.0000e+00
2.1512e+00	3.1164e-01	1.5958e+00	0.0000e+00
2.1494e+00	3.1152e-01	1.5957e+00	0.0000e+00
2.1474e+00	3.1134e-01	1.5956e+00	0.0000e+00
2.1452e+00	3.1083e-01	1.5952e+00	0.0000e+00
2.1435e+00	3.1022e-01	1.5926e+00	0.0000e+00
2.1411e+00	3.0940e-01	1.5821e+00	0.0000e+00
2.1375e+00	3.0824e-01	1.5689e+00	0.0000e+00
2.1339e+00	3.0639e-01	1.5576e+00	0.0000e+00
2.1308e+00	3.0403e-01	1.5448e+00	0.0000e+00
2.1278e+00	3.0197e-01	1.5262e+00	0.0000e+00
2.1236e+00	3.0070e-01	1.4974e+00	0.0000e+00
2.1182e+00	3.0012e-01	1.4592e+00	0.0000e+00
2.1125e+00	2.9969e-01	1.4201e+00	0.0000e+00
2.1078e+00	2.9894e-01	1.3836e+00	0.0000e+00
2.1052e+00	2.9790e-01	1.3504e+00	0.0000e+00
2.1039e+00	2.9672e-01	1.3425e+00	0.0000e+00
2.1030e+00	2.9579e-01	1.3557e+00	0.0000e+00
2.1023e+00	2.9521e-01	1.3802e+00	0.0000e+00
2.1018e+00	2.9508e-01	1.4058e+00	0.0000e+00
2.1015e+00	2.9499e-01	1.4339e+00	0.0000e+00
2.1011e+00	2.9479e-01	1.4618e+00	0.0000e+00
2.1004e+00	2.9475e-01	1.4810e+00	0.0000e+00
2.0998e+00	2.9487e-01	1.4982e+00	0.0000e+00
2.0995e+00	2.9502e-01	1.5143e+00	0.0000e+00
2.0995e+00	2.9521e-01	1.5266e+00	0.0000e+00
2.0990e+00	2.9546e-01	1.5345e+00	0.0000e+00
2.0987e+00	2.9534e-01	1.5357e+00	0.0000e+00
2.0967e+00	2.9543e-01	1.5304e+00	0.0000e+00
2.0937e+00	2.9564e-01	1.5214e+00	0.0000e+00
2.0912e+00	2.9580e-01	1.5185e+00	0.0000e+00
2.0902e+00	2.9587e-01	1.5342e+00	0.0000e+00
2.0912e+00	2.9584e-01	1.5531e+00	0.0000e+00
2.0932e+00	2.9555e-01	1.5641e+00	0.0000e+00
2.0951e+00	2.9486e-01	1.5675e+00	0.0000e+00
2.0965e+00	2.9385e-01	1.5695e+00	0.0000e+00
2.0969e+00	2.9294e-01	1.5725e+00	0.0000e+00
2.0969e+00	2.9480e-01	1.5761e+00	0.0000e+00
2.0963e+00	2.9669e-01	1.5789e+00	0.0000e+00
2.0950e+00	2.9883e-01	1.5808e+00	0.0000e+00
2.0940e+00	3.0109e-01	1.5810e+00	0.0000e+00
2.0943e+00	3.0273e-01	1.5800e+00	0.0000e+00
2.0959e+00	3.0314e-01	1.5778e+00	0.0000e+00
2.0983e+00	3.0257e-01	1.5757e+00	0.0000e+00
2.1000e+00	3.0177e-01	1.5740e+00	0.0000e+00
2.0998e+00	3.0137e-01	1.5728e+00	0.0000e+00
2.1016e+00	3.0203e-01	1.5711e+00	0.0000e+00
2.1048e+00	3.0282e-01	1.5674e+00	0.0000e+00
2.1094e+00	3.0368e-01	1.5606e+00	0.0000e+00
2.1150e+00	3.0422e-01	1.5512e+00	0.0000e+00
2.1210e+00	3.0445e-01	1.5430e+00	0.0000e+00
2.1266e+00	3.0433e-01	1.5418e+00	0.0000e+00
2.1311e+00	3.0386e-01	1.5462e+00	0.0000e+00
2.1344e+00	3.0310e-01	1.5519e+00	0.0000e+00
2.1361e+00	3.0235e-01	1.5560e+00	0.0000e+00
2.1372e+00	3.0175e-01	1.5578e+00	0.0000e+00
2.1359e+00	3.0130e-01	1.5578e+00	0.0000e+00
2.1361e+00	3.0112e-01	1.5565e+00	0.0000e+00
2.1373e+00	3.0123e-01	1.5543e+00	0.0000e+00
2.1394e+00	3.0155e-01	1.5516e+00	0.0000e+00
2.1434e+00	3.0175e-01	1.5482e+00	0.0000e+00
2.1482e+00	3.0191e-01	1.5458e+00	0.0000e+00
2.1520e+00	3.0247e-01	1.5469e+00	0.0000e+00
2.1537e+00	3.0336e-01	1.5480e+00	0.0000e+00
2.1532e+00	3.0403e-01	1.5488e+00	0.0000e+00
2.1521e+00	3.0418e-01	1.5487e+00	0.0000e+00
2.1511e+00	3.0377e-01	1.5475e+00	0.0000e+00
2.1498e+00	3.0313e-01	1.5458e+00	0.0000e+00
2.1475e+00	3.0260e-01	1.5442e+00	0.0000e+00
2.1444e+00	3.0255e-01	1.5429e+00	0.0000e+00
2.1411e+00	3.0293e-01	1.5422e+00	0.0000e+00
2.1387e+00	3.0338e-01	1.5420e+00	0.0000e+00
2.1378e+00	3.0379e-01	1.5419e+00	0.0000e+00
2.1384e+00	3.0422e-01	1.5425e+00	0.0000e+00
2.1401e+00	3.0448e-01	1.5433e+00	0.0000e+00
2.1425e+00	3.0427e-01	1.5447e+00	0.0000e+00
2.1447e+00	3.0385e-01	1.5464e+00	0.0000e+00
2.1470e+00	3.0354e-01	1.5467e+00	0.0000e+00
2.1493e+00	3.0352e-01	1.5459e+00	0.0000e+00
2.1510e+00	3.0405e-01	1.5456e+00	0.0000e+00
2.1517e+00	3.0506e-01	1.5451e+00	0.0000e+00
2.1514e+00	3.0615e-01	1.5438e+00	0.0000e+00
2.1502e+00	3.0677e-01	1.5432e+00	0.0000e+00
2.1484e+00	3.0697e-01	1.5419e+00	0.0000e+00
2.1464e+00	3.0689e-01	1.5435e+00	0.0000e+00
2.1451e+00	3.0670e-01	1.5475e+00	0.0000e+00
2.1451e+00	3.0645e-01	1.5549e+00	0.0000e+00
2.1463e+00	3.0612e-01	1.5659e+00	0.0000e+00
2.1476e+00	3.0562e-01	1.5747e+00	0.0000e+00
2.1481e+00	3.0506e-01	1.5823e+00	0.0000e+00
2.1477e+00	3.0463e-01	1.5864e+00	0.0000e+00
2.1464e+00	3.0435e-01	1.5819e+00	0.0000e+00
2.1448e+00	3.0417e-01	1.5713e+00	0.0000e+00
2.1438e+00	3.0409e-01	1.5555e+00	0.0000e+00
2.1438e+00	3.0400e-01	1.5370e+00	0.0000e+00
2.1449e+00	3.0376e-01	1.5178e+00	0.0000e+00
2.1468e+00	3.0333e-01	1.5072e+00	0.0000e+00
2.1483e+00	3.0318e-01	1.5089e+00	0.0000e+00
2.1472e+00	3.0345e-01	1.5207e+00	0.0000e+00
2.1429e+00	3.0421e-01	1.5354e+00	0.0000e+00
2.1356e+00	3.0539e-01	1.5439e+00	0.0000e+00
2.1264e+00	3.0627e-01	1.5358e+00	0.0000e+00
2.1237e+00	3.0658e-01	1.5174e+00	0.0000e+00
2.1218e+00	3.0681e-01	1.5161e+00	0.0000e+00
2.1205e+00	3.0698e-01	1.5262e+00	0.0000e+00
2.1194e+00	3.0708e-01	1.5391e+00	0.0000e+00
2.1182e+00	3.0706e-01	1.5483e+00	0.0000e+00
2.1166e+00	3.0681e-01	1.5546e+00	0.0000e+00
2.1145e+00	3.0633e-01	1.5596e+00	0.0000e+00
2.1120e+00	3.0586e-01	1.5615e+00	0.0000e+00
2.1097e+00	3.0542e-01	1.5582e+00	0.0000e+00
2.1094e+00	3.0501e-01	1.5513e+00	0.0000e+00
2.1119e+00	3.0472e-01	1.5461e+00	0.0000e+00
2.1110e+00	3.0497e-01	1.5503e+00	0.0000e+00
2.1126e+00	3.0517e-01	1.5623e+00	0.0000e+00
2.1156e+00	3.0521e-01	1.5766e+00	0.0000e+00
2.1188e+00	3.0501e-01	1.5872e+00	0.0000e+00
2.1213e+00	3.0454e-01	1.6009e+00	0.0000e+00
2.1220e+00	3.0399e-01	1.6236e+00	0.0000e+00
2.1200e+00	3.0362e-01	1.6532e+00	0.0000e+00
2.1157e+00	3.0352e-01	1.6751e+00	0.0000e+00
2.1102e+00	3.0367e-01	1.6889e+00	0.0000e+00
2.1056e+00	3.0377e-01	1.6978e+00	0.0000e+00
2.1023e+00	3.0370e-01	1.7022e+00	0.0000e+00
2.1001e+00	3.0344e-01	1.6967e+00	0.0000e+00
2.0983e+00	3.0322e-01	1.6731e+00	0.0000e+00
2.0962e+00	3.0336e-01	1.6245e+00	0.0000e+00
2.0936e+00	3.0354e-01	1.5629e+00	0.0000e+00
2.0909e+00	3.0350e-01	1.4842e+00	0.0000e+00
2.0882e+00	3.0282e-01	1.4275e+00	0.0000e+00
2.0853e+00	3.0156e-01	1.4376e+00	0.0000e+00
2.0822e+00	3.0010e-01	1.4991e+00	0.0000e+00
2.0791e+00	2.9894e-01	1.5702e+00	0.0000e+00
2.0764e+00	2.9827e-01	1.6293e+00	0.0000e+00
2.0743e+00	2.9803e-01	1.6703e+00	0.0000e+00
2.0719e+00	2.9806e-01	1.7000e+00	0.0000e+00
2.0689e+00	2.9829e-01	1.7263e+00	0.0000e+00
2.0652e+00	2.9868e-01	1.7496e+00	0.0000e+00
2.0613e+00	2.9912e-01	1.7667e+00	0.0000e+00
2.0574e+00	2.9952e-01	1.7772e+00	0.0000e+00
2.0540e+00	2.9997e-01	1.7835e+00	0.0000e+00
2.0512e+00	3.0056e-01	1.7876e+00	0.0000e+00
2.0490e+00	3.0139e-01	1.7919e+00	0.0000e+00
2.0477e+00	3.0230e-01	1.7987e+00	0.0000e+00
2.0468e+00	3.0286e-01	1.8097e+00	0.0000e+00
2.0457e+00	3.0328e-01	1.8213e+00	0.0000e+00
2.0438e+00	3.0375e-01	1.8317e+00	0.0000e+00
2.0412e+00	3.0425e-01	1.8426e+00	0.0000e+00
2.0381e+00	3.0470e-01	1.8482e+00	0.0000e+00
2.0349e+00	3.0501e-01	1.8413e+00	0.0000e+00
2.0319e+00	3.0529e-01	1.8244e+00	0.0000e+00
2.0301e+00	3.0562e-01	1.8062e+00	0.0000e+00
2.0297e+00	3.0613e-01	1.7924e+00	0.0000e+00
2.0307e+00	3.0686e-01	1.7831e+00	0.0000e+00
2.0320e+00	3.0776e-01	1.7761e+00	0.0000e+00
2.0326e+00	3.0840e-01	1.7698e+00	0.0000e+00
2.0322e+00	3.0880e-01	1.7639e+00	0.0000e+00
2.0316e+00	3.0918e-01	1.7590e+00	0.0000e+00
2.0305e+00	3.0957e-01	1.7547e+00	0.0000e+00
2.0291e+00	3.0997e-01	1.7514e+00	0.0000e+00
2.0275e+00	3.1029e-01	1.7500e+00	0.0000e+00
2.0264e+00	3.1050e-01	1.7496e+00	0.0000e+00
2.0256e+00	3.1066e-01	1.7509e+00	0.0000e+00
2.0246e+00	3.1101e-01	1.7496e+00	0.0000e+00
2.0228e+00	3.1154e-01	1.7446e+00	0.0000e+00
2.0201e+00	3.1208e-01	1.7466e+00	0.0000e+00
2.0171e+00	3.1242e-01	1.7560e+00	0.0000e+00
2.0141e+00	3.1247e-01	1.7632e+00	0.0000e+00
2.0112e+00	3.1226e-01	1.7497e+00	0.0000e+00
2.0086e+00	3.1180e-01	1.7160e+00	0.0000e+00
2.0061e+00	3.1138e-01	1.6786e+00	0.0000e+00
2.0036e+00	3.1105e-01	1.6474e+00	0.0000e+00
2.0011e+00	3.1067e-01	1.6305e+00	0.0000e+00
1.9986e+00	3.1012e-01	1.6283e+00	0.0000e+00
1.9966e+00	3.0939e-01	1.6336e+00	0.0000e+00
1.9957e+00	3.0840e-01	1.6418e+00	0.0000e+00
1.9957e+00	3.0741e-01	1.6525e+00	0.0000e+00
2.1455e+00	3.0655e-01	1.6626e+00	0.0000e+00
2.1480e+00	3.0531e-01	1.6696e+00	0.0000e+00
2.1501e+00	3.0406e-01	1.6733e+00	0.0000e+00
2.1507e+00	3.0298e-01	1.6740e+00	0.0000e+00
2.1496e+00	3.0215e-01	1.6713e+00	0.0000e+00
2.1474e+00	3.0156e-01	1.6665e+00	0.0000e+00
2.1424e+00	3.0106e-01	1.6603e+00	0.0000e+00
2.1386e+00	3.0095e-01	1.6533e+00	0.0000e+00
2.1364e+00	3.0107e-01	1.6453e+00	0.0000e+00
2.1360e+00	3.0119e-01	1.6433e+00	0.0000e+00
2.1370e+00	3.0112e-01	1.6507e+00	0.0000e+00
2.1385e+00	3.0076e-01	1.6654e+00	0.0000e+00
2.1403e+00	3.0017e-01	1.6857e+00	0.0000e+00
2.1423e+00	2.9980e-01	1.6901e+00	0.0000e+00
2.1450e+00	2.9980e-01	1.6644e+00	0.0000e+00
2.1473e+00	3.0017e-01	1.6218e+00	0.0000e+00
2.1479e+00	3.0065e-01	1.5835e+00	0.0000e+00
2.1466e+00	3.0121e-01	1.5574e+00	0.0000e+00
2.1449e+00	3.0175e-01	1.5446e+00	0.0000e+00
2.1438e+00	3.0204e-01	1.5396e+00	0.0000e+00
2.1426e+00	3.0234e-01	1.5382e+00	0.0000e+00
2.1404e+00	3.0269e-01	1.5374e+00	0.0000e+00
2.1379e+00	3.0282e-01	1.5358e+00	0.0000e+00
2.1361e+00	3.0264e-01	1.5329e+00	0.0000e+00
2.1351e+00	3.0222e-01	1.5289e+00	0.0000e+00
2.1340e+00	3.0171e-01	1.5248e+00	0.0000e+00
2.1319e+00	3.0117e-01	1.5218e+00	0.0000e+00
2.1289e+00	3.0065e-01	1.5224e+00	0.0000e+00
2.1262e+00	3.0035e-01	1.5281e+00	0.0000e+00
2.1252e+00	3.0003e-01	1.5429e+00	0.0000e+00
2.1260e+00	2.9968e-01	1.5642e+00	0.0000e+00
2.1277e+00	2.9941e-01	1.5842e+00	0.0000e+00
2.1287e+00	2.9916e-01	1.6054e+00	0.0000e+00
2.1277e+00	2.9886e-01	1.6305e+00	0.0000e+00
2.1245e+00	2.9847e-01	1.6547e+00	0.0000e+00
2.1201e+00	2.9812e-01	1.6677e+00	0.0000e+00
2.1161e+00	2.9794e-01	1.6693e+00	0.0000e+00
2.1131e+00	2.9782e-01	1.6641e+00	0.0000e+00
2.1108e+00	2.9727e-01	1.6553e+00	0.0000e+00
2.1085e+00	2.9695e-01	1.6463e+00	0.0000e+00
2.1054e+00	2.9731e-01	1.6423e+00	0.0000e+00
2.1023e+00	2.9798e-01	1.6418e+00	0.0000e+00
2.0994e+00	2.9870e-01	1.6420e+00	0.0000e+00
2.0966e+00	2.9933e-01	1.6395e+00	0.0000e+00
2.0936e+00	2.9992e-01	1.6329e+00	0.0000e+00
2.0903e+00	3.0052e-01	1.6230e+00	0.0000e+00
2.0866e+00	3.0119e-01	1.6132e+00	0.0000e+00
2.0826e+00	3.0192e-01	1.6061e+00	0.0000e+00
2.0783e+00	3.0257e-01	1.6000e+00	0.0000e+00
2.0742e+00	3.0280e-01	1.5924e+00	0.0000e+00
2.0708e+00	3.0244e-01	1.5851e+00	0.0000e+00
2.0678e+00	3.0155e-01	1.5794e+00	0.0000e+00
2.0650e+00	3.0063e-01	1.5742e+00	0.0000e+00
2.0625e+00	3.0000e-01	1.5696e+00	0.0000e+00
2.0606e+00	2.9979e-01	1.5663e+00	0.0000e+00
2.0589e+00	2.9968e-01	1.5646e+00	0.0000e+00
2.0577e+00	2.9948e-01	1.5622e+00	0.0000e+00
2.0581e+00	2.9916e-01	1.5581e+00	0.0000e+00
2.0609e+00	2.9844e-01	1.5537e+00	0.0000e+00
2.0661e+00	2.9690e-01	1.5493e+00	0.0000e+00
2.0721e+00	2.9423e-01	1.5440e+00	0.0000e+00
2.0772e+00	2.9140e-01	1.5356e+00	0.0000e+00
2.0812e+00	2.8888e-01	1.5247e+00	0.0000e+00
2.0862e+00	2.8674e-01	1.5168e+00	0.0000e+00
2.0923e+00	2.8508e-01	1.5131e+00	0.0000e+00
2.0980e+00	2.8374e-01	1.5125e+00	0.0000e+00
2.1022e+00	2.8250e-01	1.5120e+00	0.0000e+00
2.1045e+00	2.8127e-01	1.5066e+00	0.0000e+00
2.1050e+00	2.8038e-01	1.4971e+00	0.0000e+00
2.1044e+00	2.7982e-01	1.4876e+00	0.0000e+00
2.1034e+00	2.7928e-01	1.4798e+00	0.0000e+00
2.1023e+00	2.7865e-01	1.4727e+00	0.0000e+00
2.1010e+00	2.7813e-01	1.4675e+00	0.0000e+00
2.0996e+00	2.7770e-01	1.4647e+00	0.0000e+00
2.0980e+00	2.7729e-01	1.4615e+00	0.0000e+00
2.0967e+00	2.7694e-01	1.4582e+00	0.0000e+00
2.0960e+00	2.7675e-01	1.4553e+00	0.0000e+00
2.0952e+00	2.7686e-01	1.4528e+00	0.0000e+00
2.0931e+00	2.7708e-01	1.4465e+00	0.0000e+00
2.0902e+00	2.7714e-01	1.4325e+00	0.0000e+00
2.0870e+00	2.7707e-01	1.4121e+00	0.0000e+00
2.0840e+00	2.7695e-01	1.3916e+00	0.0000e+00
2.0812e+00	2.7685e-01	1.3769e+00	0.0000e+00
2.0784e+00	2.7658e-01	1.3679e+00	0.0000e+00
2.0754e+00	2.7628e-01	1.3632e+00	0.0000e+00
2.0722e+00	2.7600e-01	1.3611e+00	0.0000e+00
2.0693e+00	2.7580e-01	1.3604e+00	0.0000e+00
2.0669e+00	2.7569e-01	1.3604e+00	0.0000e+00
2.0648e+00	2.7569e-01	1.3606e+00	0.0000e+00
2.0623e+00	2.7580e-01	1.3603e+00	0.0000e+00
2.0592e+00	2.7615e-01	1.3591e+00	0.0000e+00
2.0557e+00	2.7686e-01	1.3569e+00	0.0000e+00
2.0526e+00	2.7770e-01	1.3537e+00	0.0000e+00
2.0509e+00	2.7837e-01	1.3499e+00	0.0000e+00
2.0506e+00	2.7851e-01	1.3466e+00	0.0000e+00
2.0509e+00	2.7801e-01	1.3450e+00	0.0000e+00
2.0513e+00	2.7695e-01	1.3470e+00	0.0000e+00
2.0515e+00	2.7526e-01	1.3616e+00	0.0000e+00
2.0518e+00	2.7317e-01	1.3834e+00	0.0000e+00
2.0518e+00	2.7192e-01	1.4028e+00	0.0000e+00
2.0507e+00	2.7193e-01	1.4158e+00	0.0000e+00
2.0481e+00	2.7269e-01	1.4221e+00	0.0000e+00
2.0440e+00	2.7381e-01	1.4226e+00	0.0000e+00
2.0387e+00	2.7487e-01	1.4191e+00	0.0000e+00
2.0338e+00	2.7563e-01	1.4137e+00	0.0000e+00
2.0300e+00	2.7597e-01	1.4080e+00	0.0000e+00
2.0273e+00	2.7594e-01	1.4029e+00	0.0000e+00
2.0250e+00	2.7561e-01	1.3987e+00	0.0000e+00
2.0226e+00	2.7487e-01	1.3953e+00	0.0000e+00
2.0199e+00	2.7441e-01	1.3925e+00	0.0000e+00
2.0161e+00	2.7469e-01	1.3908e+00	0.0000e+00
2.0119e+00	2.7527e-01	1.3900e+00	0.0000e+00
2.0080e+00	2.7580e-01	1.3898e+00	0.0000e+00
2.0044e+00	2.7639e-01	1.3894e+00	0.0000e+00
2.0011e+00	2.7719e-01	1.3885e+00	0.0000e+00
1.9975e+00	2.7805e-01	1.3871e+00	0.0000e+00
1.9937e+00	2.7873e-01	1.3855e+00	0.0000e+00
1.9931e+00	2.7870e-01	1.3837e+00	0.0000e+00
1.9922e+00	2.7884e-01	1.3819e+00	0.0000e+00
1.9911e+00	2.7923e-01	1.3804e+00	0.0000e+00
1.9899e+00	2.7987e-01	1.3789e+00	0.0000e+00
1.9890e+00	2.8075e-01	1.3774e+00	0.0000e+00
1.9889e+00	2.8158e-01	1.3759e+00	0.0000e+00
1.9901e+00	2.8205e-01	1.3737e+00	0.0000e+00
1.9920e+00	2.8217e-01	1.3699e+00	0.0000e+00
1.9943e+00	2.8206e-01	1.3641e+00	0.0000e+00
1.9960e+00	2.8183e-01	1.3567e+00	0.0000e+00
1.9967e+00	2.8158e-01	1.3500e+00	0.0000e+00
1.9965e+00	2.8140e-01	1.3450e+00	0.0000e+00
1.9970e+00	2.8130e-01	1.3418e+00	0.0000e+00
1.9984e+00	2.8143e-01	1.3403e+00	0.0000e+00
1.9998e+00	2.8177e-01	1.3401e+00	0.0000e+00
2.0006e+00	2.8229e-01	1.3409e+00	0.0000e+00
2.0005e+00	2.8296e-01	1.3431e+00	0.0000e+00
1.9998e+00	2.8313e-01	1.3471e+00	0.0000e+00
1.9989e+00	2.8248e-01	1.3515e+00	0.0000e+00
1.9991e+00	2.8131e-01	1.3550e+00	0.0000e+00
2.0010e+00	2.7990e-01	1.3532e+00	0.0000e+00
2.0039e+00	2.7861e-01	1.3464e+00	0.0000e+00
2.0065e+00	2.7806e-01	1.3381e+00	0.0000e+00
2.0084e+00	2.7815e-01	1.3305e+00	0.0000e+00
2.0098e+00	2.7840e-01	1.3245e+00	0.0000e+00
2.0122e+00	2.7842e-01	1.3205e+00	0.0000e+00
2.0166e+00	2.7836e-01	1.3184e+00	0.0000e+00
2.0221e+00	2.7842e-01	1.3182e+00	0.0000e+00
2.0271e+00	2.7840e-01	1.3169e+00	0.0000e+00
2.0304e+00	2.7819e-01	1.3108e+00	0.0000e+00
2.0313e+00	2.7795e-01	1.3028e+00	0.0000e+00
2.0307e+00	2.7825e-01	1.2958e+00	0.0000e+00
2.0294e+00	2.7885e-01	1.2906e+00	0.0000e+00
2.0282e+00	2.7959e-01	1.2872e+00	0.0000e+00
2.0278e+00	2.8047e-01	1.2849e+00	0.0000e+00
2.0289e+00	2.8138e-01	1.2840e+00	0.0000e+00
2.0318e+00	2.8218e-01	1.2838e+00	0.0000e+00
2.0359e+00	2.8286e-01	1.2837e+00	0.0000e+00
2.0408e+00	2.8342e-01	1.2840e+00	0.0000e+00
2.0450e+00	2.8368e-01	1.2860e+00	0.0000e+00
2.0465e+00	2.8359e-01	1.2886e+00	0.0000e+00
2.0452e+00	2.8335e-01	1.2907e+00	0.0000e+00
2.0427e+00	2.8328e-01	1.2919e+00	0.0000e+00
2.0404e+00	2.8358e-01	1.2922e+00	0.0000e+00
2.0391e+00	2.8423e-01	1.2911e+00	0.0000e+00
2.0383e+00	2.8492e-01	1.2871e+00	0.0000e+00
2.0371e+00	2.8518e-01	1.2771e+00	0.0000e+00
2.0356e+00	2.8493e-01	1.2621e+00	0.0000e+00
2.0351e+00	2.8435e-01	1.2542e+00	0.0000e+00
2.0355e+00	2.8381e-01	1.2599e+00	0.0000e+00
2.0367e+00	2.8322e-01	1.2780e+00	0.0000e+00
2.0380e+00	2.8272e-01	1.3000e+00	0.0000e+00
2.0388e+00	2.8249e-01	1.3184e+00	0.0000e+00
2.0388e+00	2.8262e-01	1.3305e+00	0.0000e+00
2.0385e+00	2.8285e-01	1.3368e+00	0.0000e+00
2.0380e+00	2.8304e-01	1.3386e+00	0.0000e+00
2.0377e+00	2.8303e-01	1.3375e+00	0.0000e+00
2.0380e+00	2.8288e-01	1.3352e+00	0.0000e+00
2.0388e+00	2.8253e-01	1.3324e+00	0.0000e+00
2.0400e+00	2.8203e-01	1.3305e+00	0.0000e+00
2.0411e+00	2.8157e-01	1.3293e+00	0.0000e+00
2.0415e+00	2.8122e-01	1.3286e+00	0.0000e+00
2.0406e+00	2.8119e-01	1.3282e+00	0.0000e+00
2.0391e+00	2.8146e-01	1.3274e+00	0.0000e+00
2.0375e+00	2.8187e-01	1.3266e+00	0.0000e+00
2.0361e+00	2.8236e-01	1.3259e+00	0.0000e+00
2.0352e+00	2.8299e-01	1.3252e+00	0.0000e+00
2.0350e+00	2.8362e-01	1.3245e+00	0.0000e+00
2.0365e+00	2.8368e-01	1.3239e+00	0.0000e+00
2.0394e+00	2.8306e-01	1.3231e+00	0.0000e+00
2.0430e+00	2.8218e-01	1.3224e+00	0.0000e+00
2.0459e+00	2.8196e-01	1.3216e+00	0.0000e+00
2.0484e+00	2.8231e-01	1.3208e+00	0.0000e+00
2.0514e+00	2.8274e-01	1.3166e+00	0.0000e+00
2.0548e+00	2.8323e-01	1.3090e+00	0.0000e+00
2.0580e+00	2.8380e-01	1.3029e+00	0.0000e+00
2.0602e+00	2.8443e-01	1.3005e+00	0.0000e+00
2.0612e+00	2.8499e-01	1.2991e+00	0.0000e+00
2.0617e+00	2.8538e-01	1.2897e+00	0.0000e+00
2.0620e+00	2.8560e-01	1.2676e+00	0.0000e+00
2.0623e+00	2.8573e-01	1.2507e+00	0.0000e+00
2.0629e+00	2.8605e-01	1.2360e+00	0.0000e+00
2.0637e+00	2.8682e-01	1.2232e+00	0.0000e+00
2.0643e+00	2.8785e-01	1.2172e+00	0.0000e+00
2.0648e+00	2.8901e-01	1.2211e+00	0.0000e+00
2.0657e+00	2.8994e-01	1.2296e+00	0.0000e+00
2.0672e+00	2.9060e-01	1.2401e+00	0.0000e+00
2.0691e+00	2.9105e-01	1.2517e+00	0.0000e+00
2.0712e+00	2.9136e-01	1.2629e+00	0.0000e+00
2.0726e+00	2.9162e-01	1.2732e+00	0.0000e+00
2.0723e+00	2.9182e-01	1.2812e+00	0.0000e+00
2.0704e+00	2.9208e-01	1.2837e+00	0.0000e+00
2.0673e+00	2.9235e-01	1.2807e+00	0.0000e+00
2.0639e+00	2.9250e-01	1.2756e+00	0.0000e+00
2.0609e+00	2.9247e-01	1.2707e+00	0.0000e+00
2.0577e+00	2.9246e-01	1.2668e+00	0.0000e+00
2.0530e+00	2.9281e-01	1.2638e+00	0.0000e+00
2.0478e+00	2.9326e-01	1.2623e+00	0.0000e+00
2.0442e+00	2.9335e-01	1.2624e+00	0.0000e+00
2.0435e+00	2.9330e-01	1.2625e+00	0.0000e+00
2.0453e+00	2.9314e-01	1.2579e+00	0.0000e+00
2.0484e+00	2.9292e-01	1.2444e+00	0.0000e+00
2.0510e+00	2.9286e-01	1.2291e+00	0.0000e+00
2.0516e+00	2.9298e-01	1.2200e+00	0.0000e+00
2.0520e+00	2.9304e-01	1.2167e+00	0.0000e+00
2.0529e+00	2.9313e-01	1.2170e+00	0.0000e+00
2.0540e+00	2.9327e-01	1.2188e+00	0.0000e+00
2.0551e+00	2.9351e-01	1.2207e+00	0.0000e+00
2.0557e+00	2.9385e-01	1.2222e+00	0.0000e+00
2.0561e+00	2.9420e-01	1.2229e+00	0.0000e+00
2.0563e+00	2.9457e-01	1.2231e+00	0.0000e+00
2.0566e+00	2.9500e-01	1.2228e+00	0.0000e+00
2.0570e+00	2.9557e-01	1.2223e+00	0.0000e+00
2.0575e+00	2.9611e-01	1.2217e+00	0.0000e+00
2.0588e+00	2.9640e-01	1.2212e+00	0.0000e+00
2.0610e+00	2.9657e-01	1.2205e+00	0.0000e+00
2.0641e+00	2.9690e-01	1.2198e+00	0.0000e+00
2.0679e+00	2.9721e-01	1.2193e+00	0.0000e+00
2.0729e+00	2.9718e-01	1.2187e+00	0.0000e+00
2.0791e+00	2.9676e-01	1.2181e+00	0.0000e+00
2.0858e+00	2.9611e-01	1.2175e+00	0.0000e+00
2.0923e+00	2.9550e-01	1.2173e+00	0.0000e+00
2.0978e+00	2.9548e-01	1.2187e+00	0.0000e+00
2.1032e+00	2.9581e-01	1.2203e+00	0.0000e+00
2.1098e+00	2.9580e-01	1.2216e+00	0.0000e+00
2.1164e+00	2.9554e-01	1.2223e+00	0.0000e+00
2.1219e+00	2.9516e-01	1.2227e+00	0.0000e+00
2.1254e+00	2.9481e-01	1.2232e+00	0.0000e+00
2.1267e+00	2.9469e-01	1.2237e+00	0.0000e+00
2.1272e+00	2.9479e-01	1.2247e+00	0.0000e+00
2.1276e+00	2.9509e-01	1.2270e+00	0.0000e+00
2.1280e+00	2.9560e-01	1.2319e+00	0.0000e+00
2.1284e+00	2.9635e-01	1.2407e+00	0.0000e+00
2.1292e+00	2.9703e-01	1.2542e+00	0.0000e+00
2.1308e+00	2.9713e-01	1.2729e+00	0.0000e+00
2.1331e+00	2.9660e-01	1.3033e+00	0.0000e+00
2.1356e+00	2.9573e-01	1.3374e+00	0.0000e+00
2.1374e+00	2.9490e-01	1.3568e+00	0.0000e+00
2.1380e+00	2.9481e-01	1.3797e+00	0.0000e+00
2.1377e+00	2.9572e-01	1.4126e+00	0.0000e+00
2.1367e+00	2.9705e-01	1.4445e+00	0.0000e+00
2.1358e+00	2.9819e-01	1.4749e+00	0.0000e+00
2.1351e+00	2.9881e-01	1.5001e+00	0.0000e+00
2.1348e+00	2.9868e-01	1.5178e+00	0.0000e+00
2.1347e+00	2.9828e-01	1.5268e+00	0.0000e+00
2.1345e+00	2.9809e-01	1.5239e+00	0.0000e+00
2.1342e+00	2.9821e-01	1.5066e+00	0.0000e+00
2.1340e+00	2.9868e-01	1.4849e+00	0.0000e+00
2.1341e+00	2.9926e-01	1.4597e+00	0.0000e+00
2.1344e+00	2.9978e-01	1.4275e+00	0.0000e+00
2.1346e+00	3.0012e-01	1.3901e+00	0.0000e+00
2.1345e+00	3.0011e-01	1.3258e+00	0.0000e+00
2.1342e+00	2.9998e-01	1.2551e+00	0.0000e+00
2.1335e+00	2.9993e-01	1.2023e+00	0.0000e+00
2.1329e+00	2.9955e-01	1.1711e+00	0.0000e+00
2.1317e+00	2.9905e-01	1.1745e+00	0.0000e+00
2.1293e+00	2.9883e-01	1.2281e+00	0.0000e+00
2.1260e+00	2.9902e-01	1.2738e+00	0.0000e+00
2.1221e+00	2.9951e-01	1.2864e+00	0.0000e+00
2.1187e+00	3.0007e-01	1.2701e+00	0.0000e+00
2.1165e+00	3.0046e-01	1.2544e+00	0.0000e+00
2.1155e+00	3.0063e-01	1.2370e+00	0.0000e+00
2.1147e+00	3.0068e-01	1.2210e+00	0.0000e+00
2.1145e+00	3.0049e-01	1.2101e+00	0.0000e+00
2.1151e+00	3.0004e-01	1.2026e+00	0.0000e+00
2.1166e+00	2.9932e-01	1.1970e+00	0.0000e+00
2.1181e+00	2.9838e-01	1.1940e+00	0.0000e+00
2.1186e+00	2.9761e-01	1.1959e+00	0.0000e+00
2.1177e+00	2.9720e-01	1.2090e+00	0.0000e+00
2.1148e+00	2.9706e-01	1.2305e+00	0.0000e+00
2.1102e+00	2.9714e-01	1.2559e+00	0.0000e+00
2.1047e+00	2.9728e-01	1.2797e+00	0.0000e+00
2.0995e+00	2.9730e-01	1.2912e+00	0.0000e+00
2.0949e+00	2.9718e-01	1.2903e+00	0.0000e+00
2.0911e+00	2.9692e-01	1.2845e+00	0.0000e+00
2.0871e+00	2.9675e-01	1.2780e+00	0.0000e+00
2.0819e+00	2.9674e-01	1.2777e+00	0.0000e+00
2.0766e+00	2.9690e-01	1.3096e+00	0.0000e+00
2.0723e+00	2.9721e-01	1.3496e+00	0.0000e+00
2.0698e+00	2.9765e-01	1.3867e+00	0.0000e+00
2.0692e+00	2.9819e-01	1.4216e+00	0.0000e+00
2.0692e+00	2.9865e-01	1.4378e+00	0.0000e+00
2.0685e+00	2.9909e-01	1.4459e+00	0.0000e+00
2.0661e+00	2.9950e-01	1.4488e+00	0.0000e+00
2.0618e+00	2.9982e-01	1.4468e+00	0.0000e+00
2.0557e+00	3.0021e-01	1.4343e+00	0.0000e+00
2.0491e+00	3.0090e-01	1.4153e+00	0.0000e+00
2.0433e+00	3.0162e-01	1.3985e+00	0.0000e+00
2.0383e+00	3.0222e-01	1.3888e+00	0.0000e+00
2.0332e+00	3.0290e-01	1.3862e+00	0.0000e+00
2.0285e+00	3.0371e-01	1.3951e+00	0.0000e+00
2.0245e+00	3.0430e-01	1.4427e+00	0.0000e+00
2.0209e+00	3.0440e-01	1.5189e+00	0.0000e+00
2.0181e+00	3.0399e-01	1.5940e+00	0.0000e+00
2.0156e+00	3.0325e-01	1.6463e+00	0.0000e+00
2.0128e+00	3.0256e-01	1.6728e+00	0.0000e+00
2.0092e+00	3.0230e-01	1.6791e+00	0.0000e+00
2.0050e+00	3.0245e-01	1.6716e+00	0.0000e+00
2.0003e+00	3.0285e-01	1.6501e+00	0.0000e+00
1.9959e+00	3.0324e-01	1.6264e+00	0.0000e+00
1.9927e+00	3.0345e-01	1.6104e+00	0.0000e+00
1.9900e+00	3.0351e-01	1.6005e+00	0.0000e+00
1.9872e+00	3.0351e-01	1.5902e+00	0.0000e+00
1.9844e+00	3.0345e-01	1.5789e+00	0.0000e+00
1.9819e+00	3.0347e-01	1.5661e+00	0.0000e+00
1.9805e+00	3.0348e-01	1.5488e+00	0.0000e+00
1.9799e+00	3.0361e-01	1.5293e+00	0.0000e+00
1.9798e+00	3.0362e-01	1.5093e+00	0.0000e+00
1.9795e+00	3.0350e-01	1.4919e+00	0.0000e+00
1.9788e+00	3.0327e-01	1.4824e+00	0.0000e+00
1.9778e+00	3.0284e-01	1.4788e+00	0.0000e+00
1.9764e+00	3.0226e-01	1.4775e+00	0.0000e+00
1.9746e+00	3.0173e-01	1.4770e+00	0.0000e+00
1.9720e+00	3.0139e-01	1.4763e+00	0.0000e+00
1.9687e+00	3.0121e-01	1.4749e+00	0.0000e+00
1.9656e+00	3.0114e-01	1.4726e+00	0.0000e+00
1.9630e+00	3.0100e-01	1.4689e+00	0.0000e+00
1.9606e+00	3.0074e-01	1.4617e+00	0.0000e+00
1.9575e+00	3.0060e-01	1.4452e+00	0.0000e+00
1.9536e+00	3.0030e-01	1.4175e+00	0.0000e+00
1.9498e+00	2.9962e-01	1.3947e+00	0.0000e+00
1.9468e+00	2.9847e-01	1.3849e+00	0.0000e+00
1.9445e+00	2.9730e-01	1.3765e+00	0.0000e+00
1.9419e+00	2.9662e-01	1.3635e+00	0.0000e+00
1.9391e+00	2.9627e-01	1.3454e+00	0.0000e+00
1.9364e+00	2.9605e-01	1.3230e+00	0.0000e+00
1.9340e+00	2.9590e-01	1.3012e+00	0.0000e+00
1.9323e+00	2.9562e-01	1.2930e+00	0.0000e+00
1.9314e+00	2.9534e-01	1.2956e+00	0.0000e+00
1.9313e+00	2.9504e-01	1.3024e+00	0.0000e+00
1.9320e+00	2.9451e-01	1.3093e+00	0.0000e+00
1.9336e+00	2.9350e-01	1.3144e+00	0.0000e+00
1.9359e+00	2.9186e-01	1.3194e+00	0.0000e+00
1.9385e+00	2.8991e-01	1.3261e+00	0.0000e+00
1.9404e+00	2.8814e-01	1.3323e+00	0.0000e+00
1.9407e+00	2.8702e-01	1.3365e+00	0.0000e+00
1.9393e+00	2.8660e-01	1.3379e+00	0.0000e+00
1.9374e+00	2.8661e-01	1.3373e+00	0.0000e+00
1.9362e+00	2.8668e-01	1.3356e+00	0.0000e+00
1.9355e+00	2.8683e-01	1.3332e+00	0.0000e+00
1.9350e+00	2.8710e-01	1.3298e+00	0.0000e+00
1.9340e+00	2.8746e-01	1.3265e+00	0.0000e+00
1.9325e+00	2.8784e-01	1.3240e+00	0.0000e+00
1.9309e+00	2.8811e-01	1.3205e+00	0.0000e+00
1.9302e+00	2.8827e-01	1.3105e+00	0.0000e+00
1.9313e+00	2.8839e-01	1.2947e+00	0.0000e+00
1.9338e+00	2.8840e-01	1.2797e+00	0.0000e+00
1.9359e+00	2.8838e-01	1.2711e+00	0.0000e+00
1.9354e+00	2.8877e-01	1.2666e+00	0.0000e+00
1.9316e+00	2.8932e-01	1.2596e+00	0.0000e+00
1.9253e+00	2.9000e-01	1.2504e+00	0.0000e+00
1.9187e+00	2.9067e-01	1.2448e+00	0.0000e+00
1.9137e+00	2.9133e-01	1.2442e+00	0.0000e+00
1.9110e+00	2.9210e-01	1.2463e+00	0.0000e+00
1.9090e+00	2.9280e-01	1.2489e+00	0.0000e+00
1.9070e+00	2.9307e-01	1.2500e+00	0.0000e+00
1.9051e+00	2.9313e-01	1.2499e+00	0.0000e+00
1.9039e+00	2.9309e-01	1.2489e+00	0.0000e+00
1.9036e+00	2.9300e-01	1.2475e+00	0.0000e+00
1.9042e+00	2.9297e-01	1.2459e+00	0.0000e+00
1.9053e+00	2.9328e-01	1.2438e+00	0.0000e+00
1.9068e+00	2.9408e-01	1.2416e+00	0.0000e+00
1.9093e+00	2.9503e-01	1.2385e+00	0.0000e+00
1.9125e+00	2.9587e-01	1.2321e+00	0.0000e+00
1.9156e+00	2.9662e-01	1.2246e+00	0.0000e+00
1.9179e+00	2.9688e-01	1.2212e+00	0.0000e+00
1.9195e+00	2.9673e-01	1.2229e+00	0.0000e+00
1.9201e+00	2.9656e-01	1.2271e+00	0.0000e+00
1.9191e+00	2.9681e-01	1.2325e+00	0.0000e+00
1.9164e+00	2.9746e-01	1.2381e+00	0.0000e+00
1.9127e+00	2.9829e-01	1.2437e+00	0.0000e+00
1.9089e+00	2.9900e-01	1.2489e+00	0.0000e+00
1.9054e+00	2.9910e-01	1.2536e+00	0.0000e+00
1.9012e+00	2.9882e-01	1.2577e+00	0.0000e+00
1.8955e+00	2.9862e-01	1.2600e+00	0.0000e+00
1.8898e+00	2.9826e-01	1.2604e+00	0.0000e+00
1.8854e+00	2.9778e-01	1.2576e+00	0.0000e+00
1.8825e+00	2.9734e-01	1.2540e+00	0.0000e+00
1.8812e+00	2.9700e-01	1.2512e+00	0.0000e+00
1.8799e+00	2.9683e-01	1.2486e+00	0.0000e+00
1.8780e+00	2.9678e-01	1.2428e+00	0.0000e+00
1.8760e+00	2.9667e-01	1.2380e+00	0.0000e+00
1.8744e+00	2.9630e-01	1.2383e+00	0.0000e+00
1.8734e+00	2.9572e-01	1.2391e+00	0.0000e+00
1.8724e+00	2.9537e-01	1.2393e+00	0.0000e+00
1.8718e+00	2.9533e-01	1.2335e+00	0.0000e+00
1.8722e+00	2.9539e-01	1.2222e+00	0.0000e+00
1.8742e+00	2.9535e-01	1.2115e+00	0.0000e+00
1.8772e+00	2.9476e-01	1.2046e+00	0.0000e+00
1.8803e+00	2.9329e-01	1.2074e+00	0.0000e+00
1.8826e+00	2.9147e-01	1.2258e+00	0.0000e+00
1.8842e+00	2.8977e-01	1.2623e+00	0.0000e+00
1.8855e+00	2.8831e-01	1.3027e+00	0.0000e+00
1.8866e+00	2.8731e-01	1.3377e+00	0.0000e+00
1.8877e+00	2.8670e-01	1.3639e+00	0.0000e+00
1.8891e+00	2.8627e-01	1.3766e+00	0.0000e+00
1.8916e+00	2.8563e-01	1.3700e+00	0.0000e+00
1.8953e+00	2.8459e-01	1.3363e+00	0.0000e+00
1.8995e+00	2.8349e-01	1.2882e+00	0.0000e+00
1.9035e+00	2.8269e-01	1.2539e+00	0.0000e+00
1.9070e+00	2.8223e-01	1.2376e+00	0.0000e+00
1.9095e+00	2.8202e-01	1.2335e+00	0.0000e+00
1.9109e+00	2.8211e-01	1.2443e+00	0.0000e+00
1.9121e+00	2.8264e-01	1.2673e+00	0.0000e+00
1.9139e+00	2.8312e-01	1.2865e+00	0.0000e+00
1.9169e+00	2.8350e-01	1.3015e+00	0.0000e+00
1.9204e+00	2.8377e-01	1.3117e+00	0.0000e+00
1.9234e+00	2.8388e-01	1.3178e+00	0.0000e+00
1.9254e+00	2.8377e-01	1.3214e+00	0.0000e+00
1.9261e+00	2.8348e-01	1.3242e+00	0.0000e+00
1.9264e+00	2.8327e-01	1.3282e+00	0.0000e+00
1.9262e+00	2.8333e-01	1.3344e+00	0.0000e+00
1.9254e+00	2.8368e-01	1.3430e+00	0.0000e+00
1.9239e+00	2.8416e-01	1.3501e+00	0.0000e+00
1.9222e+00	2.8474e-01	1.3450e+00	0.0000e+00
1.9207e+00	2.8544e-01	1.3254e+00	0.0000e+00
1.9198e+00	2.8630e-01	1.3023e+00	0.0000e+00
1.9202e+00	2.8714e-01	1.2844e+00	0.0000e+00
1.9218e+00	2.8735e-01	1.2734e+00	0.0000e+00
1.9242e+00	2.8692e-01	1.2737e+00	0.0000e+00
1.9271e+00	2.8608e-01	1.2812e+00	0.0000e+00
1.9297e+00	2.8519e-01	1.2936e+00	0.0000e+00
1.9315e+00	2.8455e-01	1.3131e+00	0.0000e+00
1.9322e+00	2.8436e-01	1.3358e+00	0.0000e+00
1.9322e+00	2.8451e-01	1.3583e+00	0.0000e+00
1.9322e+00	2.8461e-01	1.3786e+00	0.0000e+00
1.9327e+00	2.8454e-01	1.3950e+00	0.0000e+00
1.9335e+00	2.8429e-01	1.4078e+00	0.0000e+00
1.9345e+00	2.8398e-01	1.4174e+00	0.0000e+00
1.9360e+00	2.8356e-01	1.4246e+00	0.0000e+00
1.9377e+00	2.8299e-01	1.4298e+00	0.0000e+00
1.9391e+00	2.8249e-01	1.4331e+00	0.0000e+00
1.9399e+00	2.8235e-01	1.4358e+00	0.0000e+00
1.9404e+00	2.8285e-01	1.4373e+00	0.0000e+00
1.9414e+00	2.8414e-01	1.4373e+00	0.0000e+00
1.9433e+00	2.8540e-01	1.4357e+00	0.0000e+00
1.9455e+00	2.8557e-01	1.4330e+00	0.0000e+00
1.9470e+00	2.8509e-01	1.4290e+00	0.0000e+00
1.9478e+00	2.8462e-01	1.4228e+00	0.0000e+00
1.9482e+00	2.8432e-01	1.4160e+00	0.0000e+00
1.9487e+00	2.8378e-01	1.4118e+00	0.0000e+00
1.9496e+00	2.8323e-01	1.4076e+00	0.0000e+00
1.9507e+00	2.8297e-01	1.4004e+00	0.0000e+00
1.9517e+00	2.8298e-01	1.3955e+00	0.0000e+00
1.9528e+00	2.8303e-01	1.3957e+00	0.0000e+00
1.9539e+00	2.8299e-01	1.3979e+00	0.0000e+00
1.9548e+00	2.8283e-01	1.4025e+00	0.0000e+00
1.9556e+00	2.8254e-01	1.4111e+00	0.0000e+00
1.9558e+00	2.8222e-01	1.4243e+00	0.0000e+00
1.9551e+00	2.8203e-01	1.4457e+00	0.0000e+00
1.9531e+00	2.8214e-01	1.4722e+00	0.0000e+00
1.9506e+00	2.8226e-01	1.4984e+00	0.0000e+00
1.9485e+00	2.8210e-01	1.5169e+00	0.0000e+00
1.9470e+00	2.8179e-01	1.5277e+00	0.0000e+00
1.9458e+00	2.8167e-01	1.5332e+00	0.0000e+00
1.9446e+00	2.8174e-01	1.5353e+00	0.0000e+00
1.9442e+00	2.8162e-01	1.5360e+00	0.0000e+00
1.9448e+00	2.8140e-01	1.5340e+00	0.0000e+00
1.9467e+00	2.8121e-01	1.5292e+00	0.0000e+00
1.9490e+00	2.8114e-01	1.5239e+00	0.0000e+00
1.9508e+00	2.8120e-01	1.5194e+00	0.0000e+00
1.9514e+00	2.8124e-01	1.5167e+00	0.0000e+00
1.9514e+00	2.8107e-01	1.5166e+00	0.0000e+00
