WL	EN	AR	Marker
1.4815e+00	2.1329e-01	2.0231e+00	0.0000e+00
1.4912e+00	2.1234e-01	2.0170e+00	0.0000e+00
1.4951e+00	2.1264e-01	2.0125e+00	0.0000e+00
1.4891e+00	2.1343e-01	2.0080e+00	0.0000e+00
1.4725e+00	2.1442e-01	2.0037e+00	0.0000e+00
1.4495e+00	2.1550e-01	2.0007e+00	0.0000e+00
1.4268e+00	2.1661e-01	2.0001e+00	0.0000e+00
1.4113e+00	2.1771e-01	2.0064e+00	0.0000e+00
1.4072e+00	2.1864e-01	2.0256e+00	0.0000e+00
1.4136e+00	2.1907e-01	2.0558e+00	0.0000e+00
1.4251e+00	2.1885e-01	2.0782e+00	0.0000e+00
1.4369e+00	2.1826e-01	2.0955e+00	0.0000e+00
1.4473e+00	2.1764e-01	2.1088e+00	0.0000e+00
1.4557e+00	2.1722e-01	2.1156e+00	0.0000e+00
1.4629e+00	2.1700e-01	2.1182e+00	0.0000e+00
1.4701e+00	2.1690e-01	2.1168e+00	0.0000e+00
1.4754e+00	2.1698e-01	2.1115e+00	0.0000e+00
1.4803e+00	2.1788e-01	2.1030e+00	0.0000e+00
1.4735e+00	2.1913e-01	2.0908e+00	0.0000e+00
1.4559e+00	2.2030e-01	2.0751e+00	0.0000e+00
1.4422e+00	2.2097e-01	2.0551e+00	0.0000e+00
1.4432e+00	2.2123e-01	2.0320e+00	0.0000e+00
1.4618e+00	2.2122e-01	2.0088e+00	0.0000e+00
1.4954e+00	2.2088e-01	1.9870e+00	0.0000e+00
1.4970e+00	2.2134e-01	1.9679e+00	0.0000e+00
1.5062e+00	2.2067e-01	1.9511e+00	0.0000e+00
1.5163e+00	2.2007e-01	1.9391e+00	0.0000e+00
1.5273e+00	2.1938e-01	1.9324e+00	0.0000e+00
1.5393e+00	2.1843e-01	1.9351e+00	0.0000e+00
1.5519e+00	2.1727e-01	1.9441e+00	0.0000e+00
1.5646e+00	2.1613e-01	1.9596e+00	0.0000e+00
1.5772e+00	2.1522e-01	1.9800e+00	0.0000e+00
1.5902e+00	2.1429e-01	1.9946e+00	0.0000e+00
1.6043e+00	2.1319e-01	2.0048e+00	0.0000e+00
1.6193e+00	2.1196e-01	2.0109e+00	0.0000e+00
1.6353e+00	2.1070e-01	2.0126e+00	0.0000e+00
1.6504e+00	2.1005e-01	2.0129e+00	0.0000e+00
1.6637e+00	2.0969e-01	2.0139e+00	0.0000e+00
1.6745e+00	2.0936e-01	2.0147e+00	0.0000e+00
1.6848e+00	2.0876e-01	2.0138e+00	0.0000e+00
1.6973e+00	2.0759e-01	2.0107e+00	0.0000e+00
1.7036e+00	2.0661e-01	2.0066e+00	0.0000e+00
1.7125e+00	2.0461e-01	2.0027e+00	0.0000e+00
1.7323e+00	2.0127e-01	1.9986e+00	0.0000e+00
1.7676e+00	1.9706e-01	1.9936e+00	0.0000e+00
1.8141e+00	1.9279e-01	1.9877e+00	0.0000e+00
1.8623e+00	1.8889e-01	1.9809e+00	0.0000e+00
1.9043e+00	1.8564e-01	1.9735e+00	0.0000e+00
1.9381e+00	1.8303e-01	1.9657e+00	0.0000e+00
1.9676e+00	1.8102e-01	1.9571e+00	0.0000e+00
1.9886e+00	1.8034e-01	1.9505e+00	0.0000e+00
1.9954e+00	1.8098e-01	1.9464e+00	0.0000e+00
1.9886e+00	1.8190e-01	1.9423e+00	0.0000e+00
1.9623e+00	1.8313e-01	1.9390e+00	0.0000e+00
1.9216e+00	1.8454e-01	1.9353e+00	0.0000e+00
1.8760e+00	1.8608e-01	1.9321e+00	0.0000e+00
1.8386e+00	1.8767e-01	1.9288e+00	0.0000e+00
1.8199e+00	1.8915e-01	1.9263e+00	0.0000e+00
1.8236e+00	1.9002e-01	1.9242e+00	0.0000e+00
1.8430e+00	1.8881e-01	1.9237e+00	0.0000e+00
1.8661e+00	1.8714e-01	1.9239e+00	0.0000e+00
1.8916e+00	1.8533e-01	1.9249e+00	0.0000e+00
1.9176e+00	1.8419e-01	1.9263e+00	0.0000e+00
1.9388e+00	1.8428e-01	1.9273e+00	0.0000e+00
1.9544e+00	1.8485e-01	1.9277e+00	0.0000e+00
1.9664e+00	1.8555e-01	1.9263e+00	0.0000e+00
1.9781e+00	1.8625e-01	1.9237e+00	0.0000e+00
1.9919e+00	1.8678e-01	1.9199e+00	0.0000e+00
2.0046e+00	1.8743e-01	1.9171e+00	0.0000e+00
2.0172e+00	1.8793e-01	1.9149e+00	0.0000e+00
2.0326e+00	1.8807e-01	1.9117e+00	0.0000e+00
2.0532e+00	1.8745e-01	1.9079e+00	0.0000e+00
2.0772e+00	1.8604e-01	1.9050e+00	0.0000e+00
2.0772e+00	1.8604e-01	1.9010e+00	0.0000e+00
2.0772e+00	1.8604e-01	1.8965e+00	0.0000e+00
2.0772e+00	1.8604e-01	1.8909e+00	0.0000e+00
2.0772e+00	1.8604e-01	1.8860e+00	0.0000e+00
2.0467e+00	1.8815e-01	1.8811e+00	0.0000e+00
2.0209e+00	1.8947e-01	1.8768e+00	0.0000e+00
2.0123e+00	1.8896e-01	1.8729e+00	0.0000e+00
2.0317e+00	1.8743e-01	1.8698e+00	0.0000e+00
2.0744e+00	1.8554e-01	1.8674e+00	0.0000e+00
2.1264e+00	1.8358e-01	1.8653e+00	0.0000e+00
2.1699e+00	1.8168e-01	1.8635e+00	0.0000e+00
2.1912e+00	1.7992e-01	1.8618e+00	0.0000e+00
2.1875e+00	1.7861e-01	1.8603e+00	0.0000e+00
2.1638e+00	1.7885e-01	1.8586e+00	0.0000e+00
2.1328e+00	1.8152e-01	1.8571e+00	0.0000e+00
2.1019e+00	1.8565e-01	1.8559e+00	0.0000e+00
2.0727e+00	1.8949e-01	1.8556e+00	0.0000e+00
2.0462e+00	1.9210e-01	1.8556e+00	0.0000e+00
2.0225e+00	1.9345e-01	1.8559e+00	0.0000e+00
2.0009e+00	1.9407e-01	1.8565e+00	0.0000e+00
1.9826e+00	1.9427e-01	1.8569e+00	0.0000e+00
1.9696e+00	1.9398e-01	1.8572e+00	0.0000e+00
1.9875e+00	1.9061e-01	1.8573e+00	0.0000e+00
2.0155e+00	1.8684e-01	1.8571e+00	0.0000e+00
2.0401e+00	1.8504e-01	1.8567e+00	0.0000e+00
2.0474e+00	1.8481e-01	1.8561e+00	0.0000e+00
2.0325e+00	1.8550e-01	1.8558e+00	0.0000e+00
1.9991e+00	1.8710e-01	1.8559e+00	0.0000e+00
1.9591e+00	1.8994e-01	1.8561e+00	0.0000e+00
1.9294e+00	1.9319e-01	1.8566e+00	0.0000e+00
1.9154e+00	1.9565e-01	1.8583e+00	0.0000e+00
1.9131e+00	1.9703e-01	1.8617e+00	0.0000e+00
1.9183e+00	1.9785e-01	1.8651e+00	0.0000e+00
1.9251e+00	1.9854e-01	1.8676e+00	0.0000e+00
1.9316e+00	1.9900e-01	1.8694e+00	0.0000e+00
1.9361e+00	1.9976e-01	1.8724e+00	0.0000e+00
1.9368e+00	2.0129e-01	1.8758e+00	0.0000e+00
1.9362e+00	2.0294e-01	1.8804e+00	0.0000e+00
1.9351e+00	2.0268e-01	1.8855e+00	0.0000e+00
1.9500e+00	2.0188e-01	1.8881e+00	0.0000e+00
1.9751e+00	2.0079e-01	1.8875e+00	0.0000e+00
2.0013e+00	1.9955e-01	1.8859e+00	0.0000e+00
2.0195e+00	1.9829e-01	1.8830e+00	0.0000e+00
2.0237e+00	1.9739e-01	1.8802e+00	0.0000e+00
2.0142e+00	1.9739e-01	1.8768e+00	0.0000e+00
2.0009e+00	1.9755e-01	1.8743e+00	0.0000e+00
1.9865e+00	1.9759e-01	1.8717e+00	0.0000e+00
1.9728e+00	1.9752e-01	1.8693e+00	0.0000e+00
1.9622e+00	1.9741e-01	1.8670e+00	0.0000e+00
1.9543e+00	1.9730e-01	1.8652e+00	0.0000e+00
1.9464e+00	1.9742e-01	1.8636e+00	0.0000e+00
1.9374e+00	1.9791e-01	1.8616e+00	0.0000e+00
1.9277e+00	1.9859e-01	1.8595e+00	0.0000e+00
1.9173e+00	1.9927e-01	1.8568e+00	0.0000e+00
1.9054e+00	1.9983e-01	1.8545e+00	0.0000e+00
1.8920e+00	2.0027e-01	1.8527e+00	0.0000e+00
1.8984e+00	1.9920e-01	1.8514e+00	0.0000e+00
1.9195e+00	1.9754e-01	1.8500e+00	0.0000e+00
1.9530e+00	1.9573e-01	1.8493e+00	0.0000e+00
1.9913e+00	1.9404e-01	1.8485e+00	0.0000e+00
2.0263e+00	1.9240e-01	1.8483e+00	0.0000e+00
2.0506e+00	1.9103e-01	1.8473e+00	0.0000e+00
2.0524e+00	1.9078e-01	1.8463e+00	0.0000e+00
2.0291e+00	1.9118e-01	1.8437e+00	0.0000e+00
2.0143e+00	1.9100e-01	1.8411e+00	0.0000e+00
1.9999e+00	1.9084e-01	1.8382e+00	0.0000e+00
1.9847e+00	1.9105e-01	1.8364e+00	0.0000e+00
1.9681e+00	1.9185e-01	1.8351e+00	0.0000e+00
1.9508e+00	1.9312e-01	1.8341e+00	0.0000e+00
1.9342e+00	1.9489e-01	1.8326e+00	0.0000e+00
1.9256e+00	1.9495e-01	1.8311e+00	0.0000e+00
1.9305e+00	1.9424e-01	1.8295e+00	0.0000e+00
1.9474e+00	1.9325e-01	1.8280e+00	0.0000e+00
1.9701e+00	1.9213e-01	1.8263e+00	0.0000e+00
1.9903e+00	1.9095e-01	1.8243e+00	0.0000e+00
2.0011e+00	1.8980e-01	1.8226e+00	0.0000e+00
1.9995e+00	1.8893e-01	1.8207e+00	0.0000e+00
1.9887e+00	1.8891e-01	1.8191e+00	0.0000e+00
1.9761e+00	1.8944e-01	1.8182e+00	0.0000e+00
1.9636e+00	1.9012e-01	1.8172e+00	0.0000e+00
1.9511e+00	1.9097e-01	1.8155e+00	0.0000e+00
1.9457e+00	1.9093e-01	1.8130e+00	0.0000e+00
1.9523e+00	1.9029e-01	1.8104e+00	0.0000e+00
1.9692e+00	1.8949e-01	1.8086e+00	0.0000e+00
1.9904e+00	1.8864e-01	1.8076e+00	0.0000e+00
2.0082e+00	1.8779e-01	1.8078e+00	0.0000e+00
2.0162e+00	1.8700e-01	1.8082e+00	0.0000e+00
2.0127e+00	1.8643e-01	1.8089e+00	0.0000e+00
2.0034e+00	1.8634e-01	1.8087e+00	0.0000e+00
1.9942e+00	1.8635e-01	1.8093e+00	0.0000e+00
1.9847e+00	1.8647e-01	1.8101e+00	0.0000e+00
1.9742e+00	1.8677e-01	1.8111e+00	0.0000e+00
1.9628e+00	1.8728e-01	1.8099e+00	1.0000e+00
1.9505e+00	1.8794e-01	1.8081e+00	0.0000e+00
1.9388e+00	1.8807e-01	1.8055e+00	0.0000e+00
1.9292e+00	1.8811e-01	1.8032e+00	0.0000e+00
1.9212e+00	1.8822e-01	1.8015e+00	0.0000e+00
1.9055e+00	1.8869e-01	1.8003e+00	0.0000e+00
1.8792e+00	1.8937e-01	1.7991e+00	0.0000e+00
1.8458e+00	1.9007e-01	1.7982e+00	0.0000e+00
1.8116e+00	1.9075e-01	1.7986e+00	0.0000e+00
1.8118e+00	1.9041e-01	1.7997e+00	0.0000e+00
1.8193e+00	1.8999e-01	1.8008e+00	0.0000e+00
1.8343e+00	1.8956e-01	1.8030e+00	0.0000e+00
1.8528e+00	1.8915e-01	1.8063e+00	0.0000e+00
1.8685e+00	1.8879e-01	1.8097e+00	0.0000e+00
1.8762e+00	1.8853e-01	1.8119e+00	0.0000e+00
1.8741e+00	1.8850e-01	1.8133e+00	0.0000e+00
1.8653e+00	1.8881e-01	1.8140e+00	0.0000e+00
1.8548e+00	1.8944e-01	1.8116e+00	0.0000e+00
1.8441e+00	1.9040e-01	1.8073e+00	0.0000e+00
1.8333e+00	1.9156e-01	1.8019e+00	0.0000e+00
1.8222e+00	1.9270e-01	1.7986e+00	0.0000e+00
1.8115e+00	1.9353e-01	1.7976e+00	0.0000e+00
1.8012e+00	1.9423e-01	1.7970e+00	0.0000e+00
1.7909e+00	1.9495e-01	1.7946e+00	0.0000e+00
1.7803e+00	1.9592e-01	1.7909e+00	0.0000e+00
1.7690e+00	1.9723e-01	1.7868e+00	0.0000e+00
1.7622e+00	1.9838e-01	1.7851e+00	0.0000e+00
1.7557e+00	1.9921e-01	1.7851e+00	0.0000e+00
1.7474e+00	1.9922e-01	1.7860e+00	0.0000e+00
1.7403e+00	1.9880e-01	1.7868e+00	0.0000e+00
1.7381e+00	1.9840e-01	1.7882e+00	0.0000e+00
1.7426e+00	1.9801e-01	1.7881e+00	0.0000e+00
1.7527e+00	1.9756e-01	1.7876e+00	0.0000e+00
1.7635e+00	1.9694e-01	1.7869e+00	0.0000e+00
1.7686e+00	1.9620e-01	1.7879e+00	0.0000e+00
1.7668e+00	1.9554e-01	1.7898e+00	0.0000e+00
1.7597e+00	1.9522e-01	1.7930e+00	0.0000e+00
1.7505e+00	1.9523e-01	1.7966e+00	0.0000e+00
1.7418e+00	1.9540e-01	1.7996e+00	0.0000e+00
1.7333e+00	1.9578e-01	1.8018e+00	0.0000e+00
1.7243e+00	1.9643e-01	1.8035e+00	0.0000e+00
1.7148e+00	1.9735e-01	1.8050e+00	0.0000e+00
1.7148e+00	1.9735e-01	1.8054e+00	0.0000e+00
1.7148e+00	1.9735e-01	1.8057e+00	0.0000e+00
1.7148e+00	1.9735e-01	1.8046e+00	0.0000e+00
1.7148e+00	1.9735e-01	1.8015e+00	0.0000e+00
1.7148e+00	1.9735e-01	1.7966e+00	0.0000e+00
1.7148e+00	1.9735e-01	1.7920e+00	0.0000e+00
1.7148e+00	1.9735e-01	1.7888e+00	0.0000e+00
1.7148e+00	1.9735e-01	1.7851e+00	0.0000e+00
1.7148e+00	1.9735e-01	1.7796e+00	0.0000e+00
1.7148e+00	1.9735e-01	1.7764e+00	0.0000e+00
1.7148e+00	1.9735e-01	1.7715e+00	0.0000e+00
1.7099e+00	1.9790e-01	1.7664e+00	0.0000e+00
1.7075e+00	1.9800e-01	1.7628e+00	0.0000e+00
1.7079e+00	1.9792e-01	1.7605e+00	0.0000e+00
1.7091e+00	1.9782e-01	1.7582e+00	0.0000e+00
1.7088e+00	1.9778e-01	1.7565e+00	0.0000e+00
1.7055e+00	1.9789e-01	1.7544e+00	0.0000e+00
1.7035e+00	1.9790e-01	1.7527e+00	0.0000e+00
1.7050e+00	1.9772e-01	1.7508e+00	0.0000e+00
1.7093e+00	1.9739e-01	1.7489e+00	0.0000e+00
1.7208e+00	1.9645e-01	1.7472e+00	0.0000e+00
1.7291e+00	1.9571e-01	1.7456e+00	0.0000e+00
1.7280e+00	1.9563e-01	1.7441e+00	0.0000e+00
1.7132e+00	1.9630e-01	1.7396e+00	0.0000e+00
1.6880e+00	1.9774e-01	1.7343e+00	0.0000e+00
1.6587e+00	1.9933e-01	1.7285e+00	0.0000e+00
1.6317e+00	2.0090e-01	1.7222e+00	0.0000e+00
1.6120e+00	2.0246e-01	1.7193e+00	0.0000e+00
1.6012e+00	2.0385e-01	1.7169e+00	0.0000e+00
1.5990e+00	2.0440e-01	1.7151e+00	0.0000e+00
1.6064e+00	2.0312e-01	1.7156e+00	0.0000e+00
1.6224e+00	2.0096e-01	1.7173e+00	0.0000e+00
1.6449e+00	1.9876e-01	1.7204e+00	0.0000e+00
1.6693e+00	1.9699e-01	1.7237e+00	0.0000e+00
1.6903e+00	1.9575e-01	1.7288e+00	0.0000e+00
1.7050e+00	1.9494e-01	1.7361e+00	0.0000e+00
1.7117e+00	1.9462e-01	1.7438e+00	0.0000e+00
1.7115e+00	1.9506e-01	1.7489e+00	0.0000e+00
1.7051e+00	1.9619e-01	1.7520e+00	0.0000e+00
1.6921e+00	1.9774e-01	1.7525e+00	0.0000e+00
1.6744e+00	1.9924e-01	1.7521e+00	0.0000e+00
1.6562e+00	2.0051e-01	1.7507e+00	0.0000e+00
1.6409e+00	2.0140e-01	1.7493e+00	0.0000e+00
1.6310e+00	2.0164e-01	1.7490e+00	0.0000e+00
1.6263e+00	2.0113e-01	1.7503e+00	0.0000e+00
1.6234e+00	2.0038e-01	1.7521e+00	0.0000e+00
1.6201e+00	2.0001e-01	1.7534e+00	0.0000e+00
1.6156e+00	2.0024e-01	1.7537e+00	0.0000e+00
1.6106e+00	2.0073e-01	1.7533e+00	0.0000e+00
1.6089e+00	2.0071e-01	1.7524e+00	0.0000e+00
1.6141e+00	2.0029e-01	1.7515e+00	0.0000e+00
1.6270e+00	1.9972e-01	1.7508e+00	0.0000e+00
1.6471e+00	1.9884e-01	1.7509e+00	0.0000e+00
1.6686e+00	1.9795e-01	1.7514e+00	0.0000e+00
1.6821e+00	1.9739e-01	1.7493e+00	0.0000e+00
1.6822e+00	1.9718e-01	1.7451e+00	0.0000e+00
1.6697e+00	1.9740e-01	1.7401e+00	0.0000e+00
1.6512e+00	1.9805e-01	1.7365e+00	0.0000e+00
1.6357e+00	1.9852e-01	1.7345e+00	0.0000e+00
1.6290e+00	1.9857e-01	1.7345e+00	0.0000e+00
1.6308e+00	1.9820e-01	1.7333e+00	0.0000e+00
1.6358e+00	1.9787e-01	1.7303e+00	0.0000e+00
1.6414e+00	1.9776e-01	1.7245e+00	0.0000e+00
1.6456e+00	1.9787e-01	1.7146e+00	0.0000e+00
1.6458e+00	1.9813e-01	1.7036e+00	0.0000e+00
1.6414e+00	1.9853e-01	1.6962e+00	0.0000e+00
1.6359e+00	1.9846e-01	1.6918e+00	0.0000e+00
1.6346e+00	1.9779e-01	1.6922e+00	0.0000e+00
1.6397e+00	1.9693e-01	1.6963e+00	0.0000e+00
1.6433e+00	1.9654e-01	1.6999e+00	0.0000e+00
1.6479e+00	1.9621e-01	1.7042e+00	0.0000e+00
1.6537e+00	1.9592e-01	1.7082e+00	0.0000e+00
1.6562e+00	1.9621e-01	1.7096e+00	0.0000e+00
1.6503e+00	1.9683e-01	1.7104e+00	0.0000e+00
1.6371e+00	1.9752e-01	1.7101e+00	0.0000e+00
1.6206e+00	1.9822e-01	1.7093e+00	0.0000e+00
1.6058e+00	1.9890e-01	1.7085e+00	0.0000e+00
1.5968e+00	1.9953e-01	1.7088e+00	0.0000e+00
1.5952e+00	2.0001e-01	1.7111e+00	0.0000e+00
1.5908e+00	2.0019e-01	1.7152e+00	0.0000e+00
1.5883e+00	2.0016e-01	1.7210e+00	0.0000e+00
1.5863e+00	2.0010e-01	1.7271e+00	0.0000e+00
1.5854e+00	1.9990e-01	1.7354e+00	0.0000e+00
1.5861e+00	1.9942e-01	1.7414e+00	0.0000e+00
1.5883e+00	1.9859e-01	1.7442e+00	0.0000e+00
1.5937e+00	1.9711e-01	1.7444e+00	0.0000e+00
1.6015e+00	1.9651e-01	1.7415e+00	0.0000e+00
1.6082e+00	1.9634e-01	1.7375e+00	0.0000e+00
1.6122e+00	1.9636e-01	1.7353e+00	0.0000e+00
1.6128e+00	1.9649e-01	1.7343e+00	0.0000e+00
1.6103e+00	1.9672e-01	1.7348e+00	0.0000e+00
1.6058e+00	1.9711e-01	1.7349e+00	0.0000e+00
1.6008e+00	1.9776e-01	1.7345e+00	0.0000e+00
1.5964e+00	1.9863e-01	1.7304e+00	0.0000e+00
1.5932e+00	1.9905e-01	1.7252e+00	0.0000e+00
1.5909e+00	1.9938e-01	1.7241e+00	0.0000e+00
1.5892e+00	1.9956e-01	1.7315e+00	0.0000e+00
1.5833e+00	2.0026e-01	1.7477e+00	0.0000e+00
1.5693e+00	2.0132e-01	1.7668e+00	0.0000e+00
1.5479e+00	2.0240e-01	1.7879e+00	0.0000e+00
1.5226e+00	2.0351e-01	1.8108e+00	0.0000e+00
1.4984e+00	2.0475e-01	1.8329e+00	0.0000e+00
1.4803e+00	2.0625e-01	1.8510e+00	0.0000e+00
1.4719e+00	2.0734e-01	1.8635e+00	0.0000e+00
1.4753e+00	2.0700e-01	1.8692e+00	0.0000e+00
1.4882e+00	2.0631e-01	1.8688e+00	0.0000e+00
1.5092e+00	2.0551e-01	1.8679e+00	0.0000e+00
1.5345e+00	2.0456e-01	1.8766e+00	0.0000e+00
1.5581e+00	2.0348e-01	1.8954e+00	0.0000e+00
1.5751e+00	2.0233e-01	1.9291e+00	0.0000e+00
1.5835e+00	2.0134e-01	1.9826e+00	0.0000e+00
1.5835e+00	2.0114e-01	2.0156e+00	0.0000e+00
1.5783e+00	2.0172e-01	2.0501e+00	0.0000e+00
1.5713e+00	2.0233e-01	2.0794e+00	0.0000e+00
1.5724e+00	2.0248e-01	2.0904e+00	0.0000e+00
1.5729e+00	2.0273e-01	2.0933e+00	0.0000e+00
1.5732e+00	2.0304e-01	2.0896e+00	0.0000e+00
1.5712e+00	2.0343e-01	2.0821e+00	0.0000e+00
1.5626e+00	2.0391e-01	2.0717e+00	0.0000e+00
1.5470e+00	2.0441e-01	2.0604e+00	0.0000e+00
1.5277e+00	2.0491e-01	2.0479e+00	0.0000e+00
1.5103e+00	2.0538e-01	2.0345e+00	0.0000e+00
1.5000e+00	2.0576e-01	2.0199e+00	0.0000e+00
1.4989e+00	2.0594e-01	2.0048e+00	0.0000e+00
1.5043e+00	2.0578e-01	1.9897e+00	0.0000e+00
1.5118e+00	2.0529e-01	1.9752e+00	0.0000e+00
1.5197e+00	2.0446e-01	1.9622e+00	0.0000e+00
1.5281e+00	2.0338e-01	1.9506e+00	0.0000e+00
1.5370e+00	2.0228e-01	1.9384e+00	0.0000e+00
1.5460e+00	2.0147e-01	1.9293e+00	0.0000e+00
1.5549e+00	2.0078e-01	1.9220e+00	0.0000e+00
1.5640e+00	2.0004e-01	1.9151e+00	0.0000e+00
1.5739e+00	1.9900e-01	1.9110e+00	0.0000e+00
1.5850e+00	1.9752e-01	1.9089e+00	0.0000e+00
1.5974e+00	1.9540e-01	1.9076e+00	0.0000e+00
1.6143e+00	1.9393e-01	1.9060e+00	0.0000e+00
1.6253e+00	1.9420e-01	1.9036e+00	0.0000e+00
1.6226e+00	1.9554e-01	1.9010e+00	0.0000e+00
1.6039e+00	1.9722e-01	1.8986e+00	0.0000e+00
1.5741e+00	1.9867e-01	1.8966e+00	0.0000e+00
1.5400e+00	1.9994e-01	1.8950e+00	0.0000e+00
1.5092e+00	2.0119e-01	1.8939e+00	0.0000e+00
1.4891e+00	2.0230e-01	1.8931e+00	0.0000e+00
1.4849e+00	2.0275e-01	1.8931e+00	0.0000e+00
1.4981e+00	2.0233e-01	1.8933e+00	0.0000e+00
1.5228e+00	2.0151e-01	1.8934e+00	0.0000e+00
1.5532e+00	2.0047e-01	1.8944e+00	0.0000e+00
1.5844e+00	1.9926e-01	1.8991e+00	0.0000e+00
1.6107e+00	1.9797e-01	1.9110e+00	0.0000e+00
1.6293e+00	1.9678e-01	1.9378e+00	1.0000e+00
1.6290e+00	1.9716e-01	1.9734e+00	0.0000e+00
1.6290e+00	1.9716e-01	2.0032e+00	0.0000e+00
1.6290e+00	1.9716e-01	2.0288e+00	0.0000e+00
1.6290e+00	1.9716e-01	2.0445e+00	0.0000e+00
1.6290e+00	1.9716e-01	2.0601e+00	0.0000e+00
1.6290e+00	1.9716e-01	2.0723e+00	0.0000e+00
1.6290e+00	1.9716e-01	2.0754e+00	0.0000e+00
1.6290e+00	1.9716e-01	2.0734e+00	0.0000e+00
1.6290e+00	1.9716e-01	2.0684e+00	0.0000e+00
1.6290e+00	1.9716e-01	2.0624e+00	0.0000e+00
1.6290e+00	1.9716e-01	2.0567e+00	0.0000e+00
1.6325e+00	1.9692e-01	2.0515e+00	0.0000e+00
1.6299e+00	1.9767e-01	2.0465e+00	0.0000e+00
1.6218e+00	1.9920e-01	2.0414e+00	0.0000e+00
1.6112e+00	2.0133e-01	2.0362e+00	0.0000e+00
1.6054e+00	2.0222e-01	2.0306e+00	0.0000e+00
1.6124e+00	2.0174e-01	2.0247e+00	0.0000e+00
1.6277e+00	2.0100e-01	2.0188e+00	0.0000e+00
1.6452e+00	2.0043e-01	2.0134e+00	0.0000e+00
1.6602e+00	2.0007e-01	2.0077e+00	0.0000e+00
1.6698e+00	1.9994e-01	2.0026e+00	0.0000e+00
1.6739e+00	2.0020e-01	1.9998e+00	0.0000e+00
1.6772e+00	2.0089e-01	1.9970e+00	0.0000e+00
1.6804e+00	2.0168e-01	1.9938e+00	0.0000e+00
1.6832e+00	2.0174e-01	1.9923e+00	0.0000e+00
1.6900e+00	2.0121e-01	1.9935e+00	0.0000e+00
1.7010e+00	2.0022e-01	2.0022e+00	0.0000e+00
1.7122e+00	1.9918e-01	2.0163e+00	0.0000e+00
1.7237e+00	1.9817e-01	2.0349e+00	0.0000e+00
1.7338e+00	1.9752e-01	2.0546e+00	0.0000e+00
1.7357e+00	1.9804e-01	2.0727e+00	0.0000e+00
1.7265e+00	1.9896e-01	2.0876e+00	0.0000e+00
1.7078e+00	2.0001e-01	2.0982e+00	0.0000e+00
1.6854e+00	2.0110e-01	2.1037e+00	0.0000e+00
1.6661e+00	2.0214e-01	2.1047e+00	0.0000e+00
1.6545e+00	2.0301e-01	2.1020e+00	0.0000e+00
1.6538e+00	2.0323e-01	2.0965e+00	0.0000e+00
1.6587e+00	2.0272e-01	2.0905e+00	0.0000e+00
1.6642e+00	2.0166e-01	2.0849e+00	0.0000e+00
1.6687e+00	2.0052e-01	2.0791e+00	0.0000e+00
1.6710e+00	1.9977e-01	2.0725e+00	0.0000e+00
1.6698e+00	1.9966e-01	2.0624e+00	0.0000e+00
1.6671e+00	2.0003e-01	2.0534e+00	0.0000e+00
1.6656e+00	2.0055e-01	2.0441e+00	0.0000e+00
1.6670e+00	2.0093e-01	2.0324e+00	0.0000e+00
1.6706e+00	2.0093e-01	2.0231e+00	0.0000e+00
1.6754e+00	2.0058e-01	2.0141e+00	0.0000e+00
1.6807e+00	1.9977e-01	2.0055e+00	0.0000e+00
1.6894e+00	1.9820e-01	1.9974e+00	0.0000e+00
1.7013e+00	1.9700e-01	1.9897e+00	0.0000e+00
1.7119e+00	1.9642e-01	1.9825e+00	0.0000e+00
1.7159e+00	1.9626e-01	1.9761e+00	0.0000e+00
1.7093e+00	1.9640e-01	1.9705e+00	0.0000e+00
1.6926e+00	1.9691e-01	1.9655e+00	0.0000e+00
1.6710e+00	1.9788e-01	1.9612e+00	0.0000e+00
1.6519e+00	1.9938e-01	1.9573e+00	0.0000e+00
1.6415e+00	2.0062e-01	1.9536e+00	0.0000e+00
1.6369e+00	2.0126e-01	1.9502e+00	0.0000e+00
1.6326e+00	2.0183e-01	1.9469e+00	0.0000e+00
1.6257e+00	2.0248e-01	1.9436e+00	0.0000e+00
1.6167e+00	2.0308e-01	1.9403e+00	0.0000e+00
1.6061e+00	2.0350e-01	1.9365e+00	0.0000e+00
1.5947e+00	2.0375e-01	1.9330e+00	0.0000e+00
1.5843e+00	2.0398e-01	1.9309e+00	0.0000e+00
1.5784e+00	2.0411e-01	1.9284e+00	0.0000e+00
1.5832e+00	2.0341e-01	1.9258e+00	0.0000e+00
1.6004e+00	2.0272e-01	1.9240e+00	0.0000e+00
1.6242e+00	2.0241e-01	1.9223e+00	0.0000e+00
1.6471e+00	2.0214e-01	1.9211e+00	0.0000e+00
1.6735e+00	2.0110e-01	1.9202e+00	0.0000e+00
1.6944e+00	2.0006e-01	1.9194e+00	0.0000e+00
1.7050e+00	1.9910e-01	1.9187e+00	0.0000e+00
1.7051e+00	1.9841e-01	1.9181e+00	0.0000e+00
1.7019e+00	1.9794e-01	1.9174e+00	0.0000e+00
1.6996e+00	1.9743e-01	1.9163e+00	0.0000e+00
1.6979e+00	1.9686e-01	1.9149e+00	0.0000e+00
1.6964e+00	1.9625e-01	1.9122e+00	0.0000e+00
1.6946e+00	1.9571e-01	1.9093e+00	0.0000e+00
1.6921e+00	1.9527e-01	1.9064e+00	0.0000e+00
1.7001e+00	1.9493e-01	1.9039e+00	0.0000e+00
1.7065e+00	1.9484e-01	1.9009e+00	0.0000e+00
1.7100e+00	1.9497e-01	1.8982e+00	0.0000e+00
1.7103e+00	1.9536e-01	1.8950e+00	0.0000e+00
1.7079e+00	1.9629e-01	1.8923e+00	0.0000e+00
1.7042e+00	1.9744e-01	1.8896e+00	0.0000e+00
1.6991e+00	1.9825e-01	1.8872e+00	0.0000e+00
1.6877e+00	1.9897e-01	1.8851e+00	0.0000e+00
1.6680e+00	1.9976e-01	1.8836e+00	0.0000e+00
1.6409e+00	2.0078e-01	1.8826e+00	0.0000e+00
1.6114e+00	2.0211e-01	1.8814e+00	0.0000e+00
1.5867e+00	2.0355e-01	1.8803e+00	0.0000e+00
1.5715e+00	2.0475e-01	1.8789e+00	0.0000e+00
1.5684e+00	2.0504e-01	1.8778e+00	0.0000e+00
1.5784e+00	2.0372e-01	1.8762e+00	0.0000e+00
1.5997e+00	2.0202e-01	1.8749e+00	0.0000e+00
1.6303e+00	2.0016e-01	1.8731e+00	0.0000e+00
1.6657e+00	1.9824e-01	1.8715e+00	0.0000e+00
1.6986e+00	1.9648e-01	1.8693e+00	0.0000e+00
1.7228e+00	1.9488e-01	1.8667e+00	0.0000e+00
1.7360e+00	1.9362e-01	1.8638e+00	0.0000e+00
1.7414e+00	1.9306e-01	1.8618e+00	0.0000e+00
1.7436e+00	1.9341e-01	1.8641e+00	0.0000e+00
1.7475e+00	1.9310e-01	1.8718e+00	0.0000e+00
1.7525e+00	1.9258e-01	1.8934e+00	0.0000e+00
1.7510e+00	1.9306e-01	1.9350e+00	0.0000e+00
1.7390e+00	1.9376e-01	1.9761e+00	0.0000e+00
1.7178e+00	1.9443e-01	2.0167e+00	0.0000e+00
1.6923e+00	1.9508e-01	2.0522e+00	0.0000e+00
1.6693e+00	1.9576e-01	2.0806e+00	0.0000e+00
1.6535e+00	1.9642e-01	2.1030e+00	0.0000e+00
1.6460e+00	1.9717e-01	2.1197e+00	0.0000e+00
1.6452e+00	1.9773e-01	2.1317e+00	0.0000e+00
1.6495e+00	1.9723e-01	2.1408e+00	0.0000e+00
1.6565e+00	1.9647e-01	2.1463e+00	0.0000e+00
1.6531e+00	1.9626e-01	2.1501e+00	0.0000e+00
1.6493e+00	1.9610e-01	2.1524e+00	0.0000e+00
1.6471e+00	1.9582e-01	2.1534e+00	0.0000e+00
1.6534e+00	1.9522e-01	2.1535e+00	0.0000e+00
1.6693e+00	1.9450e-01	2.1516e+00	0.0000e+00
1.6913e+00	1.9376e-01	2.1467e+00	0.0000e+00
1.7132e+00	1.9304e-01	2.1433e+00	0.0000e+00
1.7290e+00	1.9241e-01	2.1367e+00	0.0000e+00
1.7346e+00	1.9195e-01	2.1256e+00	0.0000e+00
1.7304e+00	1.9190e-01	2.1178e+00	0.0000e+00
1.7218e+00	1.9214e-01	2.1095e+00	0.0000e+00
1.7120e+00	1.9258e-01	2.1050e+00	0.0000e+00
1.7014e+00	1.9347e-01	2.1083e+00	0.0000e+00
1.6909e+00	1.9462e-01	2.1158e+00	0.0000e+00
1.6813e+00	1.9573e-01	2.1247e+00	0.0000e+00
1.6735e+00	1.9637e-01	2.1323e+00	0.0000e+00
1.6668e+00	1.9681e-01	2.1364e+00	0.0000e+00
1.6602e+00	1.9714e-01	2.1368e+00	0.0000e+00
1.6527e+00	1.9738e-01	2.1334e+00	0.0000e+00
1.6438e+00	1.9760e-01	2.1266e+00	0.0000e+00
1.6340e+00	1.9794e-01	2.1173e+00	0.0000e+00
1.6212e+00	1.9829e-01	2.1065e+00	0.0000e+00
1.6118e+00	1.9835e-01	2.0937e+00	0.0000e+00
1.6072e+00	1.9801e-01	2.0758e+00	0.0000e+00
1.6071e+00	1.9741e-01	2.0556e+00	0.0000e+00
1.6082e+00	1.9709e-01	2.0385e+00	0.0000e+00
1.6085e+00	1.9717e-01	2.0206e+00	0.0000e+00
1.6082e+00	1.9736e-01	2.0055e+00	0.0000e+00
1.6087e+00	1.9723e-01	1.9968e+00	0.0000e+00
1.6112e+00	1.9709e-01	1.9863e+00	0.0000e+00
1.6131e+00	1.9709e-01	1.9762e+00	0.0000e+00
1.6118e+00	1.9710e-01	1.9691e+00	0.0000e+00
1.6058e+00	1.9713e-01	1.9627e+00	0.0000e+00
1.5955e+00	1.9720e-01	1.9602e+00	0.0000e+00
1.5831e+00	1.9735e-01	1.9587e+00	0.0000e+00
1.5716e+00	1.9789e-01	1.9585e+00	0.0000e+00
1.5639e+00	1.9873e-01	1.9605e+00	0.0000e+00
1.5556e+00	1.9983e-01	1.9664e+00	0.0000e+00
1.5473e+00	2.0068e-01	1.9706e+00	0.0000e+00
1.5401e+00	2.0109e-01	1.9713e+00	0.0000e+00
1.5342e+00	2.0110e-01	1.9685e+00	0.0000e+00
1.5292e+00	2.0092e-01	1.9632e+00	0.0000e+00
1.5244e+00	2.0070e-01	1.9579e+00	0.0000e+00
1.5189e+00	2.0055e-01	1.9546e+00	0.0000e+00
1.5126e+00	2.0069e-01	1.9533e+00	0.0000e+00
1.5062e+00	2.0108e-01	1.9525e+00	0.0000e+00
1.5048e+00	2.0099e-01	1.9520e+00	0.0000e+00
1.5102e+00	2.0035e-01	1.9509e+00	0.0000e+00
1.5226e+00	1.9926e-01	1.9490e+00	0.0000e+00
1.5378e+00	1.9764e-01	1.9470e+00	0.0000e+00
1.5521e+00	1.9553e-01	1.9459e+00	0.0000e+00
1.5608e+00	1.9430e-01	1.9461e+00	0.0000e+00
1.5602e+00	1.9406e-01	1.9478e+00	0.0000e+00
1.5503e+00	1.9423e-01	1.9507e+00	0.0000e+00
1.5323e+00	1.9454e-01	1.9547e+00	0.0000e+00
1.5101e+00	1.9508e-01	1.9596e+00	0.0000e+00
1.4900e+00	1.9594e-01	1.9636e+00	0.0000e+00
1.4757e+00	1.9692e-01	1.9657e+00	0.0000e+00
1.4658e+00	1.9794e-01	1.9668e+00	0.0000e+00
1.4607e+00	1.9854e-01	1.9665e+00	0.0000e+00
1.4586e+00	1.9896e-01	1.9655e+00	0.0000e+00
1.4539e+00	1.9952e-01	1.9652e+00	0.0000e+00
1.4477e+00	2.0025e-01	1.9653e+00	0.0000e+00
1.4410e+00	2.0099e-01	1.9667e+00	0.0000e+00
1.4339e+00	2.0213e-01	1.9719e+00	0.0000e+00
1.4267e+00	2.0357e-01	1.9831e+00	0.0000e+00
1.4204e+00	2.0460e-01	2.0056e+00	0.0000e+00
1.4167e+00	2.0476e-01	2.0415e+00	0.0000e+00
1.4197e+00	2.0418e-01	2.1025e+00	0.0000e+00
1.4298e+00	2.0342e-01	2.1684e+00	0.0000e+00
1.4446e+00	2.0265e-01	2.2154e+00	0.0000e+00
1.4606e+00	2.0192e-01	2.2506e+00	0.0000e+00
1.4718e+00	2.0143e-01	2.2727e+00	0.0000e+00
1.4783e+00	2.0113e-01	2.2823e+00	0.0000e+00
1.4801e+00	2.0112e-01	2.2831e+00	0.0000e+00
1.4785e+00	2.0146e-01	2.2768e+00	0.0000e+00
1.4760e+00	2.0178e-01	2.2668e+00	0.0000e+00
1.4745e+00	2.0171e-01	2.2554e+00	0.0000e+00
1.4739e+00	2.0138e-01	2.2422e+00	0.0000e+00
1.4726e+00	2.0113e-01	2.2252e+00	0.0000e+00
1.4693e+00	2.0114e-01	2.2050e+00	0.0000e+00
1.4650e+00	2.0125e-01	2.1841e+00	0.0000e+00
1.4638e+00	2.0087e-01	2.1637e+00	0.0000e+00
1.4701e+00	2.0032e-01	2.1441e+00	0.0000e+00
1.4820e+00	2.0009e-01	2.1260e+00	0.0000e+00
1.4940e+00	2.0011e-01	2.1085e+00	0.0000e+00
1.5015e+00	2.0019e-01	2.0911e+00	0.0000e+00
1.5027e+00	2.0024e-01	2.0745e+00	0.0000e+00
1.4986e+00	2.0027e-01	2.0558e+00	0.0000e+00
1.4918e+00	2.0047e-01	2.0416e+00	0.0000e+00
1.4866e+00	2.0068e-01	2.0285e+00	0.0000e+00
1.4840e+00	2.0078e-01	2.0156e+00	0.0000e+00
1.4821e+00	2.0107e-01	2.0097e+00	0.0000e+00
1.4810e+00	2.0139e-01	2.0073e+00	0.0000e+00
1.4800e+00	2.0194e-01	2.0076e+00	0.0000e+00
1.4778e+00	2.0291e-01	2.0094e+00	0.0000e+00
1.4749e+00	2.0413e-01	2.0111e+00	0.0000e+00
1.4727e+00	2.0496e-01	2.0120e+00	0.0000e+00
1.4719e+00	2.0556e-01	2.0121e+00	0.0000e+00
1.4721e+00	2.0608e-01	2.0105e+00	0.0000e+00
1.4716e+00	2.0672e-01	2.0070e+00	0.0000e+00
1.4666e+00	2.0790e-01	2.0022e+00	0.0000e+00
1.4544e+00	2.0922e-01	1.9959e+00	0.0000e+00
1.4390e+00	2.0962e-01	1.9878e+00	0.0000e+00
1.4264e+00	2.0972e-01	1.9786e+00	0.0000e+00
1.4205e+00	2.0974e-01	1.9705e+00	0.0000e+00
1.4229e+00	2.0973e-01	1.9649e+00	0.0000e+00
1.4325e+00	2.0971e-01	1.9613e+00	0.0000e+00
1.4448e+00	2.0959e-01	1.9569e+00	0.0000e+00
1.4515e+00	2.0949e-01	1.9522e+00	0.0000e+00
1.4495e+00	2.0992e-01	1.9466e+00	0.0000e+00
1.4423e+00	2.1151e-01	1.9397e+00	0.0000e+00
1.4346e+00	2.1299e-01	1.9316e+00	0.0000e+00
1.4279e+00	2.1418e-01	1.9243e+00	0.0000e+00
1.4221e+00	2.1522e-01	1.9174e+00	0.0000e+00
1.4170e+00	2.1623e-01	1.9119e+00	0.0000e+00
1.4125e+00	2.1721e-01	1.9072e+00	0.0000e+00
1.4093e+00	2.1815e-01	1.9039e+00	0.0000e+00
1.4077e+00	2.1879e-01	1.9012e+00	0.0000e+00
1.4075e+00	2.1886e-01	1.8993e+00	0.0000e+00
1.4075e+00	2.1870e-01	1.8976e+00	0.0000e+00
1.4057e+00	2.1896e-01	1.8958e+00	0.0000e+00
1.4020e+00	2.1952e-01	1.8942e+00	0.0000e+00
1.3977e+00	2.2027e-01	1.8924e+00	0.0000e+00
1.3938e+00	2.2129e-01	1.8911e+00	0.0000e+00
1.3916e+00	2.2219e-01	1.8895e+00	0.0000e+00
1.3929e+00	2.2209e-01	1.8880e+00	0.0000e+00
1.3998e+00	2.2140e-01	1.8860e+00	0.0000e+00
1.4117e+00	2.2071e-01	1.8845e+00	0.0000e+00
1.4229e+00	2.2036e-01	1.8816e+00	0.0000e+00
1.4260e+00	2.2029e-01	1.8785e+00	0.0000e+00
1.4180e+00	2.2038e-01	1.8754e+00	0.0000e+00
1.4005e+00	2.2073e-01	1.8725e+00	0.0000e+00
1.3790e+00	2.2158e-01	1.8698e+00	0.0000e+00
1.3622e+00	2.2252e-01	1.8680e+00	0.0000e+00
1.3547e+00	2.2317e-01	1.8671e+00	0.0000e+00
1.3550e+00	2.2328e-01	1.8678e+00	0.0000e+00
1.3600e+00	2.2282e-01	1.8688e+00	0.0000e+00
1.3659e+00	2.2277e-01	1.8706e+00	0.0000e+00
1.3711e+00	2.2323e-01	1.8715e+00	0.0000e+00
1.3741e+00	2.2397e-01	1.8713e+00	0.0000e+00
1.3740e+00	2.2486e-01	1.8695e+00	0.0000e+00
1.3716e+00	2.2573e-01	1.8673e+00	0.0000e+00
1.3691e+00	2.2635e-01	1.8648e+00	0.0000e+00
1.3679e+00	2.2676e-01	1.8628e+00	0.0000e+00
1.3682e+00	2.2707e-01	1.8612e+00	0.0000e+00
1.3695e+00	2.2723e-01	1.8600e+00	0.0000e+00
1.3708e+00	2.2732e-01	1.8592e+00	0.0000e+00
1.3705e+00	2.2783e-01	1.8584e+00	0.0000e+00
1.3709e+00	2.2803e-01	1.8579e+00	0.0000e+00
1.3758e+00	2.2789e-01	1.8575e+00	0.0000e+00
1.3873e+00	2.2756e-01	1.8575e+00	0.0000e+00
1.4020e+00	2.2743e-01	1.8571e+00	0.0000e+00
1.4112e+00	2.2782e-01	1.8573e+00	0.0000e+00
1.4102e+00	2.2868e-01	1.8575e+00	0.0000e+00
1.3991e+00	2.3008e-01	1.8583e+00	0.0000e+00
1.3825e+00	2.3193e-01	1.8586e+00	0.0000e+00
1.3682e+00	2.3365e-01	1.8591e+00	0.0000e+00
1.3615e+00	2.3459e-01	1.8588e+00	0.0000e+00
1.3628e+00	2.3473e-01	1.8582e+00	0.0000e+00
1.3670e+00	2.3468e-01	1.8561e+00	0.0000e+00
1.3704e+00	2.3467e-01	1.8538e+00	0.0000e+00
1.3735e+00	2.3449e-01	1.8515e+00	0.0000e+00
1.3763e+00	2.3406e-01	1.8491e+00	0.0000e+00
1.3790e+00	2.3344e-01	1.8466e+00	0.0000e+00
1.3807e+00	2.3312e-01	1.8445e+00	0.0000e+00
1.3822e+00	2.3306e-01	1.8427e+00	0.0000e+00
1.3858e+00	2.3281e-01	1.8420e+00	0.0000e+00
1.3954e+00	2.3223e-01	1.8419e+00	0.0000e+00
1.4122e+00	2.3143e-01	1.8423e+00	0.0000e+00
1.4335e+00	2.3039e-01	1.8429e+00	0.0000e+00
1.4543e+00	2.2917e-01	1.8446e+00	0.0000e+00
1.4700e+00	2.2814e-01	1.8464e+00	0.0000e+00
1.4778e+00	2.2754e-01	1.8493e+00	0.0000e+00
1.4784e+00	2.2751e-01	1.8522e+00	0.0000e+00
1.4759e+00	2.2783e-01	1.8555e+00	0.0000e+00
1.4745e+00	2.2783e-01	1.8579e+00	0.0000e+00
1.4749e+00	2.2775e-01	1.8597e+00	0.0000e+00
1.4747e+00	2.2813e-01	1.8608e+00	0.0000e+00
1.4699e+00	2.2913e-01	1.8616e+00	0.0000e+00
1.4590e+00	2.3040e-01	1.8622e+00	0.0000e+00
1.4436e+00	2.3174e-01	1.8625e+00	0.0000e+00
1.4271e+00	2.3314e-01	1.8628e+00	0.0000e+00
1.4134e+00	2.3454e-01	1.8623e+00	0.0000e+00
1.4060e+00	2.3578e-01	1.8618e+00	0.0000e+00
1.4071e+00	2.3596e-01	1.8606e+00	0.0000e+00
1.4172e+00	2.3498e-01	1.8592e+00	0.0000e+00
1.4352e+00	2.3376e-01	1.8563e+00	0.0000e+00
1.4581e+00	2.3258e-01	1.8522e+00	0.0000e+00
1.4806e+00	2.3168e-01	1.8473e+00	0.0000e+00
1.4980e+00	2.3106e-01	1.8436e+00	0.0000e+00
1.5075e+00	2.3061e-01	1.8405e+00	0.0000e+00
1.5101e+00	2.3044e-01	1.8381e+00	0.0000e+00
1.5110e+00	2.3075e-01	1.8362e+00	0.0000e+00
1.5131e+00	2.3092e-01	1.8359e+00	0.0000e+00
1.5150e+00	2.3093e-01	1.8361e+00	0.0000e+00
1.5112e+00	2.3153e-01	1.8365e+00	0.0000e+00
1.5006e+00	2.3247e-01	1.8360e+00	0.0000e+00
1.4864e+00	2.3305e-01	1.8363e+00	0.0000e+00
1.4726e+00	2.3338e-01	1.8374e+00	0.0000e+00
1.4630e+00	2.3361e-01	1.8402e+00	0.0000e+00
1.4580e+00	2.3385e-01	1.8419e+00	0.0000e+00
1.4558e+00	2.3407e-01	1.8434e+00	0.0000e+00
1.4589e+00	2.3410e-01	1.8443e+00	0.0000e+00
1.4697e+00	2.3397e-01	1.8442e+00	0.0000e+00
1.4874e+00	2.3354e-01	1.8432e+00	0.0000e+00
1.5069e+00	2.3267e-01	1.8414e+00	0.0000e+00
1.5229e+00	2.3144e-01	1.8394e+00	0.0000e+00
1.5328e+00	2.2984e-01	1.8369e+00	0.0000e+00
1.5355e+00	2.2855e-01	1.8344e+00	0.0000e+00
1.5341e+00	2.2845e-01	1.8304e+00	0.0000e+00
1.5329e+00	2.2842e-01	1.8271e+00	0.0000e+00
1.5323e+00	2.2827e-01	1.8244e+00	0.0000e+00
1.5323e+00	2.2811e-01	1.8214e+00	0.0000e+00
1.5326e+00	2.2781e-01	1.8191e+00	0.0000e+00
1.5329e+00	2.2766e-01	1.8167e+00	0.0000e+00
1.5323e+00	2.2819e-01	1.8127e+00	0.0000e+00
1.5294e+00	2.2920e-01	1.8094e+00	0.0000e+00
1.5236e+00	2.2976e-01	1.8057e+00	0.0000e+00
1.5180e+00	2.3001e-01	1.8026e+00	0.0000e+00
1.5153e+00	2.3016e-01	1.7996e+00	0.0000e+00
1.5166e+00	2.3022e-01	1.7977e+00	0.0000e+00
1.5218e+00	2.3015e-01	1.7959e+00	0.0000e+00
1.5296e+00	2.2988e-01	1.7949e+00	0.0000e+00
1.5286e+00	2.3009e-01	1.7938e+00	0.0000e+00
1.5325e+00	2.2977e-01	1.7936e+00	0.0000e+00
1.5388e+00	2.2931e-01	1.7930e+00	0.0000e+00
1.5457e+00	2.2897e-01	1.7927e+00	0.0000e+00
1.5522e+00	2.2877e-01	1.7916e+00	0.0000e+00
1.5587e+00	2.2866e-01	1.7901e+00	0.0000e+00
1.5657e+00	2.2854e-01	1.7882e+00	0.0000e+00
1.5731e+00	2.2849e-01	1.7852e+00	0.0000e+00
1.5774e+00	2.2897e-01	1.7827e+00	0.0000e+00
1.5743e+00	2.2971e-01	1.7801e+00	0.0000e+00
1.5628e+00	2.3053e-01	1.7767e+00	0.0000e+00
1.5390e+00	2.3163e-01	1.7750e+00	0.0000e+00
1.5143e+00	2.3274e-01	1.7734e+00	0.0000e+00
1.4934e+00	2.3380e-01	1.7722e+00	0.0000e+00
1.4802e+00	2.3461e-01	1.7706e+00	0.0000e+00
1.4753e+00	2.3476e-01	1.7689e+00	0.0000e+00
1.4747e+00	2.3439e-01	1.7675e+00	0.0000e+00
1.4755e+00	2.3374e-01	1.7664e+00	0.0000e+00
1.4774e+00	2.3273e-01	1.7652e+00	0.0000e+00
1.4800e+00	2.3165e-01	1.7633e+00	0.0000e+00
1.4838e+00	2.3048e-01	1.7622e+00	0.0000e+00
1.4878e+00	2.2915e-01	1.7619e+00	0.0000e+00
1.4912e+00	2.2788e-01	1.7620e+00	0.0000e+00
1.4947e+00	2.2714e-01	1.7614e+00	0.0000e+00
1.4986e+00	2.2659e-01	1.7608e+00	0.0000e+00
1.5024e+00	2.2599e-01	1.7612e+00	0.0000e+00
1.5053e+00	2.2527e-01	1.7622e+00	0.0000e+00
1.5068e+00	2.2455e-01	1.7632e+00	0.0000e+00
1.5068e+00	2.2426e-01	1.7637e+00	0.0000e+00
1.5016e+00	2.2552e-01	1.7634e+00	0.0000e+00
1.4880e+00	2.2754e-01	1.7622e+00	0.0000e+00
1.4672e+00	2.2966e-01	1.7601e+00	0.0000e+00
1.4466e+00	2.3061e-01	1.7580e+00	0.0000e+00
1.4339e+00	2.3103e-01	1.7555e+00	0.0000e+00
1.4337e+00	2.3116e-01	1.7528e+00	0.0000e+00
1.4454e+00	2.3098e-01	1.7498e+00	0.0000e+00
1.4641e+00	2.3019e-01	1.7465e+00	0.0000e+00
1.4815e+00	2.2824e-01	1.7429e+00	0.0000e+00
1.4910e+00	2.2667e-01	1.7391e+00	0.0000e+00
1.4944e+00	2.2591e-01	1.7353e+00	0.0000e+00
1.4970e+00	2.2527e-01	1.7318e+00	0.0000e+00
1.5002e+00	2.2459e-01	1.7289e+00	0.0000e+00
1.5031e+00	2.2400e-01	1.7265e+00	0.0000e+00
1.5051e+00	2.2363e-01	1.7244e+00	0.0000e+00
1.5060e+00	2.2353e-01	1.7224e+00	0.0000e+00
1.5070e+00	2.2344e-01	1.7208e+00	0.0000e+00
1.5085e+00	2.2328e-01	1.7193e+00	0.0000e+00
1.5104e+00	2.2318e-01	1.7184e+00	0.0000e+00
1.5123e+00	2.2305e-01	1.7179e+00	0.0000e+00
1.5204e+00	2.2242e-01	1.7179e+00	0.0000e+00
1.5286e+00	2.2131e-01	1.7188e+00	0.0000e+00
1.5364e+00	2.2006e-01	1.7202e+00	0.0000e+00
1.5408e+00	2.1977e-01	1.7224e+00	0.0000e+00
1.5391e+00	2.2018e-01	1.7244e+00	0.0000e+00
1.5306e+00	2.2091e-01	1.7260e+00	0.0000e+00
1.5180e+00	2.2181e-01	1.7279e+00	0.0000e+00
1.5052e+00	2.2276e-01	1.7305e+00	0.0000e+00
1.4965e+00	2.2366e-01	1.7343e+00	0.0000e+00
1.4942e+00	2.2432e-01	1.7388e+00	0.0000e+00
1.4948e+00	2.2474e-01	1.7436e+00	0.0000e+00
1.4970e+00	2.2483e-01	1.7479e+00	0.0000e+00
1.4965e+00	2.2504e-01	1.7512e+00	0.0000e+00
1.4922e+00	2.2526e-01	1.7531e+00	0.0000e+00
1.4851e+00	2.2541e-01	1.7531e+00	0.0000e+00
1.4757e+00	2.2550e-01	1.7514e+00	0.0000e+00
1.4650e+00	2.2572e-01	1.7489e+00	0.0000e+00
1.4551e+00	2.2599e-01	1.7447e+00	0.0000e+00
1.4529e+00	2.2496e-01	1.7417e+00	0.0000e+00
1.4619e+00	2.2347e-01	1.7379e+00	0.0000e+00
1.4794e+00	2.2213e-01	1.7338e+00	0.0000e+00
1.5017e+00	2.2095e-01	1.7295e+00	0.0000e+00
1.5239e+00	2.1985e-01	1.7243e+00	0.0000e+00
1.5418e+00	2.1877e-01	1.7203e+00	0.0000e+00
1.5528e+00	2.1752e-01	1.7169e+00	0.0000e+00
1.5549e+00	2.1658e-01	1.7142e+00	0.0000e+00
1.5496e+00	2.1710e-01	1.7120e+00	0.0000e+00
1.5378e+00	2.1785e-01	1.7102e+00	0.0000e+00
1.5193e+00	2.1858e-01	1.7088e+00	0.0000e+00
1.4963e+00	2.1905e-01	1.7075e+00	0.0000e+00
1.4728e+00	2.1913e-01	1.7059e+00	0.0000e+00
1.4523e+00	2.1883e-01	1.7042e+00	0.0000e+00
1.4375e+00	2.1812e-01	1.7025e+00	0.0000e+00
1.4278e+00	2.1718e-01	1.7010e+00	0.0000e+00
1.4202e+00	2.1645e-01	1.6996e+00	0.0000e+00
1.4128e+00	2.1639e-01	1.6984e+00	0.0000e+00
1.4067e+00	2.1672e-01	1.6973e+00	0.0000e+00
1.4023e+00	2.1698e-01	1.6961e+00	0.0000e+00
1.4021e+00	2.1685e-01	1.6947e+00	0.0000e+00
1.4103e+00	2.1598e-01	1.6926e+00	0.0000e+00
1.4270e+00	2.1481e-01	1.6903e+00	0.0000e+00
1.4493e+00	2.1378e-01	1.6879e+00	0.0000e+00
1.4728e+00	2.1280e-01	1.6851e+00	0.0000e+00
1.4926e+00	2.1179e-01	1.6823e+00	0.0000e+00
1.5038e+00	2.1128e-01	1.6810e+00	0.0000e+00
1.5015e+00	2.1154e-01	1.6808e+00	0.0000e+00
1.4867e+00	2.1235e-01	1.6804e+00	0.0000e+00
1.4644e+00	2.1349e-01	1.6794e+00	0.0000e+00
1.4417e+00	2.1460e-01	1.6766e+00	0.0000e+00
1.4233e+00	2.1565e-01	1.6720e+00	0.0000e+00
1.4116e+00	2.1670e-01	1.6667e+00	0.0000e+00
1.4070e+00	2.1756e-01	1.6615e+00	0.0000e+00
1.4068e+00	2.1810e-01	1.6570e+00	0.0000e+00
1.4077e+00	2.1843e-01	1.6534e+00	0.0000e+00
1.4088e+00	2.1824e-01	1.6507e+00	0.0000e+00
1.4101e+00	2.1763e-01	1.6490e+00	0.0000e+00
1.4117e+00	2.1668e-01	1.6489e+00	0.0000e+00
1.4141e+00	2.1559e-01	1.6507e+00	0.0000e+00
1.4182e+00	2.1444e-01	1.6539e+00	0.0000e+00
1.4241e+00	2.1316e-01	1.6579e+00	0.0000e+00
1.4306e+00	2.1176e-01	1.6640e+00	0.0000e+00
1.4356e+00	2.1042e-01	1.6683e+00	0.0000e+00
1.4357e+00	2.0978e-01	1.6691e+00	0.0000e+00
1.4272e+00	2.0997e-01	1.6684e+00	0.0000e+00
1.4091e+00	2.1066e-01	1.6637e+00	0.0000e+00
1.3840e+00	2.1177e-01	1.6567e+00	0.0000e+00
1.3610e+00	2.1258e-01	1.6499e+00	0.0000e+00
1.3518e+00	2.1268e-01	1.6449e+00	0.0000e+00
1.3609e+00	2.1258e-01	1.6387e+00	0.0000e+00
1.3851e+00	2.1217e-01	1.6310e+00	0.0000e+00
1.4144e+00	2.1113e-01	1.6220e+00	0.0000e+00
1.4397e+00	2.0995e-01	1.6139e+00	0.0000e+00
1.4571e+00	2.0883e-01	1.6104e+00	0.0000e+00
1.4659e+00	2.0795e-01	1.6113e+00	0.0000e+00
1.4695e+00	2.0767e-01	1.6144e+00	0.0000e+00
1.4710e+00	2.0809e-01	1.6185e+00	0.0000e+00
1.4706e+00	2.0865e-01	1.6234e+00	0.0000e+00
1.4675e+00	2.0910e-01	1.6306e+00	0.0000e+00
1.4626e+00	2.0945e-01	1.6392e+00	0.0000e+00
1.4567e+00	2.0978e-01	1.6515e+00	0.0000e+00
1.4468e+00	2.1026e-01	1.6630e+00	0.0000e+00
1.4323e+00	2.1080e-01	1.6757e+00	0.0000e+00
1.4147e+00	2.1127e-01	1.6906e+00	0.0000e+00
1.3978e+00	2.1170e-01	1.6983e+00	0.0000e+00
1.3859e+00	2.1212e-01	1.7055e+00	0.0000e+00
1.3813e+00	2.1251e-01	1.7092e+00	0.0000e+00
1.3836e+00	2.1265e-01	1.7074e+00	0.0000e+00
1.3896e+00	2.1156e-01	1.7033e+00	0.0000e+00
1.3945e+00	2.1061e-01	1.6982e+00	0.0000e+00
1.3981e+00	2.1005e-01	1.6934e+00	0.0000e+00
1.4012e+00	2.0950e-01	1.6893e+00	0.0000e+00
1.4043e+00	2.0862e-01	1.6852e+00	0.0000e+00
1.4116e+00	2.0682e-01	1.6804e+00	0.0000e+00
1.4270e+00	2.0446e-01	1.6758e+00	0.0000e+00
1.4484e+00	2.0249e-01	1.6709e+00	0.0000e+00
1.4683e+00	2.0187e-01	1.6655e+00	0.0000e+00
1.4775e+00	2.0187e-01	1.6596e+00	0.0000e+00
1.4718e+00	2.0211e-01	1.6535e+00	0.0000e+00
1.4524e+00	2.0267e-01	1.6476e+00	0.0000e+00
1.4250e+00	2.0419e-01	1.6430e+00	0.0000e+00
1.3988e+00	2.0693e-01	1.6425e+00	0.0000e+00
1.3919e+00	2.0876e-01	1.6466e+00	0.0000e+00
1.3856e+00	2.1022e-01	1.6527e+00	0.0000e+00
1.3799e+00	2.1135e-01	1.6662e+00	0.0000e+00
1.3740e+00	2.1219e-01	1.6817e+00	0.0000e+00
1.3679e+00	2.1282e-01	1.6930e+00	0.0000e+00
1.3619e+00	2.1319e-01	1.7026e+00	0.0000e+00
1.3562e+00	2.1342e-01	1.7115e+00	0.0000e+00
1.3505e+00	2.1366e-01	1.7218e+00	0.0000e+00
1.3450e+00	2.1390e-01	1.7308e+00	0.0000e+00
1.3406e+00	2.1406e-01	1.7359e+00	0.0000e+00
1.3381e+00	2.1406e-01	1.7371e+00	0.0000e+00
1.3427e+00	2.1368e-01	1.7363e+00	0.0000e+00
1.3503e+00	2.1324e-01	1.7336e+00	0.0000e+00
1.3632e+00	2.1253e-01	1.7293e+00	0.0000e+00
1.3810e+00	2.1171e-01	1.7235e+00	0.0000e+00
1.4026e+00	2.1097e-01	1.7172e+00	0.0000e+00
1.4241e+00	2.1029e-01	1.7109e+00	0.0000e+00
1.4420e+00	2.0949e-01	1.7052e+00	0.0000e+00
1.4531e+00	2.0883e-01	1.7003e+00	0.0000e+00
1.4568e+00	2.0861e-01	1.6964e+00	0.0000e+00
1.4585e+00	2.0867e-01	1.6933e+00	0.0000e+00
1.4594e+00	2.0885e-01	1.6929e+00	0.0000e+00
1.4596e+00	2.0909e-01	1.6965e+00	0.0000e+00
1.4585e+00	2.0929e-01	1.7074e+00	0.0000e+00
1.4555e+00	2.0954e-01	1.7193e+00	0.0000e+00
1.4525e+00	2.0965e-01	1.7442e+00	0.0000e+00
1.4514e+00	2.0954e-01	1.7885e+00	0.0000e+00
1.4524e+00	2.0914e-01	1.8338e+00	0.0000e+00
1.4548e+00	2.0847e-01	1.8801e+00	0.0000e+00
1.4575e+00	2.0748e-01	1.9214e+00	0.0000e+00
1.4609e+00	2.0622e-01	1.9538e+00	0.0000e+00
1.4672e+00	2.0485e-01	1.9757e+00	0.0000e+00
1.4752e+00	2.0430e-01	1.9869e+00	0.0000e+00
1.4810e+00	2.0404e-01	1.9892e+00	0.0000e+00
1.4823e+00	2.0389e-01	1.9857e+00	0.0000e+00
1.4781e+00	2.0385e-01	1.9804e+00	0.0000e+00
1.4698e+00	2.0395e-01	1.9750e+00	0.0000e+00
1.4605e+00	2.0428e-01	1.9695e+00	0.0000e+00
1.4538e+00	2.0503e-01	1.9627e+00	0.0000e+00
1.4519e+00	2.0526e-01	1.9535e+00	0.0000e+00
1.4510e+00	2.0508e-01	1.9381e+00	0.0000e+00
1.4499e+00	2.0472e-01	1.9208e+00	0.0000e+00
1.4498e+00	2.0416e-01	1.9106e+00	0.0000e+00
1.4511e+00	2.0329e-01	1.8981e+00	0.0000e+00
1.4534e+00	2.0229e-01	1.8842e+00	0.0000e+00
1.4548e+00	2.0153e-01	1.8747e+00	0.0000e+00
1.4541e+00	2.0117e-01	1.8664e+00	0.0000e+00
1.4544e+00	2.0067e-01	1.8590e+00	0.0000e+00
1.4611e+00	1.9967e-01	1.8523e+00	0.0000e+00
1.4709e+00	1.9894e-01	1.8458e+00	0.0000e+00
1.4877e+00	1.9818e-01	1.8398e+00	0.0000e+00
1.5071e+00	1.9745e-01	1.8341e+00	0.0000e+00
1.5248e+00	1.9677e-01	1.8298e+00	0.0000e+00
1.5366e+00	1.9620e-01	1.8271e+00	0.0000e+00
1.5403e+00	1.9586e-01	1.8256e+00	0.0000e+00
1.5381e+00	1.9595e-01	1.8246e+00	0.0000e+00
1.5335e+00	1.9644e-01	1.8241e+00	0.0000e+00
1.5277e+00	1.9706e-01	1.8238e+00	0.0000e+00
1.5213e+00	1.9769e-01	1.8230e+00	0.0000e+00
1.5175e+00	1.9758e-01	1.8218e+00	0.0000e+00
1.5137e+00	1.9746e-01	1.8199e+00	0.0000e+00
1.5106e+00	1.9751e-01	1.8166e+00	0.0000e+00
1.5086e+00	1.9792e-01	1.8125e+00	0.0000e+00
1.5074e+00	1.9853e-01	1.8087e+00	0.0000e+00
1.5077e+00	1.9870e-01	1.8056e+00	0.0000e+00
1.5101e+00	1.9812e-01	1.8017e+00	0.0000e+00
1.5140e+00	1.9712e-01	1.7977e+00	0.0000e+00
1.5144e+00	1.9708e-01	1.7937e+00	0.0000e+00
1.5069e+00	1.9749e-01	1.7903e+00	0.0000e+00
1.4928e+00	1.9789e-01	1.7891e+00	0.0000e+00
1.4784e+00	1.9812e-01	1.7883e+00	0.0000e+00
1.4690e+00	1.9829e-01	1.7873e+00	0.0000e+00
1.4666e+00	1.9840e-01	1.7857e+00	0.0000e+00
1.4709e+00	1.9841e-01	1.7837e+00	0.0000e+00
1.4795e+00	1.9812e-01	1.7820e+00	0.0000e+00
1.4882e+00	1.9739e-01	1.7810e+00	0.0000e+00
1.4951e+00	1.9715e-01	1.7804e+00	0.0000e+00
1.5015e+00	1.9709e-01	1.7802e+00	0.0000e+00
1.5070e+00	1.9704e-01	1.7800e+00	0.0000e+00
1.5115e+00	1.9697e-01	1.7798e+00	0.0000e+00
1.5152e+00	1.9692e-01	1.7791e+00	0.0000e+00
1.5179e+00	1.9694e-01	1.7777e+00	0.0000e+00
1.5201e+00	1.9685e-01	1.7760e+00	0.0000e+00
1.5225e+00	1.9661e-01	1.7745e+00	0.0000e+00
1.5249e+00	1.9637e-01	1.7720e+00	0.0000e+00
1.5262e+00	1.9628e-01	1.7704e+00	0.0000e+00
1.5263e+00	1.9641e-01	1.7709e+00	0.0000e+00
1.5247e+00	1.9675e-01	1.7712e+00	0.0000e+00
1.5171e+00	1.9750e-01	1.7710e+00	0.0000e+00
1.5019e+00	1.9860e-01	1.7700e+00	0.0000e+00
1.4810e+00	1.9992e-01	1.7682e+00	0.0000e+00
1.4589e+00	2.0121e-01	1.7656e+00	0.0000e+00
1.4393e+00	2.0241e-01	1.7625e+00	0.0000e+00
1.4244e+00	2.0374e-01	1.7592e+00	0.0000e+00
1.4154e+00	2.0510e-01	1.7564e+00	0.0000e+00
1.4110e+00	2.0615e-01	1.7570e+00	0.0000e+00
1.4096e+00	2.0681e-01	1.7665e+00	0.0000e+00
1.4091e+00	2.0721e-01	1.7840e+00	0.0000e+00
1.4091e+00	2.0740e-01	1.8063e+00	0.0000e+00
1.4095e+00	2.0745e-01	1.8281e+00	0.0000e+00
1.4100e+00	2.0758e-01	1.8511e+00	0.0000e+00
1.4106e+00	2.0773e-01	1.8673e+00	0.0000e+00
1.4135e+00	2.0725e-01	1.8734e+00	0.0000e+00
1.4213e+00	2.0664e-01	1.8778e+00	0.0000e+00
1.4335e+00	2.0611e-01	1.8814e+00	0.0000e+00
1.4476e+00	2.0561e-01	1.8847e+00	0.0000e+00
1.4597e+00	2.0517e-01	1.9014e+00	0.0000e+00
1.4660e+00	2.0489e-01	1.9489e+00	0.0000e+00
1.4652e+00	2.0485e-01	2.0149e+00	0.0000e+00
1.4599e+00	2.0533e-01	2.0960e+00	0.0000e+00
1.4544e+00	2.0633e-01	2.1806e+00	0.0000e+00
1.4509e+00	2.0672e-01	2.2604e+00	0.0000e+00
1.4503e+00	2.0661e-01	2.3283e+00	0.0000e+00
1.4522e+00	2.0630e-01	2.3803e+00	0.0000e+00
1.4555e+00	2.0586e-01	2.4150e+00	0.0000e+00
1.4556e+00	2.0598e-01	2.4353e+00	0.0000e+00
1.4503e+00	2.0634e-01	2.4465e+00	0.0000e+00
1.4440e+00	2.0648e-01	2.4539e+00	0.0000e+00
1.4379e+00	2.0659e-01	2.4622e+00	0.0000e+00
1.4324e+00	2.0671e-01	2.4742e+00	0.0000e+00
1.4274e+00	2.0687e-01	2.4881e+00	0.0000e+00
1.4235e+00	2.0702e-01	2.5020e+00	0.0000e+00
1.4209e+00	2.0704e-01	2.5109e+00	0.0000e+00
1.4186e+00	2.0690e-01	2.5104e+00	0.0000e+00
1.4163e+00	2.0676e-01	2.4968e+00	0.0000e+00
1.4145e+00	2.0673e-01	2.4431e+00	0.0000e+00
1.4131e+00	2.0700e-01	2.3835e+00	0.0000e+00
1.4117e+00	2.0746e-01	2.3351e+00	0.0000e+00
1.4102e+00	2.0806e-01	2.3007e+00	0.0000e+00
1.4077e+00	2.0903e-01	2.2762e+00	0.0000e+00
1.4039e+00	2.1051e-01	2.2580e+00	0.0000e+00
1.3993e+00	2.1191e-01	2.2446e+00	0.0000e+00
1.3944e+00	2.1300e-01	2.2334e+00	0.0000e+00
1.3897e+00	2.1389e-01	2.2223e+00	0.0000e+00
1.3855e+00	2.1460e-01	2.2082e+00	0.0000e+00
1.3820e+00	2.1500e-01	2.1938e+00	0.0000e+00
1.3792e+00	2.1506e-01	2.1805e+00	0.0000e+00
1.3766e+00	2.1501e-01	2.1715e+00	0.0000e+00
1.3745e+00	2.1502e-01	2.1653e+00	0.0000e+00
1.3729e+00	2.1514e-01	2.1542e+00	0.0000e+00
1.3713e+00	2.1553e-01	2.1404e+00	0.0000e+00
1.3656e+00	2.1658e-01	2.1253e+00	0.0000e+00
1.3528e+00	2.1815e-01	2.1112e+00	0.0000e+00
1.3347e+00	2.1962e-01	2.1000e+00	0.0000e+00
1.3152e+00	2.2087e-01	2.0999e+00	0.0000e+00
1.2982e+00	2.2209e-01	2.1096e+00	0.0000e+00
1.2869e+00	2.2318e-01	2.1435e+00	0.0000e+00
1.2834e+00	2.2368e-01	2.1815e+00	0.0000e+00
1.2917e+00	2.2284e-01	2.2235e+00	0.0000e+00
1.3093e+00	2.2080e-01	2.2725e+00	0.0000e+00
1.3318e+00	2.1877e-01	2.3046e+00	0.0000e+00
1.3559e+00	2.1700e-01	2.3286e+00	0.0000e+00
1.3773e+00	2.1548e-01	2.3445e+00	0.0000e+00
1.3925e+00	2.1418e-01	2.3537e+00	0.0000e+00
1.4000e+00	2.1312e-01	2.3571e+00	0.0000e+00
1.4017e+00	2.1256e-01	2.3542e+00	0.0000e+00
1.4020e+00	2.1231e-01	2.3452e+00	0.0000e+00
1.4020e+00	2.1226e-01	2.3320e+00	0.0000e+00
1.4014e+00	2.1251e-01	2.3175e+00	0.0000e+00
1.3996e+00	2.1296e-01	2.3045e+00	0.0000e+00
1.3960e+00	2.1344e-01	2.2966e+00	0.0000e+00
1.3907e+00	2.1367e-01	2.2988e+00	0.0000e+00
1.3833e+00	2.1366e-01	2.3175e+00	0.0000e+00
1.3714e+00	2.1396e-01	2.3726e+00	0.0000e+00
1.3545e+00	2.1483e-01	2.4571e+00	0.0000e+00
1.3332e+00	2.1633e-01	2.5183e+00	0.0000e+00
1.3111e+00	2.1827e-01	2.5818e+00	0.0000e+00
1.2926e+00	2.2033e-01	2.6758e+00	0.0000e+00
1.2804e+00	2.2211e-01	2.7408e+00	0.0000e+00
1.2749e+00	2.2336e-01	2.7643e+00	0.0000e+00
1.2716e+00	2.2410e-01	2.7673e+00	0.0000e+00
1.2705e+00	2.2435e-01	2.7548e+00	0.0000e+00
1.2740e+00	2.2390e-01	2.7313e+00	0.0000e+00
1.2844e+00	2.2314e-01	2.7010e+00	0.0000e+00
1.3016e+00	2.2221e-01	2.6673e+00	0.0000e+00
1.3220e+00	2.2132e-01	2.6326e+00	0.0000e+00
1.3411e+00	2.2051e-01	2.5994e+00	0.0000e+00
1.3556e+00	2.1992e-01	2.5702e+00	0.0000e+00
1.3638e+00	2.1953e-01	2.5472e+00	0.0000e+00
1.3666e+00	2.1954e-01	2.5306e+00	0.0000e+00
1.3670e+00	2.1994e-01	2.5191e+00	0.0000e+00
1.3645e+00	2.2064e-01	2.5138e+00	0.0000e+00
1.3556e+00	2.2164e-01	2.5140e+00	0.0000e+00
1.3404e+00	2.2268e-01	2.5181e+00	0.0000e+00
1.3217e+00	2.2367e-01	2.5202e+00	0.0000e+00
1.3034e+00	2.2470e-01	2.5164e+00	0.0000e+00
1.2947e+00	2.2544e-01	2.5099e+00	0.0000e+00
1.2930e+00	2.2596e-01	2.4970e+00	0.0000e+00
1.2966e+00	2.2586e-01	2.4816e+00	0.0000e+00
1.3007e+00	2.2575e-01	2.4691e+00	0.0000e+00
1.3041e+00	2.2598e-01	2.4559e+00	0.0000e+00
1.3071e+00	2.2644e-01	2.4340e+00	0.0000e+00
1.3095e+00	2.2697e-01	2.3984e+00	0.0000e+00
1.3119e+00	2.2749e-01	2.3637e+00	0.0000e+00
1.3148e+00	2.2793e-01	2.3545e+00	0.0000e+00
1.3189e+00	2.2822e-01	2.3809e+00	0.0000e+00
1.3215e+00	2.2789e-01	2.4288e+00	0.0000e+00
1.3237e+00	2.2750e-01	2.4868e+00	0.0000e+00
1.3207e+00	2.2744e-01	2.5451e+00	0.0000e+00
1.3100e+00	2.2760e-01	2.5953e+00	0.0000e+00
1.2923e+00	2.2792e-01	2.6284e+00	0.0000e+00
1.2713e+00	2.2843e-01	2.6365e+00	0.0000e+00
1.2516e+00	2.2903e-01	2.6247e+00	0.0000e+00
1.2379e+00	2.2951e-01	2.6101e+00	0.0000e+00
1.2325e+00	2.2965e-01	2.6023e+00	0.0000e+00
1.2322e+00	2.2926e-01	2.5999e+00	0.0000e+00
1.2331e+00	2.2843e-01	2.6026e+00	0.0000e+00
1.2376e+00	2.2741e-01	2.6076e+00	0.0000e+00
1.2468e+00	2.2630e-01	2.6127e+00	0.0000e+00
1.2590e+00	2.2544e-01	2.6118e+00	0.0000e+00
1.2711e+00	2.2473e-01	2.6030e+00	0.0000e+00
1.2807e+00	2.2390e-01	2.5899e+00	0.0000e+00
1.2864e+00	2.2283e-01	2.5731e+00	0.0000e+00
1.2886e+00	2.2172e-01	2.5578e+00	0.0000e+00
1.2882e+00	2.2128e-01	2.5523e+00	0.0000e+00
1.2856e+00	2.2145e-01	2.5544e+00	0.0000e+00
1.2810e+00	2.2199e-01	2.5591e+00	0.0000e+00
1.2757e+00	2.2277e-01	2.5633e+00	0.0000e+00
1.2714e+00	2.2344e-01	2.5648e+00	0.0000e+00
1.2671e+00	2.2410e-01	2.5629e+00	0.0000e+00
1.2581e+00	2.2489e-01	2.5579e+00	0.0000e+00
1.2431e+00	2.2579e-01	2.5418e+00	0.0000e+00
1.2251e+00	2.2681e-01	2.5163e+00	0.0000e+00
1.2081e+00	2.2792e-01	2.4863e+00	0.0000e+00
1.1950e+00	2.2911e-01	2.4673e+00	0.0000e+00
1.1861e+00	2.3016e-01	2.4623e+00	0.0000e+00
1.1790e+00	2.3106e-01	2.4657e+00	0.0000e+00
1.1719e+00	2.3189e-01	2.4750e+00	0.0000e+00
1.1651e+00	2.3275e-01	2.4807e+00	0.0000e+00
1.1589e+00	2.3358e-01	2.4911e+00	0.0000e+00
1.1546e+00	2.3406e-01	2.5104e+00	0.0000e+00
1.1528e+00	2.3417e-01	2.5236e+00	0.0000e+00
1.1529e+00	2.3388e-01	2.5400e+00	0.0000e+00
1.1580e+00	2.3310e-01	2.5537e+00	0.0000e+00
1.1713e+00	2.3218e-01	2.5584e+00	0.0000e+00
1.1922e+00	2.3117e-01	2.5569e+00	0.0000e+00
1.2171e+00	2.2990e-01	2.5503e+00	0.0000e+00
1.2403e+00	2.2855e-01	2.5393e+00	0.0000e+00
1.2569e+00	2.2725e-01	2.5266e+00	0.0000e+00
1.2650e+00	2.2605e-01	2.5131e+00	0.0000e+00
1.2659e+00	2.2547e-01	2.5002e+00	0.0000e+00
1.2638e+00	2.2580e-01	2.4901e+00	0.0000e+00
1.2621e+00	2.2594e-01	2.4871e+00	0.0000e+00
1.2623e+00	2.2543e-01	2.4897e+00	0.0000e+00
1.2645e+00	2.2433e-01	2.4932e+00	0.0000e+00
1.2679e+00	2.2320e-01	2.4956e+00	0.0000e+00
1.2719e+00	2.2229e-01	2.4985e+00	0.0000e+00
1.2756e+00	2.2169e-01	2.5001e+00	0.0000e+00
1.2781e+00	2.2137e-01	2.4979e+00	0.0000e+00
1.2793e+00	2.2120e-01	2.4942e+00	0.0000e+00
1.2796e+00	2.2080e-01	2.4882e+00	0.0000e+00
1.2790e+00	2.2016e-01	2.4813e+00	0.0000e+00
1.2753e+00	2.2041e-01	2.4784e+00	0.0000e+00
1.2648e+00	2.2125e-01	2.4763e+00	0.0000e+00
1.2480e+00	2.2243e-01	2.4761e+00	0.0000e+00
1.2299e+00	2.2337e-01	2.4776e+00	0.0000e+00
1.2189e+00	2.2366e-01	2.4787e+00	0.0000e+00
1.2198e+00	2.2357e-01	2.4795e+00	0.0000e+00
1.2326e+00	2.2327e-01	2.4801e+00	0.0000e+00
1.2517e+00	2.2253e-01	2.4795e+00	0.0000e+00
1.2691e+00	2.2122e-01	2.4777e+00	0.0000e+00
1.2800e+00	2.2056e-01	2.4755e+00	0.0000e+00
1.2830e+00	2.2039e-01	2.4743e+00	0.0000e+00
1.2805e+00	2.2024e-01	2.4746e+00	0.0000e+00
1.2765e+00	2.1994e-01	2.4751e+00	0.0000e+00
1.2731e+00	2.1975e-01	2.4749e+00	0.0000e+00
1.2676e+00	2.2036e-01	2.4730e+00	0.0000e+00
1.2555e+00	2.2137e-01	2.4715e+00	0.0000e+00
1.2379e+00	2.2233e-01	2.4684e+00	0.0000e+00
1.2190e+00	2.2312e-01	2.4634e+00	0.0000e+00
1.2032e+00	2.2371e-01	2.4595e+00	0.0000e+00
1.1940e+00	2.2411e-01	2.4566e+00	0.0000e+00
1.1915e+00	2.2434e-01	2.4541e+00	0.0000e+00
1.1925e+00	2.2435e-01	2.4515e+00	0.0000e+00
1.1928e+00	2.2472e-01	2.4464e+00	0.0000e+00
1.1923e+00	2.2537e-01	2.4380e+00	0.0000e+00
1.1931e+00	2.2559e-01	2.4253e+00	0.0000e+00
1.1959e+00	2.2563e-01	2.4120e+00	0.0000e+00
1.2005e+00	2.2545e-01	2.4006e+00	0.0000e+00
1.2056e+00	2.2484e-01	2.3909e+00	0.0000e+00
1.2097e+00	2.2389e-01	2.3844e+00	0.0000e+00
1.2144e+00	2.2277e-01	2.3922e+00	0.0000e+00
1.2268e+00	2.2133e-01	2.4143e+00	0.0000e+00
1.2491e+00	2.1992e-01	2.4449e+00	0.0000e+00
1.2792e+00	2.1856e-01	2.4831e+00	0.0000e+00
1.3125e+00	2.1734e-01	2.5085e+00	0.0000e+00
1.3441e+00	2.1638e-01	2.5238e+00	0.0000e+00
1.3710e+00	2.1552e-01	2.5331e+00	0.0000e+00
1.3916e+00	2.1463e-01	2.5331e+00	0.0000e+00
1.4049e+00	2.1378e-01	2.5285e+00	0.0000e+00
1.4109e+00	2.1316e-01	2.5153e+00	0.0000e+00
1.4135e+00	2.1265e-01	2.5016e+00	0.0000e+00
1.4167e+00	2.1162e-01	2.4881e+00	0.0000e+00
1.4200e+00	2.1061e-01	2.4767e+00	0.0000e+00
1.4222e+00	2.0996e-01	2.4666e+00	0.0000e+00
1.4233e+00	2.0955e-01	2.4584e+00	0.0000e+00
1.4230e+00	2.0937e-01	2.4518e+00	0.0000e+00
1.4200e+00	2.0962e-01	2.4469e+00	0.0000e+00
1.4090e+00	2.1070e-01	2.4429e+00	0.0000e+00
1.3894e+00	2.1233e-01	2.4401e+00	0.0000e+00
1.3648e+00	2.1393e-01	2.4386e+00	0.0000e+00
1.3395e+00	2.1507e-01	2.4380e+00	0.0000e+00
1.3177e+00	2.1596e-01	2.4385e+00	0.0000e+00
1.3030e+00	2.1679e-01	2.4399e+00	0.0000e+00
1.2961e+00	2.1770e-01	2.4422e+00	0.0000e+00
1.2944e+00	2.1849e-01	2.4448e+00	0.0000e+00
1.2936e+00	2.1898e-01	2.4476e+00	0.0000e+00
1.2932e+00	2.1921e-01	2.4475e+00	0.0000e+00
1.2936e+00	2.1915e-01	2.4444e+00	0.0000e+00
1.2944e+00	2.1915e-01	2.4373e+00	0.0000e+00
1.2952e+00	2.1968e-01	2.4311e+00	0.0000e+00
1.2960e+00	2.2068e-01	2.4256e+00	0.0000e+00
1.2961e+00	2.2190e-01	2.4217e+00	0.0000e+00
1.2954e+00	2.2300e-01	2.4190e+00	0.0000e+00
1.2945e+00	2.2362e-01	2.4172e+00	0.0000e+00
1.2954e+00	2.2322e-01	2.4152e+00	0.0000e+00
1.3014e+00	2.2174e-01	2.4135e+00	0.0000e+00
1.3157e+00	2.1982e-01	2.4125e+00	0.0000e+00
1.3381e+00	2.1796e-01	2.4165e+00	0.0000e+00
1.3653e+00	2.1628e-01	2.4253e+00	0.0000e+00
1.3914e+00	2.1493e-01	2.4362e+00	0.0000e+00
1.4109e+00	2.1390e-01	2.4453e+00	0.0000e+00
1.4189e+00	2.1338e-01	2.4522e+00	0.0000e+00
1.4121e+00	2.1350e-01	2.4555e+00	0.0000e+00
1.3951e+00	2.1423e-01	2.4563e+00	0.0000e+00
1.3744e+00	2.1510e-01	2.4536e+00	0.0000e+00
1.3538e+00	2.1621e-01	2.4468e+00	0.0000e+00
1.3368e+00	2.1750e-01	2.4399e+00	0.0000e+00
1.3262e+00	2.1874e-01	2.4363e+00	0.0000e+00
1.3222e+00	2.1931e-01	2.4332e+00	0.0000e+00
1.3205e+00	2.1919e-01	2.4306e+00	0.0000e+00
1.3185e+00	2.1883e-01	2.4257e+00	0.0000e+00
1.3159e+00	2.1853e-01	2.4191e+00	0.0000e+00
1.3128e+00	2.1845e-01	2.4120e+00	0.0000e+00
1.3097e+00	2.1853e-01	2.4067e+00	0.0000e+00
1.3081e+00	2.1854e-01	2.4028e+00	0.0000e+00
1.3025e+00	2.1890e-01	2.4012e+00	0.0000e+00
1.2978e+00	2.1915e-01	2.4005e+00	0.0000e+00
1.2946e+00	2.1913e-01	2.4004e+00	0.0000e+00
1.2929e+00	2.1902e-01	2.3985e+00	0.0000e+00
1.2920e+00	2.1889e-01	2.3943e+00	0.0000e+00
1.2906e+00	2.1880e-01	2.3894e+00	0.0000e+00
1.2877e+00	2.1886e-01	2.3855e+00	0.0000e+00
1.2832e+00	2.1934e-01	2.3826e+00	0.0000e+00
1.2785e+00	2.2009e-01	2.3803e+00	0.0000e+00
1.2756e+00	2.2055e-01	2.3787e+00	0.0000e+00
1.2772e+00	2.2114e-01	2.3770e+00	0.0000e+00
1.2811e+00	2.2152e-01	2.3753e+00	0.0000e+00
1.2891e+00	2.2175e-01	2.3727e+00	0.0000e+00
1.3008e+00	2.2183e-01	2.3701e+00	0.0000e+00
1.3136e+00	2.2173e-01	2.3685e+00	0.0000e+00
1.3239e+00	2.2142e-01	2.3672e+00	0.0000e+00
1.3289e+00	2.2108e-01	2.3667e+00	0.0000e+00
1.3278e+00	2.2114e-01	2.3671e+00	0.0000e+00
1.3241e+00	2.2158e-01	2.3679e+00	0.0000e+00
1.3215e+00	2.2206e-01	2.3684e+00	0.0000e+00
1.3199e+00	2.2259e-01	2.3684e+00	0.0000e+00
1.3157e+00	2.2325e-01	2.3680e+00	0.0000e+00
1.3077e+00	2.2393e-01	2.3670e+00	0.0000e+00
1.2973e+00	2.2460e-01	2.3661e+00	0.0000e+00
1.2862e+00	2.2542e-01	2.3648e+00	0.0000e+00
1.2764e+00	2.2642e-01	2.3632e+00	0.0000e+00
1.2709e+00	2.2709e-01	2.3612e+00	0.0000e+00
1.2701e+00	2.2735e-01	2.3599e+00	0.0000e+00
1.2717e+00	2.2728e-01	2.3582e+00	0.0000e+00
1.2746e+00	2.2724e-01	2.3558e+00	0.0000e+00
1.2811e+00	2.2679e-01	2.3523e+00	0.0000e+00
1.2942e+00	2.2576e-01	2.3476e+00	0.0000e+00
1.3146e+00	2.2468e-01	2.3423e+00	0.0000e+00
1.3408e+00	2.2370e-01	2.3368e+00	0.0000e+00
1.3687e+00	2.2283e-01	2.3311e+00	0.0000e+00
1.3936e+00	2.2197e-01	2.3253e+00	0.0000e+00
1.4110e+00	2.2115e-01	2.3200e+00	0.0000e+00
1.4197e+00	2.2053e-01	2.3167e+00	0.0000e+00
1.4217e+00	2.2047e-01	2.3142e+00	0.0000e+00
1.4210e+00	2.2086e-01	2.3147e+00	0.0000e+00
1.4200e+00	2.2109e-01	2.3218e+00	0.0000e+00
1.4192e+00	2.2122e-01	2.3363e+00	0.0000e+00
1.4189e+00	2.2136e-01	2.3538e+00	0.0000e+00
1.4196e+00	2.2104e-01	2.3709e+00	0.0000e+00
1.4209e+00	2.2047e-01	2.3839e+00	0.0000e+00
1.4224e+00	2.1989e-01	2.3876e+00	0.0000e+00
1.4238e+00	2.1952e-01	2.3753e+00	0.0000e+00
1.4203e+00	2.1970e-01	2.3456e+00	0.0000e+00
1.4082e+00	2.2026e-01	2.3134e+00	0.0000e+00
1.3878e+00	2.2107e-01	2.2858e+00	0.0000e+00
1.3629e+00	2.2232e-01	2.2621e+00	0.0000e+00
1.3393e+00	2.2395e-01	2.2509e+00	0.0000e+00
1.3235e+00	2.2513e-01	2.2500e+00	0.0000e+00
1.3207e+00	2.2541e-01	2.2564e+00	0.0000e+00
1.3303e+00	2.2476e-01	2.2638e+00	0.0000e+00
1.3472e+00	2.2325e-01	2.2723e+00	0.0000e+00
1.3655e+00	2.2193e-01	2.2871e+00	0.0000e+00
1.3811e+00	2.2102e-01	2.3068e+00	0.0000e+00
1.3909e+00	2.2055e-01	2.3338e+00	0.0000e+00
1.3942e+00	2.2046e-01	2.3612e+00	0.0000e+00
1.3928e+00	2.2068e-01	2.3808e+00	0.0000e+00
1.3897e+00	2.2107e-01	2.3902e+00	0.0000e+00
1.3862e+00	2.2177e-01	2.3899e+00	0.0000e+00
1.3839e+00	2.2223e-01	2.3798e+00	0.0000e+00
1.3835e+00	2.2209e-01	2.3595e+00	0.0000e+00
1.3840e+00	2.2191e-01	2.3321e+00	0.0000e+00
1.3850e+00	2.2183e-01	2.3051e+00	0.0000e+00
1.3861e+00	2.2189e-01	2.2905e+00	0.0000e+00
1.3871e+00	2.2194e-01	2.2910e+00	0.0000e+00
1.3859e+00	2.2235e-01	2.3037e+00	0.0000e+00
1.3804e+00	2.2297e-01	2.3257e+00	0.0000e+00
1.3733e+00	2.2326e-01	2.3517e+00	0.0000e+00
1.3684e+00	2.2342e-01	2.3799e+00	0.0000e+00
1.3679e+00	2.2345e-01	2.4087e+00	0.0000e+00
1.3724e+00	2.2334e-01	2.4384e+00	0.0000e+00
1.3803e+00	2.2307e-01	2.4639e+00	0.0000e+00
1.3884e+00	2.2275e-01	2.4811e+00	0.0000e+00
1.3937e+00	2.2266e-01	2.4965e+00	0.0000e+00
1.3953e+00	2.2313e-01	2.5104e+00	0.0000e+00
1.3957e+00	2.2339e-01	2.5205e+00	0.0000e+00
1.3951e+00	2.2336e-01	2.5264e+00	0.0000e+00
1.3925e+00	2.2341e-01	2.5278e+00	0.0000e+00
1.3886e+00	2.2358e-01	2.5262e+00	0.0000e+00
1.3837e+00	2.2389e-01	2.5206e+00	0.0000e+00
1.3783e+00	2.2418e-01	2.5148e+00	0.0000e+00
1.3731e+00	2.2427e-01	2.5100e+00	0.0000e+00
1.3686e+00	2.2432e-01	2.5129e+00	0.0000e+00
1.3656e+00	2.2440e-01	2.5312e+00	0.0000e+00
1.3638e+00	2.2452e-01	2.5737e+00	0.0000e+00
1.3625e+00	2.2465e-01	2.6416e+00	0.0000e+00
1.3600e+00	2.2478e-01	2.7230e+00	0.0000e+00
1.3567e+00	2.2468e-01	2.8044e+00	0.0000e+00
1.3543e+00	2.2423e-01	2.8363e+00	0.0000e+00
1.3577e+00	2.2331e-01	2.8126e+00	0.0000e+00
1.3699e+00	2.2206e-01	2.7573e+00	0.0000e+00
1.3871e+00	2.2112e-01	2.7200e+00	0.0000e+00
1.3983e+00	2.2084e-01	2.7297e+00	0.0000e+00
1.3971e+00	2.2077e-01	2.7667e+00	0.0000e+00
1.3825e+00	2.2083e-01	2.8176e+00	0.0000e+00
1.3585e+00	2.2117e-01	2.8729e+00	0.0000e+00
1.3340e+00	2.2181e-01	2.9261e+00	0.0000e+00
1.3164e+00	2.2244e-01	2.9707e+00	0.0000e+00
1.3059e+00	2.2301e-01	3.0066e+00	0.0000e+00
