WL	EN	AR	Marker
2.3243e+00	2.2580e-01	2.1921e+00	0.0000e+00
2.3121e+00	2.2685e-01	2.1890e+00	0.0000e+00
2.3054e+00	2.2775e-01	2.1842e+00	0.0000e+00
2.3060e+00	2.2825e-01	2.1798e+00	0.0000e+00
2.3142e+00	2.2819e-01	2.1764e+00	0.0000e+00
2.3263e+00	2.2770e-01	2.1721e+00	0.0000e+00
2.3339e+00	2.2774e-01	2.1687e+00	0.0000e+00
2.3341e+00	2.2839e-01	2.1673e+00	0.0000e+00
2.3305e+00	2.2917e-01	2.1694e+00	0.0000e+00
2.3277e+00	2.2980e-01	2.1762e+00	0.0000e+00
2.3280e+00	2.3028e-01	2.1873e+00	0.0000e+00
2.3291e+00	2.3080e-01	2.2049e+00	0.0000e+00
2.3284e+00	2.3147e-01	2.2225e+00	0.0000e+00
2.3259e+00	2.3226e-01	2.2337e+00	0.0000e+00
2.3241e+00	2.3290e-01	2.2413e+00	0.0000e+00
2.3243e+00	2.3321e-01	2.2450e+00	0.0000e+00
2.3291e+00	2.3290e-01	2.2451e+00	0.0000e+00
2.3378e+00	2.3187e-01	2.2428e+00	0.0000e+00
2.3488e+00	2.3080e-01	2.2393e+00	0.0000e+00
2.3588e+00	2.3011e-01	2.2354e+00	0.0000e+00
2.3642e+00	2.2975e-01	2.2318e+00	0.0000e+00
2.3626e+00	2.2969e-01	2.2293e+00	0.0000e+00
2.3547e+00	2.3007e-01	2.2282e+00	0.0000e+00
2.3451e+00	2.3060e-01	2.2288e+00	0.0000e+00
2.3355e+00	2.3108e-01	2.2304e+00	0.0000e+00
2.3243e+00	2.3160e-01	2.2327e+00	0.0000e+00
2.3121e+00	2.3209e-01	2.2346e+00	0.0000e+00
2.2998e+00	2.3253e-01	2.2356e+00	0.0000e+00
2.2897e+00	2.3298e-01	2.2354e+00	0.0000e+00
2.2834e+00	2.3339e-01	2.2339e+00	0.0000e+00
2.2804e+00	2.3372e-01	2.2312e+00	0.0000e+00
2.2783e+00	2.3431e-01	2.2269e+00	0.0000e+00
2.2752e+00	2.3530e-01	2.2232e+00	0.0000e+00
2.2734e+00	2.3599e-01	2.2225e+00	0.0000e+00
2.2759e+00	2.3616e-01	2.2252e+00	0.0000e+00
2.2820e+00	2.3594e-01	2.2314e+00	0.0000e+00
2.2856e+00	2.3565e-01	2.2400e+00	0.0000e+00
2.2820e+00	2.3554e-01	2.2493e+00	0.0000e+00
2.2707e+00	2.3577e-01	2.2579e+00	0.0000e+00
2.2547e+00	2.3651e-01	2.2649e+00	0.0000e+00
2.2394e+00	2.3751e-01	2.2692e+00	0.0000e+00
2.2308e+00	2.3792e-01	2.2704e+00	0.0000e+00
2.2284e+00	2.3718e-01	2.2688e+00	0.0000e+00
2.2282e+00	2.3528e-01	2.2648e+00	0.0000e+00
2.2280e+00	2.3332e-01	2.2593e+00	0.0000e+00
2.2286e+00	2.3165e-01	2.2529e+00	0.0000e+00
2.2309e+00	2.3031e-01	2.2462e+00	0.0000e+00
2.2356e+00	2.2908e-01	2.2392e+00	0.0000e+00
2.2417e+00	2.2780e-01	2.2325e+00	0.0000e+00
2.2456e+00	2.2725e-01	2.2262e+00	0.0000e+00
2.2418e+00	2.2757e-01	2.2211e+00	0.0000e+00
2.2291e+00	2.2855e-01	2.2168e+00	0.0000e+00
2.2104e+00	2.2981e-01	2.2155e+00	0.0000e+00
2.1899e+00	2.3122e-01	2.2173e+00	0.0000e+00
2.1729e+00	2.3261e-01	2.2215e+00	0.0000e+00
2.1635e+00	2.3379e-01	2.2274e+00	0.0000e+00
2.1634e+00	2.3426e-01	2.2340e+00	0.0000e+00
2.1714e+00	2.3334e-01	2.2410e+00	0.0000e+00
2.1836e+00	2.3194e-01	2.2493e+00	0.0000e+00
2.1984e+00	2.3069e-01	2.2614e+00	0.0000e+00
2.2135e+00	2.2968e-01	2.2800e+00	0.0000e+00
2.2267e+00	2.2873e-01	2.3066e+00	0.0000e+00
2.2355e+00	2.2776e-01	2.3400e+00	0.0000e+00
2.2375e+00	2.2774e-01	2.3777e+00	0.0000e+00
2.2320e+00	2.2908e-01	2.4157e+00	0.0000e+00
2.2219e+00	2.3074e-01	2.4490e+00	0.0000e+00
2.2087e+00	2.3231e-01	2.4746e+00	0.0000e+00
2.1937e+00	2.3383e-01	2.4919e+00	0.0000e+00
2.1785e+00	2.3531e-01	2.5011e+00	0.0000e+00
2.1623e+00	2.3660e-01	2.5032e+00	0.0000e+00
2.1459e+00	2.3739e-01	2.4993e+00	0.0000e+00
2.1328e+00	2.3771e-01	2.4906e+00	0.0000e+00
2.1273e+00	2.3777e-01	2.4814e+00	0.0000e+00
2.1298e+00	2.3755e-01	2.4722e+00	0.0000e+00
2.1329e+00	2.3724e-01	2.4657e+00	0.0000e+00
2.1285e+00	2.3695e-01	2.4652e+00	0.0000e+00
2.1157e+00	2.3688e-01	2.4734e+00	0.0000e+00
2.0978e+00	2.3748e-01	2.4900e+00	0.0000e+00
2.0800e+00	2.3931e-01	2.5107e+00	0.0000e+00
2.0666e+00	2.4170e-01	2.5305e+00	0.0000e+00
2.0566e+00	2.4419e-01	2.5452e+00	0.0000e+00
2.0472e+00	2.4632e-01	2.5537e+00	0.0000e+00
2.0373e+00	2.4764e-01	2.5556e+00	0.0000e+00
2.0249e+00	2.4849e-01	2.5531e+00	0.0000e+00
2.0085e+00	2.4928e-01	2.5482e+00	0.0000e+00
1.9892e+00	2.5025e-01	2.5404e+00	0.0000e+00
1.9694e+00	2.5126e-01	2.5310e+00	0.0000e+00
1.9505e+00	2.5231e-01	2.5209e+00	0.0000e+00
1.9338e+00	2.5315e-01	2.5082e+00	0.0000e+00
1.9198e+00	2.5364e-01	2.4980e+00	0.0000e+00
1.9097e+00	2.5372e-01	2.4952e+00	0.0000e+00
1.9041e+00	2.5356e-01	2.4989e+00	0.0000e+00
1.9018e+00	2.5337e-01	2.5135e+00	0.0000e+00
1.8995e+00	2.5321e-01	2.5311e+00	0.0000e+00
1.8924e+00	2.5321e-01	2.5485e+00	0.0000e+00
1.8786e+00	2.5343e-01	2.5626e+00	0.0000e+00
1.8585e+00	2.5396e-01	2.5715e+00	0.0000e+00
1.8360e+00	2.5481e-01	2.5747e+00	0.0000e+00
1.8149e+00	2.5607e-01	2.5729e+00	0.0000e+00
1.7980e+00	2.5774e-01	2.5677e+00	0.0000e+00
1.7851e+00	2.5922e-01	2.5612e+00	0.0000e+00
1.7749e+00	2.6042e-01	2.5554e+00	0.0000e+00
1.7676e+00	2.6104e-01	2.5505e+00	0.0000e+00
1.7617e+00	2.6095e-01	2.5460e+00	0.0000e+00
1.7549e+00	2.6067e-01	2.5417e+00	0.0000e+00
1.7461e+00	2.6074e-01	2.5358e+00	0.0000e+00
1.7355e+00	2.6113e-01	2.5265e+00	0.0000e+00
1.7256e+00	2.6147e-01	2.5096e+00	0.0000e+00
1.7185e+00	2.6161e-01	2.4942e+00	0.0000e+00
1.7127e+00	2.6185e-01	2.4825e+00	0.0000e+00
1.7041e+00	2.6270e-01	2.4629e+00	0.0000e+00
1.6917e+00	2.6397e-01	2.4477e+00	0.0000e+00
1.6741e+00	2.6528e-01	2.4339e+00	0.0000e+00
1.6530e+00	2.6644e-01	2.4175e+00	0.0000e+00
1.6303e+00	2.6763e-01	2.4041e+00	0.0000e+00
1.6081e+00	2.6874e-01	2.3912e+00	0.0000e+00
1.5898e+00	2.6956e-01	2.3794e+00	0.0000e+00
1.5771e+00	2.7032e-01	2.3691e+00	0.0000e+00
1.5671e+00	2.7147e-01	2.3576e+00	0.0000e+00
1.5606e+00	2.7256e-01	2.3457e+00	0.0000e+00
1.5544e+00	2.7359e-01	2.3344e+00	0.0000e+00
1.5487e+00	2.7424e-01	2.3256e+00	0.0000e+00
1.5432e+00	2.7457e-01	2.3197e+00	0.0000e+00
1.5374e+00	2.7495e-01	2.3156e+00	0.0000e+00
1.5315e+00	2.7553e-01	2.3123e+00	0.0000e+00
1.5273e+00	2.7597e-01	2.3093e+00	0.0000e+00
1.5286e+00	2.7580e-01	2.3066e+00	0.0000e+00
1.5358e+00	2.7530e-01	2.3042e+00	0.0000e+00
1.5475e+00	2.7462e-01	2.3018e+00	0.0000e+00
1.5568e+00	2.7445e-01	2.2995e+00	0.0000e+00
1.5605e+00	2.7444e-01	2.2972e+00	0.0000e+00
1.5561e+00	2.7464e-01	2.2945e+00	0.0000e+00
1.5449e+00	2.7520e-01	2.2925e+00	0.0000e+00
1.5330e+00	2.7616e-01	2.2920e+00	0.0000e+00
1.5243e+00	2.7701e-01	2.2958e+00	0.0000e+00
1.5168e+00	2.7790e-01	2.3057e+00	0.0000e+00
1.5105e+00	2.7866e-01	2.3219e+00	0.0000e+00
1.5053e+00	2.7927e-01	2.3425e+00	0.0000e+00
1.5025e+00	2.7965e-01	2.3644e+00	0.0000e+00
1.5035e+00	2.7981e-01	2.3842e+00	0.0000e+00
1.5071e+00	2.7975e-01	2.3998e+00	0.0000e+00
1.5070e+00	2.7975e-01	2.4102e+00	0.0000e+00
1.5026e+00	2.7982e-01	2.4155e+00	0.0000e+00
1.4953e+00	2.7988e-01	2.4170e+00	0.0000e+00
1.4890e+00	2.7970e-01	2.4162e+00	0.0000e+00
1.4873e+00	2.7908e-01	2.4132e+00	0.0000e+00
1.4907e+00	2.7798e-01	2.4085e+00	0.0000e+00
1.4970e+00	2.7662e-01	2.4021e+00	0.0000e+00
1.5041e+00	2.7532e-01	2.3946e+00	0.0000e+00
1.5101e+00	2.7440e-01	2.3865e+00	0.0000e+00
1.5138e+00	2.7394e-01	2.3782e+00	0.0000e+00
1.5135e+00	2.7366e-01	2.3686e+00	0.0000e+00
1.5081e+00	2.7354e-01	2.3595e+00	0.0000e+00
1.4973e+00	2.7379e-01	2.3544e+00	0.0000e+00
1.4826e+00	2.7444e-01	2.3450e+00	0.0000e+00
1.4665e+00	2.7525e-01	2.3219e+00	0.0000e+00
1.4526e+00	2.7553e-01	2.3010e+00	0.0000e+00
1.4429e+00	2.7528e-01	2.2847e+00	0.0000e+00
1.4339e+00	2.7519e-01	2.2738e+00	0.0000e+00
1.4226e+00	2.7563e-01	2.2687e+00	0.0000e+00
1.4082e+00	2.7675e-01	2.2682e+00	0.0000e+00
1.3930e+00	2.7823e-01	2.2698e+00	0.0000e+00
1.3815e+00	2.7935e-01	2.2718e+00	0.0000e+00
1.3779e+00	2.7975e-01	2.2733e+00	0.0000e+00
1.3823e+00	2.7973e-01	2.2745e+00	0.0000e+00
1.3935e+00	2.7937e-01	2.2795e+00	0.0000e+00
1.4057e+00	2.7892e-01	2.2869e+00	0.0000e+00
1.4145e+00	2.7859e-01	2.2930e+00	0.0000e+00
1.4157e+00	2.7858e-01	2.2960e+00	0.0000e+00
1.4096e+00	2.7888e-01	2.2967e+00	0.0000e+00
1.4008e+00	2.7938e-01	2.2950e+00	0.0000e+00
1.3939e+00	2.7976e-01	2.2913e+00	0.0000e+00
1.3910e+00	2.7960e-01	2.2872e+00	0.0000e+00
1.3929e+00	2.7902e-01	2.2815e+00	0.0000e+00
1.3991e+00	2.7833e-01	2.2781e+00	0.0000e+00
1.4080e+00	2.7764e-01	2.2765e+00	0.0000e+00
1.4180e+00	2.7706e-01	2.2763e+00	0.0000e+00
1.4265e+00	2.7661e-01	2.2769e+00	0.0000e+00
1.4324e+00	2.7623e-01	2.2781e+00	0.0000e+00
1.4353e+00	2.7592e-01	2.2795e+00	0.0000e+00
1.4353e+00	2.7574e-01	2.2809e+00	0.0000e+00
1.4336e+00	2.7563e-01	2.2819e+00	0.0000e+00
1.4309e+00	2.7548e-01	2.2823e+00	0.0000e+00
1.4269e+00	2.7549e-01	2.2819e+00	0.0000e+00
1.4203e+00	2.7578e-01	2.2808e+00	0.0000e+00
1.4107e+00	2.7636e-01	2.2793e+00	0.0000e+00
1.3997e+00	2.7717e-01	2.2779e+00	0.0000e+00
1.3895e+00	2.7804e-01	2.2767e+00	0.0000e+00
1.3819e+00	2.7868e-01	2.2763e+00	0.0000e+00
1.3773e+00	2.7875e-01	2.2768e+00	0.0000e+00
1.3741e+00	2.7842e-01	2.2781e+00	0.0000e+00
1.3705e+00	2.7789e-01	2.2799e+00	0.0000e+00
1.3676e+00	2.7720e-01	2.2813e+00	0.0000e+00
1.3659e+00	2.7650e-01	2.2818e+00	0.0000e+00
1.3645e+00	2.7596e-01	2.2817e+00	0.0000e+00
1.3618e+00	2.7582e-01	2.2811e+00	0.0000e+00
1.3569e+00	2.7608e-01	2.2797e+00	0.0000e+00
1.3498e+00	2.7679e-01	2.2792e+00	0.0000e+00
1.3427e+00	2.7763e-01	2.2804e+00	0.0000e+00
1.3366e+00	2.7841e-01	2.2844e+00	1.0000e+00
1.3324e+00	2.7897e-01	2.2910e+00	0.0000e+00
1.3301e+00	2.7917e-01	2.2998e+00	0.0000e+00
1.3283e+00	2.7952e-01	2.3092e+00	0.0000e+00
1.3263e+00	2.8015e-01	2.3176e+00	0.0000e+00
1.3246e+00	2.8072e-01	2.3235e+00	0.0000e+00
1.3237e+00	2.8083e-01	2.3273e+00	0.0000e+00
1.3248e+00	2.8060e-01	2.3292e+00	0.0000e+00
1.3266e+00	2.8024e-01	2.3295e+00	0.0000e+00
1.3263e+00	2.7994e-01	2.3284e+00	0.0000e+00
1.3218e+00	2.7968e-01	2.3264e+00	0.0000e+00
1.3132e+00	2.7953e-01	2.3238e+00	0.0000e+00
1.3029e+00	2.7987e-01	2.3210e+00	0.0000e+00
1.2956e+00	2.8058e-01	2.3178e+00	0.0000e+00
1.2939e+00	2.8065e-01	2.3168e+00	0.0000e+00
1.2958e+00	2.7993e-01	2.3192e+00	0.0000e+00
1.2983e+00	2.7906e-01	2.3255e+00	0.0000e+00
1.3017e+00	2.7821e-01	2.3359e+00	0.0000e+00
1.3057e+00	2.7733e-01	2.3496e+00	0.0000e+00
1.3111e+00	2.7627e-01	2.3647e+00	0.0000e+00
1.3204e+00	2.7504e-01	2.3790e+00	0.0000e+00
1.3338e+00	2.7411e-01	2.3904e+00	0.0000e+00
1.3476e+00	2.7363e-01	2.3987e+00	0.0000e+00
1.3576e+00	2.7337e-01	2.4045e+00	0.0000e+00
1.3609e+00	2.7327e-01	2.4077e+00	0.0000e+00
1.3568e+00	2.7331e-01	2.4078e+00	0.0000e+00
1.3482e+00	2.7353e-01	2.4044e+00	0.0000e+00
1.3399e+00	2.7388e-01	2.3987e+00	0.0000e+00
1.3354e+00	2.7385e-01	2.3917e+00	0.0000e+00
1.3347e+00	2.7273e-01	2.3847e+00	0.0000e+00
1.3346e+00	2.7118e-01	2.3785e+00	0.0000e+00
1.3345e+00	2.6977e-01	2.3734e+00	0.0000e+00
1.3340e+00	2.6899e-01	2.3695e+00	0.0000e+00
1.3328e+00	2.6908e-01	2.3677e+00	0.0000e+00
1.3314e+00	2.6954e-01	2.3697e+00	0.0000e+00
1.3301e+00	2.7019e-01	2.3746e+00	0.0000e+00
1.3295e+00	2.7092e-01	2.3881e+00	0.0000e+00
1.3291e+00	2.7170e-01	2.4061e+00	0.0000e+00
1.3294e+00	2.7235e-01	2.4216e+00	0.0000e+00
1.3290e+00	2.7327e-01	2.4357e+00	0.0000e+00
1.3266e+00	2.7433e-01	2.4480e+00	0.0000e+00
1.3222e+00	2.7542e-01	2.4585e+00	0.0000e+00
1.3156e+00	2.7635e-01	2.4671e+00	0.0000e+00
1.3070e+00	2.7715e-01	2.4728e+00	0.0000e+00
1.2966e+00	2.7812e-01	2.4755e+00	0.0000e+00
1.2854e+00	2.7931e-01	2.4758e+00	0.0000e+00
1.2750e+00	2.8066e-01	2.4743e+00	0.0000e+00
1.2669e+00	2.8191e-01	2.4713e+00	0.0000e+00
1.2616e+00	2.8280e-01	2.4673e+00	0.0000e+00
1.2607e+00	2.8241e-01	2.4627e+00	0.0000e+00
1.2651e+00	2.8070e-01	2.4579e+00	0.0000e+00
1.2734e+00	2.7895e-01	2.4536e+00	0.0000e+00
1.2844e+00	2.7738e-01	2.4497e+00	0.0000e+00
1.2965e+00	2.7610e-01	2.4446e+00	0.0000e+00
1.3070e+00	2.7522e-01	2.4383e+00	0.0000e+00
1.3140e+00	2.7470e-01	2.4324e+00	0.0000e+00
1.3216e+00	2.7393e-01	2.4261e+00	0.0000e+00
1.3356e+00	2.7252e-01	2.4197e+00	0.0000e+00
1.3548e+00	2.7078e-01	2.4134e+00	0.0000e+00
1.3756e+00	2.6888e-01	2.4074e+00	0.0000e+00
1.3943e+00	2.6695e-01	2.4019e+00	0.0000e+00
1.4080e+00	2.6530e-01	2.3968e+00	0.0000e+00
1.4156e+00	2.6422e-01	2.3922e+00	0.0000e+00
1.4206e+00	2.6362e-01	2.3878e+00	0.0000e+00
1.4253e+00	2.6311e-01	2.3834e+00	0.0000e+00
1.4300e+00	2.6244e-01	2.3789e+00	0.0000e+00
1.4364e+00	2.6149e-01	2.3748e+00	0.0000e+00
1.4464e+00	2.6042e-01	2.3715e+00	0.0000e+00
1.4610e+00	2.5912e-01	2.3691e+00	0.0000e+00
1.4780e+00	2.5743e-01	2.3675e+00	0.0000e+00
1.4942e+00	2.5559e-01	2.3664e+00	0.0000e+00
1.5073e+00	2.5392e-01	2.3654e+00	0.0000e+00
1.5170e+00	2.5270e-01	2.3643e+00	0.0000e+00
1.5236e+00	2.5186e-01	2.3630e+00	0.0000e+00
1.5287e+00	2.5099e-01	2.3609e+00	0.0000e+00
1.5321e+00	2.5015e-01	2.3585e+00	0.0000e+00
1.5319e+00	2.4986e-01	2.3566e+00	0.0000e+00
1.5256e+00	2.5035e-01	2.3549e+00	0.0000e+00
1.5133e+00	2.5110e-01	2.3540e+00	0.0000e+00
1.4972e+00	2.5164e-01	2.3545e+00	0.0000e+00
1.4824e+00	2.5189e-01	2.3563e+00	0.0000e+00
1.4740e+00	2.5192e-01	2.3589e+00	0.0000e+00
1.4745e+00	2.5167e-01	2.3616e+00	0.0000e+00
1.4824e+00	2.5090e-01	2.3637e+00	0.0000e+00
1.4916e+00	2.4960e-01	2.3649e+00	0.0000e+00
1.4971e+00	2.4845e-01	2.3650e+00	0.0000e+00
1.4970e+00	2.4799e-01	2.3642e+00	0.0000e+00
1.4918e+00	2.4863e-01	2.3625e+00	0.0000e+00
1.4848e+00	2.4918e-01	2.3599e+00	0.0000e+00
1.4765e+00	2.4954e-01	2.3566e+00	0.0000e+00
1.4673e+00	2.4976e-01	2.3532e+00	0.0000e+00
1.4574e+00	2.4997e-01	2.3502e+00	0.0000e+00
1.4481e+00	2.5018e-01	2.3485e+00	0.0000e+00
1.4401e+00	2.5057e-01	2.3492e+00	0.0000e+00
1.4343e+00	2.5117e-01	2.3538e+00	0.0000e+00
1.4286e+00	2.5186e-01	2.3626e+00	0.0000e+00
1.4238e+00	2.5232e-01	2.3748e+00	0.0000e+00
1.4214e+00	2.5269e-01	2.3875e+00	0.0000e+00
1.4220e+00	2.5300e-01	2.4103e+00	0.0000e+00
1.4257e+00	2.5322e-01	2.4432e+00	0.0000e+00
1.4308e+00	2.5324e-01	2.4703e+00	0.0000e+00
1.4350e+00	2.5305e-01	2.4943e+00	0.0000e+00
1.4401e+00	2.5275e-01	2.5126e+00	0.0000e+00
1.4507e+00	2.5223e-01	2.5246e+00	0.0000e+00
1.4658e+00	2.5150e-01	2.5311e+00	0.0000e+00
1.4823e+00	2.5067e-01	2.5331e+00	0.0000e+00
1.4968e+00	2.4987e-01	2.5320e+00	0.0000e+00
1.5074e+00	2.4962e-01	2.5285e+00	0.0000e+00
1.5127e+00	2.4993e-01	2.5233e+00	0.0000e+00
1.5152e+00	2.5031e-01	2.5169e+00	0.0000e+00
1.5164e+00	2.5047e-01	2.5098e+00	0.0000e+00
1.5171e+00	2.5035e-01	2.5023e+00	0.0000e+00
1.5174e+00	2.4984e-01	2.4947e+00	0.0000e+00
1.5158e+00	2.4956e-01	2.4871e+00	0.0000e+00
1.5096e+00	2.4986e-01	2.4793e+00	0.0000e+00
1.4983e+00	2.5062e-01	2.4716e+00	0.0000e+00
1.4827e+00	2.5179e-01	2.4638e+00	0.0000e+00
1.4686e+00	2.5246e-01	2.4611e+00	0.0000e+00
1.4616e+00	2.5284e-01	2.4656e+00	0.0000e+00
1.4639e+00	2.5297e-01	2.4768e+00	0.0000e+00
1.4741e+00	2.5285e-01	2.4933e+00	0.0000e+00
1.4865e+00	2.5254e-01	2.5127e+00	0.0000e+00
1.4971e+00	2.5224e-01	2.5319e+00	0.0000e+00
1.5043e+00	2.5214e-01	2.5482e+00	0.0000e+00
1.5062e+00	2.5229e-01	2.5600e+00	0.0000e+00
1.5016e+00	2.5263e-01	2.5668e+00	0.0000e+00
1.4910e+00	2.5312e-01	2.5691e+00	0.0000e+00
1.4771e+00	2.5371e-01	2.5683e+00	0.0000e+00
1.4629e+00	2.5437e-01	2.5661e+00	0.0000e+00
1.4512e+00	2.5514e-01	2.5627e+00	0.0000e+00
1.4435e+00	2.5601e-01	2.5585e+00	0.0000e+00
1.4394e+00	2.5696e-01	2.5536e+00	0.0000e+00
1.4381e+00	2.5779e-01	2.5482e+00	0.0000e+00
1.4385e+00	2.5831e-01	2.5438e+00	0.0000e+00
1.4387e+00	2.5867e-01	2.5437e+00	0.0000e+00
1.4380e+00	2.5894e-01	2.5493e+00	0.0000e+00
1.4366e+00	2.5907e-01	2.5613e+00	0.0000e+00
1.4348e+00	2.5931e-01	2.5800e+00	0.0000e+00
1.4331e+00	2.5996e-01	2.5949e+00	0.0000e+00
1.4318e+00	2.6147e-01	2.6075e+00	0.0000e+00
1.4309e+00	2.6387e-01	2.6173e+00	0.0000e+00
1.4299e+00	2.6684e-01	2.6242e+00	0.0000e+00
1.4282e+00	2.6998e-01	2.6280e+00	0.0000e+00
1.4255e+00	2.7259e-01	2.6291e+00	0.0000e+00
1.4225e+00	2.7454e-01	2.6284e+00	0.0000e+00
1.4196e+00	2.7614e-01	2.6269e+00	0.0000e+00
1.4174e+00	2.7781e-01	2.6258e+00	0.0000e+00
1.4167e+00	2.7922e-01	2.6253e+00	0.0000e+00
1.4178e+00	2.7980e-01	2.6252e+00	0.0000e+00
1.4213e+00	2.7954e-01	2.6249e+00	0.0000e+00
1.4297e+00	2.7865e-01	2.6195e+00	0.0000e+00
1.4446e+00	2.7755e-01	2.5967e+00	0.0000e+00
1.4653e+00	2.7630e-01	2.5678e+00	0.0000e+00
1.4884e+00	2.7466e-01	2.5437e+00	0.0000e+00
1.5087e+00	2.7267e-01	2.5269e+00	0.0000e+00
1.5215e+00	2.7088e-01	2.5163e+00	0.0000e+00
1.5241e+00	2.7003e-01	2.5096e+00	0.0000e+00
1.5171e+00	2.7064e-01	2.5050e+00	0.0000e+00
1.5055e+00	2.7228e-01	2.4994e+00	0.0000e+00
1.4931e+00	2.7391e-01	2.4927e+00	0.0000e+00
1.4824e+00	2.7536e-01	2.4885e+00	0.0000e+00
1.4756e+00	2.7634e-01	2.4880e+00	0.0000e+00
1.4730e+00	2.7632e-01	2.4915e+00	0.0000e+00
1.4724e+00	2.7539e-01	2.4967e+00	0.0000e+00
1.4717e+00	2.7464e-01	2.5025e+00	0.0000e+00
1.4704e+00	2.7437e-01	2.5078e+00	0.0000e+00
1.4691e+00	2.7429e-01	2.5116e+00	0.0000e+00
1.4672e+00	2.7426e-01	2.5124e+00	0.0000e+00
1.4653e+00	2.7421e-01	2.5104e+00	0.0000e+00
1.4629e+00	2.7426e-01	2.5070e+00	0.0000e+00
1.4584e+00	2.7454e-01	2.5030e+00	0.0000e+00
1.4542e+00	2.7477e-01	2.4982e+00	0.0000e+00
1.4530e+00	2.7488e-01	2.4926e+00	0.0000e+00
1.4561e+00	2.7493e-01	2.4865e+00	0.0000e+00
1.4631e+00	2.7494e-01	2.4783e+00	0.0000e+00
1.4723e+00	2.7491e-01	2.4713e+00	0.0000e+00
1.4805e+00	2.7485e-01	2.4661e+00	0.0000e+00
1.4848e+00	2.7488e-01	2.4593e+00	0.0000e+00
1.4859e+00	2.7525e-01	2.4514e+00	0.0000e+00
1.4863e+00	2.7568e-01	2.4440e+00	0.0000e+00
1.4872e+00	2.7574e-01	2.4387e+00	0.0000e+00
1.4896e+00	2.7526e-01	2.4339e+00	0.0000e+00
1.4935e+00	2.7425e-01	2.4296e+00	0.0000e+00
1.4995e+00	2.7281e-01	2.4260e+00	0.0000e+00
1.5086e+00	2.7118e-01	2.4232e+00	0.0000e+00
1.5201e+00	2.6947e-01	2.4218e+00	0.0000e+00
1.5326e+00	2.6768e-01	2.4221e+00	0.0000e+00
1.5455e+00	2.6590e-01	2.4241e+00	0.0000e+00
1.5580e+00	2.6429e-01	2.4273e+00	0.0000e+00
1.5687e+00	2.6281e-01	2.4324e+00	0.0000e+00
1.5761e+00	2.6174e-01	2.4400e+00	0.0000e+00
1.5808e+00	2.6119e-01	2.4499e+00	0.0000e+00
1.5874e+00	2.6067e-01	2.4611e+00	0.0000e+00
1.5977e+00	2.6019e-01	2.4725e+00	0.0000e+00
1.6101e+00	2.5957e-01	2.4824e+00	0.0000e+00
1.6231e+00	2.5875e-01	2.4898e+00	0.0000e+00
1.6350e+00	2.5768e-01	2.4939e+00	0.0000e+00
1.6441e+00	2.5644e-01	2.4946e+00	0.0000e+00
1.6514e+00	2.5522e-01	2.4906e+00	0.0000e+00
1.6570e+00	2.5465e-01	2.4856e+00	0.0000e+00
1.6587e+00	2.5468e-01	2.4807e+00	0.0000e+00
1.6550e+00	2.5479e-01	2.4749e+00	0.0000e+00
1.6459e+00	2.5516e-01	2.4710e+00	0.0000e+00
1.6338e+00	2.5622e-01	2.4705e+00	0.0000e+00
1.6231e+00	2.5743e-01	2.4784e+00	0.0000e+00
1.6167e+00	2.5835e-01	2.4992e+00	0.0000e+00
1.6103e+00	2.5927e-01	2.5335e+00	0.0000e+00
1.5975e+00	2.6066e-01	2.5769e+00	0.0000e+00
1.5787e+00	2.6257e-01	2.6225e+00	0.0000e+00
1.5575e+00	2.6477e-01	2.6650e+00	0.0000e+00
1.5383e+00	2.6672e-01	2.7011e+00	0.0000e+00
1.5243e+00	2.6811e-01	2.7298e+00	0.0000e+00
1.5190e+00	2.6847e-01	2.7507e+00	0.0000e+00
1.5234e+00	2.6799e-01	2.7626e+00	0.0000e+00
1.5347e+00	2.6727e-01	2.7659e+00	0.0000e+00
1.5502e+00	2.6646e-01	2.7620e+00	0.0000e+00
1.5652e+00	2.6591e-01	2.7495e+00	1.0000e+00
1.5746e+00	2.6576e-01	2.7324e+00	0.0000e+00
1.5746e+00	2.6604e-01	2.7191e+00	0.0000e+00
1.5671e+00	2.6670e-01	2.7115e+00	0.0000e+00
1.5573e+00	2.6762e-01	2.7134e+00	0.0000e+00
1.5483e+00	2.6869e-01	2.7254e+00	0.0000e+00
1.5407e+00	2.6983e-01	2.7449e+00	0.0000e+00
1.5349e+00	2.7099e-01	2.7668e+00	0.0000e+00
1.5310e+00	2.7204e-01	2.7860e+00	0.0000e+00
1.5305e+00	2.7246e-01	2.7990e+00	0.0000e+00
1.5351e+00	2.7210e-01	2.8045e+00	0.0000e+00
1.5437e+00	2.7139e-01	2.8033e+00	0.0000e+00
1.5543e+00	2.7069e-01	2.7975e+00	0.0000e+00
1.5637e+00	2.7036e-01	2.7898e+00	0.0000e+00
1.5681e+00	2.7051e-01	2.7825e+00	0.0000e+00
1.5653e+00	2.7117e-01	2.7775e+00	0.0000e+00
1.5562e+00	2.7226e-01	2.7764e+00	0.0000e+00
1.5440e+00	2.7370e-01	2.7798e+00	0.0000e+00
1.5322e+00	2.7531e-01	2.7868e+00	0.0000e+00
1.5246e+00	2.7683e-01	2.7948e+00	0.0000e+00
1.5218e+00	2.7785e-01	2.8012e+00	0.0000e+00
1.5215e+00	2.7813e-01	2.8041e+00	0.0000e+00
1.5200e+00	2.7857e-01	2.8009e+00	0.0000e+00
1.5202e+00	2.7863e-01	2.7915e+00	0.0000e+00
1.5245e+00	2.7843e-01	2.7799e+00	0.0000e+00
1.5340e+00	2.7799e-01	2.7649e+00	0.0000e+00
1.5484e+00	2.7730e-01	2.7473e+00	0.0000e+00
1.5646e+00	2.7633e-01	2.7289e+00	0.0000e+00
1.5786e+00	2.7508e-01	2.7127e+00	0.0000e+00
1.5860e+00	2.7403e-01	2.7008e+00	0.0000e+00
1.5835e+00	2.7398e-01	2.6938e+00	0.0000e+00
1.5745e+00	2.7461e-01	2.6904e+00	0.0000e+00
1.5621e+00	2.7554e-01	2.6889e+00	0.0000e+00
1.5486e+00	2.7656e-01	2.6874e+00	0.0000e+00
1.5369e+00	2.7755e-01	2.6847e+00	0.0000e+00
1.5294e+00	2.7810e-01	2.6797e+00	0.0000e+00
1.5264e+00	2.7794e-01	2.6723e+00	0.0000e+00
1.5262e+00	2.7762e-01	2.6631e+00	0.0000e+00
1.5286e+00	2.7727e-01	2.6525e+00	0.0000e+00
1.5331e+00	2.7684e-01	2.6411e+00	0.0000e+00
1.5382e+00	2.7630e-01	2.6289e+00	0.0000e+00
1.5420e+00	2.7569e-01	2.6129e+00	0.0000e+00
1.5442e+00	2.7506e-01	2.5968e+00	0.0000e+00
1.5440e+00	2.7465e-01	2.5845e+00	0.0000e+00
1.5425e+00	2.7458e-01	2.5726e+00	0.0000e+00
1.5421e+00	2.7429e-01	2.5611e+00	0.0000e+00
1.5451e+00	2.7344e-01	2.5500e+00	0.0000e+00
1.5532e+00	2.7226e-01	2.5394e+00	0.0000e+00
1.5657e+00	2.7094e-01	2.5296e+00	0.0000e+00
1.5801e+00	2.6953e-01	2.5212e+00	0.0000e+00
1.5931e+00	2.6808e-01	2.5148e+00	0.0000e+00
1.5986e+00	2.6745e-01	2.5108e+00	0.0000e+00
1.5944e+00	2.6743e-01	2.5088e+00	0.0000e+00
1.5830e+00	2.6768e-01	2.5080e+00	0.0000e+00
1.5681e+00	2.6785e-01	2.5076e+00	0.0000e+00
1.5532e+00	2.6792e-01	2.5071e+00	0.0000e+00
1.5410e+00	2.6792e-01	2.5060e+00	0.0000e+00
1.5362e+00	2.6773e-01	2.5042e+00	0.0000e+00
1.5391e+00	2.6753e-01	2.5016e+00	0.0000e+00
1.5484e+00	2.6733e-01	2.4986e+00	0.0000e+00
1.5609e+00	2.6705e-01	2.4955e+00	0.0000e+00
1.5728e+00	2.6673e-01	2.4920e+00	0.0000e+00
1.5821e+00	2.6638e-01	2.4871e+00	0.0000e+00
1.5873e+00	2.6619e-01	2.4827e+00	0.0000e+00
1.5892e+00	2.6648e-01	2.4779e+00	0.0000e+00
1.5902e+00	2.6700e-01	2.4714e+00	0.0000e+00
1.5904e+00	2.6808e-01	2.4662e+00	0.0000e+00
1.5898e+00	2.6977e-01	2.4611e+00	0.0000e+00
1.5892e+00	2.7169e-01	2.4564e+00	0.0000e+00
1.5887e+00	2.7358e-01	2.4528e+00	0.0000e+00
1.5885e+00	2.7510e-01	2.4517e+00	0.0000e+00
1.5892e+00	2.7563e-01	2.4549e+00	0.0000e+00
1.5913e+00	2.7509e-01	2.4634e+00	0.0000e+00
1.5945e+00	2.7344e-01	2.4773e+00	0.0000e+00
1.5993e+00	2.7078e-01	2.4949e+00	0.0000e+00
1.6087e+00	2.6740e-01	2.5135e+00	0.0000e+00
1.6242e+00	2.6402e-01	2.5302e+00	0.0000e+00
1.6442e+00	2.6120e-01	2.5435e+00	0.0000e+00
1.6652e+00	2.5891e-01	2.5532e+00	0.0000e+00
1.6830e+00	2.5690e-01	2.5595e+00	0.0000e+00
1.6954e+00	2.5482e-01	2.5620e+00	0.0000e+00
1.7021e+00	2.5307e-01	2.5611e+00	0.0000e+00
1.7049e+00	2.5203e-01	2.5574e+00	0.0000e+00
1.7054e+00	2.5165e-01	2.5493e+00	0.0000e+00
1.7008e+00	2.5181e-01	2.5385e+00	0.0000e+00
1.6896e+00	2.5229e-01	2.5291e+00	0.0000e+00
1.6723e+00	2.5302e-01	2.5200e+00	0.0000e+00
1.6531e+00	2.5400e-01	2.5110e+00	0.0000e+00
1.6365e+00	2.5521e-01	2.5026e+00	0.0000e+00
1.6257e+00	2.5667e-01	2.4945e+00	0.0000e+00
1.6213e+00	2.5836e-01	2.4868e+00	0.0000e+00
1.6213e+00	2.5978e-01	2.4795e+00	0.0000e+00
1.6220e+00	2.6032e-01	2.4730e+00	0.0000e+00
1.6229e+00	2.6047e-01	2.4674e+00	0.0000e+00
1.6242e+00	2.6053e-01	2.4633e+00	0.0000e+00
1.6261e+00	2.6063e-01	2.4612e+00	0.0000e+00
1.6279e+00	2.6104e-01	2.4615e+00	0.0000e+00
1.6290e+00	2.6186e-01	2.4637e+00	0.0000e+00
1.6307e+00	2.6239e-01	2.4669e+00	0.0000e+00
1.6360e+00	2.6225e-01	2.4703e+00	0.0000e+00
1.6452e+00	2.6194e-01	2.4733e+00	0.0000e+00
1.6575e+00	2.6163e-01	2.4753e+00	0.0000e+00
1.6705e+00	2.6129e-01	2.4761e+00	0.0000e+00
1.6814e+00	2.6086e-01	2.4756e+00	0.0000e+00
1.6862e+00	2.6038e-01	2.4739e+00	0.0000e+00
1.6808e+00	2.6028e-01	2.4701e+00	0.0000e+00
1.6659e+00	2.6049e-01	2.4651e+00	0.0000e+00
1.6448e+00	2.6088e-01	2.4604e+00	0.0000e+00
1.6213e+00	2.6162e-01	2.4552e+00	0.0000e+00
1.6000e+00	2.6286e-01	2.4501e+00	0.0000e+00
1.5851e+00	2.6463e-01	2.4455e+00	0.0000e+00
1.5783e+00	2.6616e-01	2.4414e+00	0.0000e+00
1.5762e+00	2.6715e-01	2.4376e+00	0.0000e+00
1.5761e+00	2.6776e-01	2.4339e+00	0.0000e+00
1.5779e+00	2.6802e-01	2.4304e+00	0.0000e+00
1.5806e+00	2.6814e-01	2.4270e+00	0.0000e+00
1.5834e+00	2.6832e-01	2.4234e+00	0.0000e+00
1.5840e+00	2.6871e-01	2.4200e+00	0.0000e+00
1.5800e+00	2.6939e-01	2.4171e+00	0.0000e+00
1.5722e+00	2.7021e-01	2.4149e+00	0.0000e+00
1.5622e+00	2.7113e-01	2.4131e+00	0.0000e+00
1.5510e+00	2.7216e-01	2.4114e+00	0.0000e+00
1.5409e+00	2.7306e-01	2.4098e+00	0.0000e+00
1.5344e+00	2.7379e-01	2.4079e+00	0.0000e+00
1.5321e+00	2.7424e-01	2.4059e+00	0.0000e+00
1.5322e+00	2.7439e-01	2.4037e+00	0.0000e+00
1.5289e+00	2.7489e-01	2.4010e+00	0.0000e+00
1.5200e+00	2.7567e-01	2.3983e+00	0.0000e+00
1.5074e+00	2.7670e-01	2.3971e+00	0.0000e+00
1.4932e+00	2.7804e-01	2.3978e+00	0.0000e+00
1.4796e+00	2.7997e-01	2.4012e+00	0.0000e+00
1.4687e+00	2.8265e-01	2.4075e+00	0.0000e+00
1.4608e+00	2.8491e-01	2.4158e+00	0.0000e+00
1.4547e+00	2.8640e-01	2.4246e+00	0.0000e+00
1.4495e+00	2.8744e-01	2.4327e+00	0.0000e+00
1.4451e+00	2.8826e-01	2.4390e+00	0.0000e+00
1.4423e+00	2.8881e-01	2.4431e+00	0.0000e+00
1.4406e+00	2.8899e-01	2.4450e+00	0.0000e+00
1.4389e+00	2.8936e-01	2.4450e+00	0.0000e+00
1.4367e+00	2.9027e-01	2.4431e+00	0.0000e+00
1.4349e+00	2.9097e-01	2.4398e+00	0.0000e+00
1.4340e+00	2.9109e-01	2.4356e+00	0.0000e+00
1.4344e+00	2.9050e-01	2.4308e+00	0.0000e+00
1.4360e+00	2.8943e-01	2.4259e+00	0.0000e+00
1.4398e+00	2.8826e-01	2.4213e+00	0.0000e+00
1.4468e+00	2.8713e-01	2.4165e+00	0.0000e+00
1.4539e+00	2.8645e-01	2.4138e+00	0.0000e+00
1.4566e+00	2.8622e-01	2.4144e+00	0.0000e+00
1.4562e+00	2.8611e-01	2.4206e+00	0.0000e+00
1.4550e+00	2.8603e-01	2.4318e+00	0.0000e+00
1.4536e+00	2.8597e-01	2.4477e+00	0.0000e+00
1.4518e+00	2.8588e-01	2.4662e+00	0.0000e+00
1.4494e+00	2.8574e-01	2.4845e+00	0.0000e+00
1.4464e+00	2.8557e-01	2.5011e+00	0.0000e+00
1.4442e+00	2.8532e-01	2.5145e+00	0.0000e+00
1.4432e+00	2.8496e-01	2.5237e+00	0.0000e+00
1.4430e+00	2.8456e-01	2.5292e+00	0.0000e+00
1.4427e+00	2.8438e-01	2.5322e+00	0.0000e+00
1.4410e+00	2.8461e-01	2.5340e+00	0.0000e+00
1.4376e+00	2.8515e-01	2.5337e+00	0.0000e+00
1.4319e+00	2.8566e-01	2.5317e+00	0.0000e+00
1.4235e+00	2.8603e-01	2.5281e+00	0.0000e+00
1.4130e+00	2.8632e-01	2.5222e+00	0.0000e+00
1.4022e+00	2.8662e-01	2.5143e+00	0.0000e+00
1.3923e+00	2.8715e-01	2.5067e+00	0.0000e+00
1.3853e+00	2.8771e-01	2.5011e+00	0.0000e+00
1.3811e+00	2.8816e-01	2.4992e+00	0.0000e+00
1.3794e+00	2.8842e-01	2.5081e+00	0.0000e+00
1.3798e+00	2.8846e-01	2.5355e+00	0.0000e+00
1.3817e+00	2.8815e-01	2.5744e+00	0.0000e+00
1.3847e+00	2.8746e-01	2.6245e+00	0.0000e+00
1.3886e+00	2.8661e-01	2.6814e+00	0.0000e+00
1.3922e+00	2.8611e-01	2.7402e+00	0.0000e+00
1.3921e+00	2.8674e-01	2.7949e+00	0.0000e+00
1.3862e+00	2.8814e-01	2.8411e+00	0.0000e+00
1.3741e+00	2.8973e-01	2.8757e+00	0.0000e+00
1.3568e+00	2.9147e-01	2.8977e+00	0.0000e+00
1.3381e+00	2.9325e-01	2.9096e+00	0.0000e+00
1.3221e+00	2.9501e-01	2.9127e+00	0.0000e+00
1.3122e+00	2.9670e-01	2.9078e+00	0.0000e+00
1.3086e+00	2.9783e-01	2.8969e+00	0.0000e+00
1.3071e+00	2.9857e-01	2.8821e+00	0.0000e+00
1.3054e+00	2.9923e-01	2.8651e+00	0.0000e+00
1.3037e+00	2.9977e-01	2.8469e+00	0.0000e+00
1.3022e+00	3.0008e-01	2.8286e+00	0.0000e+00
1.2992e+00	3.0058e-01	2.8109e+00	0.0000e+00
1.2915e+00	3.0166e-01	2.7937e+00	0.0000e+00
1.2776e+00	3.0296e-01	2.7726e+00	0.0000e+00
1.2598e+00	3.0410e-01	2.7560e+00	0.0000e+00
1.2436e+00	3.0467e-01	2.7407e+00	0.0000e+00
1.2345e+00	3.0481e-01	2.7233e+00	0.0000e+00
1.2361e+00	3.0465e-01	2.7111e+00	0.0000e+00
1.2474e+00	3.0424e-01	2.7011e+00	0.0000e+00
1.2636e+00	3.0351e-01	2.6947e+00	0.0000e+00
1.2783e+00	3.0251e-01	2.6957e+00	0.0000e+00
1.2866e+00	3.0179e-01	2.7095e+00	0.0000e+00
1.2854e+00	3.0220e-01	2.7399e+00	0.0000e+00
1.2760e+00	3.0364e-01	2.7848e+00	0.0000e+00
1.2629e+00	3.0520e-01	2.8366e+00	0.0000e+00
1.2488e+00	3.0680e-01	2.8864e+00	0.0000e+00
1.2370e+00	3.0811e-01	2.9271e+00	0.0000e+00
1.2296e+00	3.0903e-01	2.9554e+00	0.0000e+00
1.2263e+00	3.0960e-01	2.9704e+00	0.0000e+00
1.2249e+00	3.0998e-01	2.9734e+00	0.0000e+00
1.2236e+00	3.1049e-01	2.9669e+00	0.0000e+00
1.2218e+00	3.1114e-01	2.9543e+00	0.0000e+00
1.2191e+00	3.1194e-01	2.9393e+00	0.0000e+00
1.2114e+00	3.1321e-01	2.9213e+00	0.0000e+00
1.1979e+00	3.1470e-01	2.9041e+00	0.0000e+00
1.1810e+00	3.1608e-01	2.8934e+00	0.0000e+00
1.1640e+00	3.1739e-01	2.8778e+00	0.0000e+00
1.1497e+00	3.1877e-01	2.8566e+00	0.0000e+00
1.1401e+00	3.2023e-01	2.8381e+00	0.0000e+00
1.1357e+00	3.2123e-01	2.8190e+00	0.0000e+00
1.1344e+00	3.2107e-01	2.8015e+00	0.0000e+00
1.1341e+00	3.1989e-01	2.7891e+00	0.0000e+00
1.1347e+00	3.1768e-01	2.7848e+00	0.0000e+00
1.1359e+00	3.1500e-01	2.7897e+00	0.0000e+00
1.1367e+00	3.1267e-01	2.8019e+00	0.0000e+00
1.1370e+00	3.1088e-01	2.8173e+00	0.0000e+00
1.1370e+00	3.0959e-01	2.8323e+00	0.0000e+00
1.1392e+00	3.0855e-01	2.8451e+00	0.0000e+00
1.1464e+00	3.0763e-01	2.8550e+00	0.0000e+00
1.1593e+00	3.0678e-01	2.8612e+00	0.0000e+00
1.1753e+00	3.0609e-01	2.8642e+00	0.0000e+00
1.1890e+00	3.0559e-01	2.8644e+00	0.0000e+00
1.1947e+00	3.0529e-01	2.8613e+00	0.0000e+00
1.1905e+00	3.0529e-01	2.8552e+00	0.0000e+00
1.1786e+00	3.0584e-01	2.8448e+00	0.0000e+00
1.1656e+00	3.0684e-01	2.8323e+00	0.0000e+00
1.1567e+00	3.0766e-01	2.8203e+00	0.0000e+00
1.1524e+00	3.0818e-01	2.8070e+00	0.0000e+00
1.1503e+00	3.0832e-01	2.7933e+00	0.0000e+00
1.1474e+00	3.0842e-01	2.7803e+00	0.0000e+00
1.1443e+00	3.0850e-01	2.7687e+00	0.0000e+00
1.1419e+00	3.0854e-01	2.7593e+00	0.0000e+00
1.1400e+00	3.0843e-01	2.7524e+00	0.0000e+00
1.1382e+00	3.0815e-01	2.7475e+00	0.0000e+00
1.1367e+00	3.0769e-01	2.7451e+00	0.0000e+00
1.1354e+00	3.0695e-01	2.7450e+00	0.0000e+00
1.1346e+00	3.0579e-01	2.7463e+00	0.0000e+00
1.1344e+00	3.0447e-01	2.7476e+00	0.0000e+00
1.1346e+00	3.0337e-01	2.7479e+00	0.0000e+00
1.1348e+00	3.0259e-01	2.7464e+00	0.0000e+00
1.1352e+00	3.0185e-01	2.7427e+00	0.0000e+00
1.1351e+00	3.0127e-01	2.7367e+00	0.0000e+00
1.1349e+00	3.0072e-01	2.7310e+00	0.0000e+00
1.1346e+00	3.0017e-01	2.7261e+00	0.0000e+00
1.1321e+00	3.0022e-01	2.7206e+00	0.0000e+00
1.1239e+00	3.0121e-01	2.7122e+00	0.0000e+00
1.1108e+00	3.0231e-01	2.7013e+00	0.0000e+00
1.0948e+00	3.0325e-01	2.6909e+00	0.0000e+00
1.0785e+00	3.0436e-01	2.6800e+00	0.0000e+00
1.0649e+00	3.0569e-01	2.6693e+00	0.0000e+00
1.0562e+00	3.0697e-01	2.6595e+00	0.0000e+00
1.0527e+00	3.0789e-01	2.6511e+00	0.0000e+00
1.0519e+00	3.0862e-01	2.6441e+00	0.0000e+00
1.0511e+00	3.0953e-01	2.6381e+00	0.0000e+00
1.0506e+00	3.1032e-01	2.6332e+00	0.0000e+00
1.0515e+00	3.1060e-01	2.6300e+00	0.0000e+00
1.0536e+00	3.1022e-01	2.6282e+00	0.0000e+00
1.0561e+00	3.0968e-01	2.6279e+00	0.0000e+00
1.0584e+00	3.0891e-01	2.6292e+00	0.0000e+00
1.0590e+00	3.0818e-01	2.6313e+00	0.0000e+00
1.0565e+00	3.0793e-01	2.6334e+00	0.0000e+00
1.0524e+00	3.0789e-01	2.6351e+00	0.0000e+00
1.0511e+00	3.0754e-01	2.6358e+00	0.0000e+00
1.0555e+00	3.0689e-01	2.6352e+00	0.0000e+00
1.0649e+00	3.0597e-01	2.6332e+00	0.0000e+00
1.0765e+00	3.0486e-01	2.6303e+00	0.0000e+00
1.0875e+00	3.0366e-01	2.6270e+00	0.0000e+00
1.0976e+00	3.0253e-01	2.6235e+00	0.0000e+00
1.1095e+00	3.0157e-01	2.6220e+00	0.0000e+00
1.1235e+00	3.0064e-01	2.6224e+00	0.0000e+00
1.1383e+00	2.9971e-01	2.6242e+00	0.0000e+00
1.1516e+00	2.9878e-01	2.6266e+00	0.0000e+00
1.1613e+00	2.9795e-01	2.6294e+00	0.0000e+00
1.1660e+00	2.9746e-01	2.6318e+00	0.0000e+00
1.1671e+00	2.9744e-01	2.6330e+00	0.0000e+00
1.1668e+00	2.9778e-01	2.6327e+00	0.0000e+00
1.1683e+00	2.9725e-01	2.6309e+00	0.0000e+00
1.1712e+00	2.9575e-01	2.6283e+00	0.0000e+00
1.1741e+00	2.9440e-01	2.6256e+00	0.0000e+00
1.1794e+00	2.9322e-01	2.6232e+00	0.0000e+00
1.1900e+00	2.9200e-01	2.6213e+00	0.0000e+00
1.2061e+00	2.9073e-01	2.6204e+00	0.0000e+00
1.2252e+00	2.8935e-01	2.6201e+00	0.0000e+00
1.2434e+00	2.8765e-01	2.6201e+00	0.0000e+00
1.2566e+00	2.8569e-01	2.6198e+00	0.0000e+00
1.2631e+00	2.8366e-01	2.6193e+00	0.0000e+00
1.2649e+00	2.8240e-01	2.6181e+00	0.0000e+00
1.2647e+00	2.8200e-01	2.6164e+00	0.0000e+00
1.2640e+00	2.8202e-01	2.6164e+00	0.0000e+00
1.2628e+00	2.8220e-01	2.6212e+00	0.0000e+00
1.2599e+00	2.8251e-01	2.6297e+00	0.0000e+00
1.2536e+00	2.8307e-01	2.6409e+00	0.0000e+00
1.2438e+00	2.8401e-01	2.6533e+00	0.0000e+00
1.2304e+00	2.8575e-01	2.6650e+00	0.0000e+00
1.2132e+00	2.8822e-01	2.6747e+00	0.0000e+00
1.1924e+00	2.9056e-01	2.6818e+00	0.0000e+00
1.1710e+00	2.9250e-01	2.6859e+00	0.0000e+00
1.1525e+00	2.9437e-01	2.6871e+00	0.0000e+00
1.1398e+00	2.9624e-01	2.6860e+00	0.0000e+00
1.1333e+00	2.9789e-01	2.6831e+00	0.0000e+00
1.1294e+00	2.9911e-01	2.6789e+00	0.0000e+00
1.1265e+00	2.9984e-01	2.6739e+00	0.0000e+00
1.1247e+00	3.0018e-01	2.6682e+00	0.0000e+00
1.1244e+00	3.0005e-01	2.6617e+00	0.0000e+00
1.1249e+00	2.9950e-01	2.6548e+00	0.0000e+00
1.1251e+00	2.9911e-01	2.6476e+00	0.0000e+00
1.1243e+00	2.9923e-01	2.6403e+00	0.0000e+00
1.1229e+00	2.9982e-01	2.6331e+00	0.0000e+00
1.1213e+00	3.0075e-01	2.6249e+00	0.0000e+00
1.1200e+00	3.0186e-01	2.6178e+00	0.0000e+00
1.1198e+00	3.0261e-01	2.6127e+00	0.0000e+00
1.1197e+00	3.0291e-01	2.6081e+00	0.0000e+00
1.1215e+00	3.0239e-01	2.6037e+00	0.0000e+00
1.1282e+00	3.0113e-01	2.5996e+00	0.0000e+00
1.1389e+00	2.9959e-01	2.5956e+00	0.0000e+00
1.1509e+00	2.9814e-01	2.5928e+00	0.0000e+00
1.1609e+00	2.9689e-01	2.5923e+00	0.0000e+00
1.1663e+00	2.9584e-01	2.5949e+00	0.0000e+00
1.1674e+00	2.9491e-01	2.6006e+00	0.0000e+00
1.1656e+00	2.9398e-01	2.6087e+00	0.0000e+00
1.1633e+00	2.9298e-01	2.6180e+00	0.0000e+00
1.1617e+00	2.9221e-01	2.6271e+00	0.0000e+00
1.1611e+00	2.9175e-01	2.6351e+00	0.0000e+00
1.1610e+00	2.9164e-01	2.6414e+00	0.0000e+00
1.1630e+00	2.9110e-01	2.6460e+00	0.0000e+00
1.1691e+00	2.8992e-01	2.6491e+00	0.0000e+00
1.1787e+00	2.8851e-01	2.6514e+00	0.0000e+00
1.1908e+00	2.8692e-01	2.6534e+00	0.0000e+00
1.2061e+00	2.8510e-01	2.6566e+00	0.0000e+00
1.2262e+00	2.8310e-01	2.6611e+00	0.0000e+00
1.2505e+00	2.8113e-01	2.6661e+00	0.0000e+00
1.2756e+00	2.7918e-01	2.6720e+00	0.0000e+00
1.2970e+00	2.7738e-01	2.6788e+00	0.0000e+00
1.3113e+00	2.7590e-01	2.6857e+00	0.0000e+00
1.3166e+00	2.7516e-01	2.6919e+00	0.0000e+00
1.3128e+00	2.7595e-01	2.6968e+00	0.0000e+00
1.3027e+00	2.7774e-01	2.6998e+00	0.0000e+00
1.2871e+00	2.7987e-01	2.7010e+00	0.0000e+00
1.2674e+00	2.8212e-01	2.7015e+00	0.0000e+00
1.2475e+00	2.8424e-01	2.7025e+00	0.0000e+00
1.2315e+00	2.8612e-01	2.7053e+00	0.0000e+00
1.2220e+00	2.8751e-01	2.7120e+00	0.0000e+00
1.2187e+00	2.8792e-01	2.7233e+00	0.0000e+00
1.2188e+00	2.8729e-01	2.7380e+00	0.0000e+00
1.2191e+00	2.8648e-01	2.7534e+00	0.0000e+00
1.2191e+00	2.8571e-01	2.7676e+00	0.0000e+00
1.2185e+00	2.8540e-01	2.7792e+00	0.0000e+00
1.2177e+00	2.8543e-01	2.7876e+00	0.0000e+00
1.2165e+00	2.8569e-01	2.7931e+00	0.0000e+00
1.2153e+00	2.8595e-01	2.7971e+00	0.0000e+00
1.2142e+00	2.8597e-01	2.8016e+00	0.0000e+00
1.2143e+00	2.8562e-01	2.8066e+00	0.0000e+00
1.2163e+00	2.8501e-01	2.8095e+00	0.0000e+00
1.2201e+00	2.8420e-01	2.8110e+00	0.0000e+00
1.2242e+00	2.8351e-01	2.8089e+00	0.0000e+00
1.2267e+00	2.8342e-01	2.8040e+00	0.0000e+00
1.2305e+00	2.8321e-01	2.7992e+00	0.0000e+00
1.2412e+00	2.8211e-01	2.7950e+00	0.0000e+00
1.2586e+00	2.8036e-01	2.7917e+00	0.0000e+00
1.2794e+00	2.7844e-01	2.7901e+00	0.0000e+00
1.2992e+00	2.7673e-01	2.7904e+00	0.0000e+00
1.3135e+00	2.7549e-01	2.7935e+00	0.0000e+00
1.3206e+00	2.7491e-01	2.7996e+00	0.0000e+00
1.3220e+00	2.7547e-01	2.8090e+00	0.0000e+00
1.3214e+00	2.7658e-01	2.8219e+00	0.0000e+00
1.3213e+00	2.7724e-01	2.8427e+00	0.0000e+00
1.3217e+00	2.7752e-01	2.8617e+00	0.0000e+00
1.3196e+00	2.7804e-01	2.8771e+00	0.0000e+00
1.3120e+00	2.7880e-01	2.8982e+00	0.0000e+00
1.2985e+00	2.7962e-01	2.9181e+00	0.0000e+00
1.2802e+00	2.8057e-01	2.9339e+00	0.0000e+00
1.2596e+00	2.8174e-01	2.9459e+00	0.0000e+00
1.2407e+00	2.8288e-01	2.9482e+00	0.0000e+00
1.2279e+00	2.8361e-01	2.9437e+00	0.0000e+00
1.2221e+00	2.8369e-01	2.9364e+00	0.0000e+00
1.2206e+00	2.8331e-01	2.9285e+00	0.0000e+00
1.2200e+00	2.8313e-01	2.9207e+00	0.0000e+00
1.2192e+00	2.8323e-01	2.9127e+00	0.0000e+00
1.2184e+00	2.8338e-01	2.9042e+00	0.0000e+00
1.2185e+00	2.8333e-01	2.8949e+00	0.0000e+00
1.2188e+00	2.8328e-01	2.8852e+00	0.0000e+00
1.2183e+00	2.8345e-01	2.8764e+00	0.0000e+00
1.2174e+00	2.8369e-01	2.8691e+00	0.0000e+00
1.2208e+00	2.8330e-01	2.8626e+00	0.0000e+00
1.2313e+00	2.8257e-01	2.8556e+00	0.0000e+00
1.2485e+00	2.8162e-01	2.8480e+00	0.0000e+00
1.2692e+00	2.8042e-01	2.8410e+00	0.0000e+00
1.2887e+00	2.7865e-01	2.8356e+00	0.0000e+00
1.3023e+00	2.7693e-01	2.8323e+00	0.0000e+00
1.3087e+00	2.7581e-01	2.8319e+00	0.0000e+00
1.3100e+00	2.7565e-01	2.8367e+00	0.0000e+00
1.3089e+00	2.7625e-01	2.8449e+00	0.0000e+00
1.3071e+00	2.7716e-01	2.8555e+00	0.0000e+00
1.3050e+00	2.7803e-01	2.8669e+00	0.0000e+00
1.3032e+00	2.7866e-01	2.8773e+00	0.0000e+00
1.3027e+00	2.7887e-01	2.8848e+00	0.0000e+00
1.3027e+00	2.7912e-01	2.8886e+00	0.0000e+00
1.3026e+00	2.7970e-01	2.8885e+00	0.0000e+00
1.3026e+00	2.8046e-01	2.8845e+00	0.0000e+00
1.3021e+00	2.8133e-01	2.8781e+00	0.0000e+00
1.3009e+00	2.8226e-01	2.8708e+00	0.0000e+00
1.2988e+00	2.8328e-01	2.8632e+00	0.0000e+00
1.2964e+00	2.8422e-01	2.8555e+00	0.0000e+00
1.2951e+00	2.8448e-01	2.8481e+00	0.0000e+00
1.2947e+00	2.8445e-01	2.8413e+00	0.0000e+00
1.2937e+00	2.8473e-01	2.8358e+00	0.0000e+00
1.2917e+00	2.8536e-01	2.8324e+00	0.0000e+00
1.2895e+00	2.8584e-01	2.8327e+00	0.0000e+00
1.2912e+00	2.8548e-01	2.8362e+00	0.0000e+00
1.3010e+00	2.8461e-01	2.8427e+00	0.0000e+00
1.3191e+00	2.8357e-01	2.8520e+00	0.0000e+00
1.3411e+00	2.8262e-01	2.8573e+00	0.0000e+00
1.3590e+00	2.8211e-01	2.8632e+00	0.0000e+00
1.3675e+00	2.8196e-01	2.8687e+00	0.0000e+00
1.3671e+00	2.8216e-01	2.8722e+00	0.0000e+00
1.3697e+00	2.8228e-01	2.8769e+00	0.0000e+00
1.3789e+00	2.8216e-01	2.8845e+00	0.0000e+00
1.3915e+00	2.8174e-01	2.8951e+00	0.0000e+00
1.3986e+00	2.8123e-01	2.9071e+00	0.0000e+00
1.3964e+00	2.8087e-01	2.9187e+00	0.0000e+00
1.3853e+00	2.8086e-01	2.9281e+00	0.0000e+00
1.3703e+00	2.8119e-01	2.9335e+00	0.0000e+00
1.3579e+00	2.8163e-01	2.9347e+00	0.0000e+00
1.3510e+00	2.8204e-01	2.9336e+00	0.0000e+00
1.3487e+00	2.8231e-01	2.9360e+00	0.0000e+00
1.3482e+00	2.8272e-01	2.9483e+00	0.0000e+00
1.3461e+00	2.8453e-01	2.9726e+00	0.0000e+00
1.3424e+00	2.8730e-01	3.0167e+00	0.0000e+00
1.3382e+00	2.8895e-01	3.0643e+00	0.0000e+00
1.3318e+00	2.9001e-01	3.0902e+00	0.0000e+00
1.3208e+00	2.9109e-01	3.1191e+00	0.0000e+00
1.3055e+00	2.9230e-01	3.1480e+00	0.0000e+00
1.2884e+00	2.9356e-01	3.1594e+00	0.0000e+00
1.2730e+00	2.9492e-01	3.1648e+00	0.0000e+00
1.2639e+00	2.9607e-01	3.1619e+00	0.0000e+00
1.2654e+00	2.9637e-01	3.1558e+00	0.0000e+00
1.2765e+00	2.9590e-01	3.1502e+00	0.0000e+00
1.2937e+00	2.9486e-01	3.1453e+00	0.0000e+00
1.3125e+00	2.9365e-01	3.1398e+00	0.0000e+00
1.3282e+00	2.9252e-01	3.1326e+00	0.0000e+00
1.3376e+00	2.9163e-01	3.1226e+00	0.0000e+00
1.3406e+00	2.9112e-01	3.1094e+00	0.0000e+00
1.3411e+00	2.9094e-01	3.0935e+00	0.0000e+00
1.3426e+00	2.9022e-01	3.0761e+00	0.0000e+00
1.3447e+00	2.8891e-01	3.0582e+00	0.0000e+00
1.3463e+00	2.8791e-01	3.0404e+00	0.0000e+00
1.3472e+00	2.8754e-01	3.0232e+00	0.0000e+00
1.3478e+00	2.8741e-01	3.0062e+00	0.0000e+00
1.3483e+00	2.8707e-01	2.9895e+00	0.0000e+00
1.3486e+00	2.8645e-01	2.9692e+00	0.0000e+00
1.3490e+00	2.8566e-01	2.9495e+00	0.0000e+00
1.3490e+00	2.8499e-01	2.9339e+00	0.0000e+00
1.3479e+00	2.8461e-01	2.9188e+00	0.0000e+00
1.3459e+00	2.8462e-01	2.9046e+00	0.0000e+00
1.3440e+00	2.8497e-01	2.8915e+00	0.0000e+00
1.3429e+00	2.8535e-01	2.8795e+00	0.0000e+00
1.3428e+00	2.8566e-01	2.8686e+00	0.0000e+00
1.3435e+00	2.8575e-01	2.8588e+00	0.0000e+00
1.3450e+00	2.8568e-01	2.8499e+00	0.0000e+00
1.3465e+00	2.8543e-01	2.8416e+00	0.0000e+00
1.3475e+00	2.8501e-01	2.8341e+00	0.0000e+00
1.3514e+00	2.8401e-01	2.8269e+00	0.0000e+00
1.3602e+00	2.8303e-01	2.8201e+00	0.0000e+00
1.3720e+00	2.8244e-01	2.8133e+00	0.0000e+00
1.3847e+00	2.8210e-01	2.8068e+00	0.0000e+00
1.3960e+00	2.8191e-01	2.8005e+00	0.0000e+00
1.4040e+00	2.8178e-01	2.7947e+00	0.0000e+00
1.4081e+00	2.8177e-01	2.7897e+00	0.0000e+00
1.4121e+00	2.8199e-01	2.7862e+00	0.0000e+00
1.4259e+00	2.8152e-01	2.7836e+00	0.0000e+00
1.4469e+00	2.8068e-01	2.7823e+00	0.0000e+00
1.4700e+00	2.7968e-01	2.7818e+00	0.0000e+00
1.4905e+00	2.7844e-01	2.7810e+00	0.0000e+00
1.5052e+00	2.7701e-01	2.7793e+00	0.0000e+00
1.5109e+00	2.7636e-01	2.7773e+00	0.0000e+00
1.5064e+00	2.7709e-01	2.7745e+00	0.0000e+00
1.4961e+00	2.7874e-01	2.7720e+00	0.0000e+00
1.4834e+00	2.8045e-01	2.7717e+00	0.0000e+00
1.4677e+00	2.8233e-01	2.7727e+00	0.0000e+00
1.4468e+00	2.8404e-01	2.7745e+00	0.0000e+00
1.4212e+00	2.8560e-01	2.7767e+00	0.0000e+00
1.3951e+00	2.8695e-01	2.7792e+00	0.0000e+00
1.3741e+00	2.8807e-01	2.7818e+00	0.0000e+00
1.3612e+00	2.8900e-01	2.7844e+00	0.0000e+00
1.3569e+00	2.8960e-01	2.7872e+00	0.0000e+00
1.3582e+00	2.8949e-01	2.7897e+00	0.0000e+00
1.3600e+00	2.8921e-01	2.7917e+00	0.0000e+00
1.3608e+00	2.8922e-01	2.7928e+00	0.0000e+00
1.3612e+00	2.8910e-01	2.7928e+00	0.0000e+00
1.3619e+00	2.8881e-01	2.7914e+00	0.0000e+00
1.3633e+00	2.8838e-01	2.7883e+00	0.0000e+00
1.3651e+00	2.8824e-01	2.7844e+00	0.0000e+00
1.3665e+00	2.8868e-01	2.7814e+00	0.0000e+00
1.3672e+00	2.8977e-01	2.7791e+00	0.0000e+00
1.3676e+00	2.9115e-01	2.7777e+00	0.0000e+00
1.3685e+00	2.9224e-01	2.7773e+00	0.0000e+00
1.3699e+00	2.9279e-01	2.7777e+00	0.0000e+00
1.3710e+00	2.9294e-01	2.7777e+00	0.0000e+00
1.3725e+00	2.9274e-01	2.7765e+00	0.0000e+00
1.3751e+00	2.9213e-01	2.7740e+00	0.0000e+00
1.3818e+00	2.9119e-01	2.7710e+00	0.0000e+00
1.3941e+00	2.9021e-01	2.7693e+00	0.0000e+00
1.4116e+00	2.8927e-01	2.7724e+00	0.0000e+00
1.4335e+00	2.8823e-01	2.7835e+00	0.0000e+00
1.4569e+00	2.8703e-01	2.8035e+00	0.0000e+00
1.4783e+00	2.8550e-01	2.8310e+00	0.0000e+00
1.4909e+00	2.8430e-01	2.8621e+00	0.0000e+00
1.4882e+00	2.8431e-01	2.8918e+00	0.0000e+00
1.4723e+00	2.8572e-01	2.9163e+00	0.0000e+00
1.4505e+00	2.8830e-01	2.9346e+00	0.0000e+00
1.4298e+00	2.9102e-01	2.9473e+00	0.0000e+00
1.4149e+00	2.9316e-01	2.9565e+00	0.0000e+00
1.4074e+00	2.9463e-01	2.9603e+00	0.0000e+00
1.4064e+00	2.9500e-01	2.9596e+00	0.0000e+00
1.4082e+00	2.9467e-01	2.9570e+00	0.0000e+00
1.4101e+00	2.9450e-01	2.9511e+00	0.0000e+00
1.4114e+00	2.9432e-01	2.9419e+00	0.0000e+00
1.4121e+00	2.9399e-01	2.9344e+00	0.0000e+00
1.4123e+00	2.9361e-01	2.9283e+00	0.0000e+00
1.4117e+00	2.9340e-01	2.9245e+00	0.0000e+00
1.4114e+00	2.9312e-01	2.9230e+00	0.0000e+00
1.4122e+00	2.9258e-01	2.9229e+00	0.0000e+00
1.4141e+00	2.9195e-01	2.9231e+00	0.0000e+00
1.4163e+00	2.9143e-01	2.9224e+00	0.0000e+00
1.4183e+00	2.9107e-01	2.9199e+00	0.0000e+00
1.4199e+00	2.9094e-01	2.9157e+00	0.0000e+00
1.4208e+00	2.9098e-01	2.9115e+00	0.0000e+00
1.4210e+00	2.9142e-01	2.9092e+00	0.0000e+00
1.4206e+00	2.9275e-01	2.9099e+00	0.0000e+00
1.4189e+00	2.9543e-01	2.9138e+00	0.0000e+00
1.4165e+00	2.9879e-01	2.9204e+00	0.0000e+00
1.4146e+00	3.0125e-01	2.9280e+00	0.0000e+00
1.4130e+00	3.0313e-01	2.9353e+00	0.0000e+00
1.4069e+00	3.0513e-01	2.9389e+00	0.0000e+00
1.3938e+00	3.0702e-01	2.9401e+00	0.0000e+00
1.3752e+00	3.0865e-01	2.9431e+00	0.0000e+00
1.3553e+00	3.1013e-01	2.9499e+00	0.0000e+00
1.3382e+00	3.1147e-01	2.9582e+00	0.0000e+00
1.3274e+00	3.1261e-01	2.9677e+00	0.0000e+00
1.3228e+00	3.1351e-01	2.9772e+00	0.0000e+00
1.3218e+00	3.1407e-01	2.9853e+00	0.0000e+00
1.3221e+00	3.1412e-01	2.9911e+00	0.0000e+00
1.3222e+00	3.1403e-01	2.9952e+00	0.0000e+00
1.3221e+00	3.1407e-01	2.9992e+00	0.0000e+00
1.3224e+00	3.1424e-01	3.0037e+00	0.0000e+00
1.3229e+00	3.1451e-01	3.0081e+00	0.0000e+00
1.3234e+00	3.1467e-01	3.0114e+00	0.0000e+00
1.3236e+00	3.1459e-01	3.0130e+00	0.0000e+00
1.3233e+00	3.1420e-01	3.0121e+00	0.0000e+00
1.3228e+00	3.1341e-01	3.0087e+00	0.0000e+00
1.3236e+00	3.1232e-01	3.0035e+00	0.0000e+00
1.3260e+00	3.1103e-01	2.9968e+00	0.0000e+00
1.3297e+00	3.0983e-01	2.9861e+00	0.0000e+00
1.3332e+00	3.0925e-01	2.9731e+00	0.0000e+00
1.3354e+00	3.0908e-01	2.9616e+00	0.0000e+00
1.3366e+00	3.0884e-01	2.9494e+00	0.0000e+00
1.3375e+00	3.0826e-01	2.9372e+00	0.0000e+00
1.3382e+00	3.0753e-01	2.9255e+00	0.0000e+00
1.3356e+00	3.0742e-01	2.9148e+00	0.0000e+00
1.3257e+00	3.0778e-01	2.9051e+00	0.0000e+00
1.3079e+00	3.0850e-01	2.8963e+00	0.0000e+00
1.2851e+00	3.0957e-01	2.8889e+00	0.0000e+00
1.2625e+00	3.1082e-01	2.8845e+00	0.0000e+00
1.2462e+00	3.1168e-01	2.8847e+00	0.0000e+00
1.2407e+00	3.1173e-01	2.8903e+00	0.0000e+00
1.2367e+00	3.1162e-01	2.9014e+00	0.0000e+00
1.2307e+00	3.1159e-01	2.9164e+00	0.0000e+00
1.2224e+00	3.1163e-01	2.9331e+00	0.0000e+00
1.2124e+00	3.1167e-01	2.9487e+00	0.0000e+00
1.2023e+00	3.1178e-01	2.9608e+00	0.0000e+00
1.1942e+00	3.1224e-01	2.9684e+00	0.0000e+00
1.1902e+00	3.1336e-01	2.9722e+00	0.0000e+00
1.1889e+00	3.1495e-01	2.9729e+00	0.0000e+00
1.1886e+00	3.1602e-01	2.9712e+00	0.0000e+00
1.1893e+00	3.1606e-01	2.9665e+00	0.0000e+00
1.1909e+00	3.1504e-01	2.9594e+00	0.0000e+00
1.1930e+00	3.1281e-01	2.9521e+00	0.0000e+00
1.1955e+00	3.0982e-01	2.9442e+00	0.0000e+00
1.1974e+00	3.0819e-01	2.9368e+00	0.0000e+00
1.2011e+00	3.0730e-01	2.9314e+00	0.0000e+00
1.2117e+00	3.0633e-01	2.9285e+00	0.0000e+00
1.2296e+00	3.0529e-01	2.9277e+00	0.0000e+00
1.2529e+00	3.0416e-01	2.9281e+00	0.0000e+00
1.2777e+00	3.0285e-01	2.9288e+00	0.0000e+00
1.2981e+00	3.0163e-01	2.9288e+00	0.0000e+00
1.3070e+00	3.0105e-01	2.9276e+00	0.0000e+00
1.3018e+00	3.0106e-01	2.9250e+00	0.0000e+00
1.2862e+00	3.0199e-01	2.9210e+00	0.0000e+00
1.2687e+00	3.0331e-01	2.9156e+00	0.0000e+00
1.2547e+00	3.0457e-01	2.9095e+00	0.0000e+00
1.2465e+00	3.0560e-01	2.9032e+00	0.0000e+00
1.2441e+00	3.0621e-01	2.8970e+00	0.0000e+00
1.2441e+00	3.0626e-01	2.8909e+00	0.0000e+00
1.2436e+00	3.0632e-01	2.8833e+00	0.0000e+00
1.2432e+00	3.0663e-01	2.8773e+00	0.0000e+00
1.2471e+00	3.0631e-01	2.8721e+00	0.0000e+00
1.2583e+00	3.0523e-01	2.8669e+00	0.0000e+00
1.2759e+00	3.0361e-01	2.8655e+00	0.0000e+00
1.2958e+00	3.0182e-01	2.8683e+00	0.0000e+00
1.3135e+00	3.0015e-01	2.8794e+00	0.0000e+00
1.3252e+00	2.9893e-01	2.8954e+00	0.0000e+00
1.3306e+00	2.9822e-01	2.9152e+00	0.0000e+00
1.3326e+00	2.9780e-01	2.9355e+00	0.0000e+00
1.3347e+00	2.9718e-01	2.9536e+00	0.0000e+00
1.3368e+00	2.9633e-01	2.9679e+00	0.0000e+00
1.3381e+00	2.9569e-01	2.9789e+00	0.0000e+00
1.3383e+00	2.9527e-01	2.9882e+00	0.0000e+00
1.3371e+00	2.9493e-01	2.9962e+00	0.0000e+00
1.3358e+00	2.9444e-01	3.0030e+00	0.0000e+00
1.3377e+00	2.9369e-01	3.0080e+00	0.0000e+00
1.3466e+00	2.9269e-01	3.0113e+00	0.0000e+00
1.3599e+00	2.9206e-01	3.0134e+00	0.0000e+00
1.3713e+00	2.9183e-01	3.0145e+00	0.0000e+00
1.3761e+00	2.9174e-01	3.0144e+00	0.0000e+00
1.3728e+00	2.9169e-01	3.0117e+00	0.0000e+00
1.3629e+00	2.9176e-01	3.0076e+00	0.0000e+00
1.3499e+00	2.9221e-01	3.0019e+00	0.0000e+00
1.3391e+00	2.9333e-01	2.9928e+00	0.0000e+00
1.3315e+00	2.9438e-01	2.9843e+00	0.0000e+00
1.3182e+00	2.9559e-01	2.9753e+00	0.0000e+00
1.2989e+00	2.9696e-01	2.9662e+00	0.0000e+00
1.2771e+00	2.9858e-01	2.9571e+00	0.0000e+00
1.2571e+00	3.0062e-01	2.9485e+00	0.0000e+00
1.2423e+00	3.0293e-01	2.9408e+00	0.0000e+00
1.2348e+00	3.0465e-01	2.9335e+00	0.0000e+00
1.2335e+00	3.0505e-01	2.9265e+00	0.0000e+00
1.2345e+00	3.0439e-01	2.9200e+00	0.0000e+00
1.2354e+00	3.0379e-01	2.9135e+00	0.0000e+00
1.2364e+00	3.0299e-01	2.9069e+00	0.0000e+00
1.2374e+00	3.0225e-01	2.9004e+00	0.0000e+00
1.2388e+00	3.0163e-01	2.8946e+00	0.0000e+00
1.2401e+00	3.0128e-01	2.8902e+00	0.0000e+00
1.2400e+00	3.0135e-01	2.8891e+00	0.0000e+00
1.2389e+00	3.0172e-01	2.8968e+00	0.0000e+00
1.2370e+00	3.0236e-01	2.9109e+00	0.0000e+00
1.2366e+00	3.0279e-01	2.9269e+00	0.0000e+00
1.2425e+00	3.0195e-01	2.9579e+00	0.0000e+00
1.2568e+00	3.0007e-01	2.9878e+00	0.0000e+00
1.2772e+00	2.9803e-01	3.0065e+00	0.0000e+00
1.2993e+00	2.9621e-01	3.0191e+00	0.0000e+00
1.3178e+00	2.9465e-01	3.0255e+00	0.0000e+00
1.3297e+00	2.9313e-01	3.0261e+00	0.0000e+00
1.3350e+00	2.9182e-01	3.0220e+00	0.0000e+00
1.3354e+00	2.9116e-01	3.0148e+00	0.0000e+00
1.3341e+00	2.9121e-01	3.0063e+00	0.0000e+00
1.3325e+00	2.9140e-01	2.9980e+00	0.0000e+00
1.3308e+00	2.9200e-01	2.9914e+00	0.0000e+00
1.3289e+00	2.9325e-01	2.9869e+00	0.0000e+00
1.3263e+00	2.9519e-01	2.9840e+00	0.0000e+00
1.3220e+00	2.9679e-01	2.9819e+00	0.0000e+00
1.3131e+00	2.9827e-01	2.9795e+00	0.0000e+00
1.2975e+00	2.9988e-01	2.9763e+00	0.0000e+00
1.2750e+00	3.0161e-01	2.9727e+00	0.0000e+00
1.2474e+00	3.0338e-01	2.9688e+00	0.0000e+00
1.2189e+00	3.0510e-01	2.9636e+00	0.0000e+00
1.1940e+00	3.0685e-01	2.9586e+00	0.0000e+00
1.1764e+00	3.0869e-01	2.9532e+00	0.0000e+00
1.1677e+00	3.1026e-01	2.9458e+00	0.0000e+00
1.1660e+00	3.1084e-01	2.9410e+00	0.0000e+00
1.1671e+00	3.1039e-01	2.9343e+00	0.0000e+00
1.1679e+00	3.0994e-01	2.9262e+00	0.0000e+00
1.1683e+00	3.1000e-01	2.9203e+00	0.0000e+00
1.1685e+00	3.1038e-01	2.9149e+00	0.0000e+00
1.1687e+00	3.1040e-01	2.9100e+00	0.0000e+00
1.1725e+00	3.0930e-01	2.9057e+00	0.0000e+00
1.1833e+00	3.0758e-01	2.9016e+00	0.0000e+00
1.2002e+00	3.0596e-01	2.8978e+00	0.0000e+00
1.2198e+00	3.0469e-01	2.8944e+00	0.0000e+00
1.2375e+00	3.0371e-01	2.8918e+00	0.0000e+00
1.2496e+00	3.0293e-01	2.8907e+00	0.0000e+00
1.2547e+00	3.0275e-01	2.8925e+00	0.0000e+00
1.2549e+00	3.0367e-01	2.8978e+00	0.0000e+00
1.2536e+00	3.0489e-01	2.9059e+00	0.0000e+00
1.2516e+00	3.0592e-01	2.9156e+00	0.0000e+00
1.2489e+00	3.0668e-01	2.9255e+00	0.0000e+00
1.2455e+00	3.0727e-01	2.9357e+00	0.0000e+00
1.2426e+00	3.0774e-01	2.9425e+00	0.0000e+00
1.2406e+00	3.0810e-01	2.9453e+00	0.0000e+00
1.2404e+00	3.0808e-01	2.9463e+00	0.0000e+00
1.2418e+00	3.0704e-01	2.9468e+00	0.0000e+00
1.2442e+00	3.0533e-01	2.9474e+00	0.0000e+00
1.2458e+00	3.0422e-01	2.9478e+00	0.0000e+00
1.2465e+00	3.0358e-01	2.9477e+00	0.0000e+00
1.2465e+00	3.0335e-01	2.9472e+00	0.0000e+00
1.2462e+00	3.0321e-01	2.9463e+00	0.0000e+00
1.2452e+00	3.0315e-01	2.9449e+00	0.0000e+00
1.2435e+00	3.0310e-01	2.9432e+00	0.0000e+00
1.2413e+00	3.0328e-01	2.9411e+00	0.0000e+00
1.2389e+00	3.0384e-01	2.9384e+00	0.0000e+00
1.2371e+00	3.0473e-01	2.9349e+00	0.0000e+00
1.2360e+00	3.0566e-01	2.9310e+00	0.0000e+00
1.2356e+00	3.0624e-01	2.9269e+00	0.0000e+00
1.2358e+00	3.0612e-01	2.9230e+00	0.0000e+00
1.2369e+00	3.0528e-01	2.9193e+00	0.0000e+00
1.2383e+00	3.0410e-01	2.9159e+00	0.0000e+00
1.2393e+00	3.0287e-01	2.9131e+00	0.0000e+00
1.2394e+00	3.0197e-01	2.9108e+00	0.0000e+00
1.2392e+00	3.0142e-01	2.9094e+00	0.0000e+00
1.2394e+00	3.0100e-01	2.9085e+00	0.0000e+00
1.2401e+00	3.0067e-01	2.9079e+00	0.0000e+00
1.2402e+00	3.0062e-01	2.9069e+00	0.0000e+00
1.2389e+00	3.0099e-01	2.9057e+00	0.0000e+00
1.2364e+00	3.0185e-01	2.9045e+00	0.0000e+00
1.2333e+00	3.0309e-01	2.9030e+00	0.0000e+00
1.2306e+00	3.0483e-01	2.9012e+00	0.0000e+00
1.2294e+00	3.0641e-01	2.8987e+00	0.0000e+00
1.2302e+00	3.0740e-01	2.8960e+00	0.0000e+00
1.2316e+00	3.0828e-01	2.8933e+00	0.0000e+00
1.2325e+00	3.0944e-01	2.8906e+00	0.0000e+00
1.2334e+00	3.1056e-01	2.8884e+00	0.0000e+00
1.2374e+00	3.1065e-01	2.8867e+00	0.0000e+00
1.2469e+00	3.0988e-01	2.8854e+00	0.0000e+00
1.2630e+00	3.0866e-01	2.8842e+00	0.0000e+00
1.2819e+00	3.0764e-01	2.8815e+00	0.0000e+00
1.2961e+00	3.0721e-01	2.8784e+00	0.0000e+00
1.3011e+00	3.0713e-01	2.8785e+00	0.0000e+00
1.2965e+00	3.0730e-01	2.8838e+00	0.0000e+00
1.2859e+00	3.0784e-01	2.8924e+00	0.0000e+00
1.2755e+00	3.0893e-01	2.9027e+00	0.0000e+00
1.2701e+00	3.1005e-01	2.9122e+00	0.0000e+00
1.2696e+00	3.1053e-01	2.9198e+00	0.0000e+00
1.2704e+00	3.1007e-01	2.9243e+00	0.0000e+00
1.2711e+00	3.0903e-01	2.9260e+00	0.0000e+00
1.2715e+00	3.0814e-01	2.9257e+00	0.0000e+00
1.2713e+00	3.0781e-01	2.9239e+00	0.0000e+00
1.2706e+00	3.0803e-01	2.9210e+00	0.0000e+00
1.2701e+00	3.0838e-01	2.9177e+00	0.0000e+00
1.2703e+00	3.0849e-01	2.9142e+00	0.0000e+00
1.2708e+00	3.0846e-01	2.9107e+00	0.0000e+00
1.2681e+00	3.0892e-01	2.9074e+00	0.0000e+00
1.2565e+00	3.1010e-01	2.9041e+00	0.0000e+00
1.2358e+00	3.1160e-01	2.9010e+00	0.0000e+00
1.2092e+00	3.1318e-01	2.8979e+00	0.0000e+00
1.1815e+00	3.1466e-01	2.8950e+00	0.0000e+00
1.1580e+00	3.1587e-01	2.8914e+00	0.0000e+00
1.1428e+00	3.1670e-01	2.8883e+00	0.0000e+00
1.1370e+00	3.1698e-01	2.8857e+00	0.0000e+00
1.1372e+00	3.1645e-01	2.8818e+00	0.0000e+00
1.1377e+00	3.1576e-01	2.8772e+00	0.0000e+00
1.1377e+00	3.1531e-01	2.8735e+00	0.0000e+00
1.1376e+00	3.1544e-01	2.8720e+00	0.0000e+00
1.1377e+00	3.1648e-01	2.8720e+00	0.0000e+00
1.1379e+00	3.1807e-01	2.8735e+00	0.0000e+00
1.1375e+00	3.1970e-01	2.8766e+00	0.0000e+00
1.1359e+00	3.2082e-01	2.8812e+00	0.0000e+00
1.1302e+00	3.2196e-01	2.8875e+00	0.0000e+00
1.1176e+00	3.2326e-01	2.8953e+00	0.0000e+00
1.0991e+00	3.2477e-01	2.9046e+00	0.0000e+00
1.0783e+00	3.2640e-01	2.9153e+00	0.0000e+00
1.0598e+00	3.2795e-01	2.9261e+00	0.0000e+00
1.0473e+00	3.2891e-01	2.9352e+00	0.0000e+00
1.0412e+00	3.2932e-01	2.9415e+00	0.0000e+00
1.0393e+00	3.2947e-01	2.9447e+00	0.0000e+00
1.0385e+00	3.2974e-01	2.9453e+00	0.0000e+00
1.0385e+00	3.3023e-01	2.9439e+00	0.0000e+00
1.0392e+00	3.3069e-01	2.9411e+00	0.0000e+00
1.0402e+00	3.3110e-01	2.9364e+00	0.0000e+00
1.0412e+00	3.3156e-01	2.9324e+00	0.0000e+00
1.0416e+00	3.3251e-01	2.9297e+00	0.0000e+00
1.0387e+00	3.3378e-01	2.9263e+00	0.0000e+00
1.0288e+00	3.3533e-01	2.9239e+00	0.0000e+00
1.0116e+00	3.3686e-01	2.9230e+00	0.0000e+00
9.8954e-01	3.3820e-01	2.9225e+00	0.0000e+00
9.6667e-01	3.3952e-01	2.9222e+00	0.0000e+00
9.4648e-01	3.4100e-01	2.9217e+00	0.0000e+00
9.3168e-01	3.4276e-01	2.9209e+00	0.0000e+00
9.2333e-01	3.4442e-01	2.9198e+00	0.0000e+00
9.1973e-01	3.4508e-01	2.9188e+00	0.0000e+00
9.1741e-01	3.4503e-01	2.9187e+00	0.0000e+00
9.1480e-01	3.4494e-01	2.9212e+00	0.0000e+00
9.1239e-01	3.4514e-01	2.9283e+00	0.0000e+00
9.1056e-01	3.4539e-01	2.9412e+00	0.0000e+00
9.0928e-01	3.4540e-01	2.9583e+00	0.0000e+00
9.0838e-01	3.4491e-01	2.9767e+00	0.0000e+00
9.0728e-01	3.4424e-01	2.9940e+00	0.0000e+00
9.0634e-01	3.4376e-01	3.0080e+00	0.0000e+00
9.0589e-01	3.4344e-01	3.0188e+00	0.0000e+00
9.0606e-01	3.4301e-01	3.0233e+00	0.0000e+00
9.0660e-01	3.4273e-01	3.0243e+00	0.0000e+00
9.0721e-01	3.4276e-01	3.0219e+00	0.0000e+00
9.0756e-01	3.4309e-01	3.0181e+00	0.0000e+00
9.0788e-01	3.4352e-01	3.0171e+00	0.0000e+00
9.0811e-01	3.4375e-01	3.0255e+00	0.0000e+00
9.0765e-01	3.4353e-01	3.0490e+00	0.0000e+00
9.0713e-01	3.4279e-01	3.0881e+00	0.0000e+00
9.0694e-01	3.4179e-01	3.1373e+00	0.0000e+00
9.0542e-01	3.4140e-01	3.1889e+00	0.0000e+00
9.0197e-01	3.4133e-01	3.2361e+00	0.0000e+00
8.9912e-01	3.4129e-01	3.2738e+00	0.0000e+00
8.9912e-01	3.4123e-01	3.3002e+00	0.0000e+00
9.0238e-01	3.4118e-01	3.3166e+00	0.0000e+00
9.0768e-01	3.4115e-01	3.3245e+00	0.0000e+00
9.1244e-01	3.4109e-01	3.3241e+00	0.0000e+00
9.1504e-01	3.4087e-01	3.3163e+00	0.0000e+00
9.1565e-01	3.4068e-01	3.3041e+00	0.0000e+00
9.1585e-01	3.4038e-01	3.2902e+00	0.0000e+00
9.1559e-01	3.3988e-01	3.2715e+00	0.0000e+00
9.1521e-01	3.3880e-01	3.2506e+00	0.0000e+00
9.1554e-01	3.3692e-01	3.2363e+00	0.0000e+00
9.1671e-01	3.3580e-01	3.2162e+00	0.0000e+00
9.1811e-01	3.3555e-01	3.1917e+00	0.0000e+00
9.1919e-01	3.3577e-01	3.1758e+00	0.0000e+00
9.1952e-01	3.3606e-01	3.1648e+00	0.0000e+00
9.1916e-01	3.3628e-01	3.1582e+00	0.0000e+00
9.1868e-01	3.3643e-01	3.1546e+00	0.0000e+00
9.1831e-01	3.3650e-01	3.1514e+00	0.0000e+00
9.1813e-01	3.3638e-01	3.1465e+00	0.0000e+00
9.1811e-01	3.3609e-01	3.1393e+00	0.0000e+00
9.1832e-01	3.3566e-01	3.1303e+00	0.0000e+00
9.1885e-01	3.3538e-01	3.1201e+00	0.0000e+00
9.1978e-01	3.3526e-01	3.1090e+00	0.0000e+00
9.2072e-01	3.3526e-01	3.0970e+00	0.0000e+00
9.2161e-01	3.3514e-01	3.0849e+00	0.0000e+00
9.2196e-01	3.3509e-01	3.0734e+00	0.0000e+00
9.1806e-01	3.3586e-01	3.0619e+00	0.0000e+00
9.0666e-01	3.3710e-01	3.0504e+00	0.0000e+00
8.8888e-01	3.3846e-01	3.0392e+00	0.0000e+00
8.6862e-01	3.4001e-01	3.0257e+00	0.0000e+00
8.5020e-01	3.4177e-01	3.0152e+00	0.0000e+00
8.3743e-01	3.4363e-01	3.0063e+00	0.0000e+00
8.3138e-01	3.4512e-01	2.9985e+00	0.0000e+00
8.2926e-01	3.4594e-01	2.9963e+00	0.0000e+00
8.2715e-01	3.4689e-01	2.9958e+00	0.0000e+00
8.2492e-01	3.4815e-01	2.9966e+00	0.0000e+00
8.2342e-01	3.4912e-01	2.9973e+00	0.0000e+00
8.2271e-01	3.4963e-01	2.9969e+00	0.0000e+00
8.2253e-01	3.5002e-01	2.9949e+00	0.0000e+00
8.2291e-01	3.5005e-01	2.9909e+00	0.0000e+00
8.2310e-01	3.4955e-01	2.9855e+00	0.0000e+00
8.2257e-01	3.4872e-01	2.9791e+00	0.0000e+00
8.2173e-01	3.4774e-01	2.9724e+00	0.0000e+00
8.2099e-01	3.4701e-01	2.9662e+00	0.0000e+00
8.2059e-01	3.4673e-01	2.9604e+00	0.0000e+00
8.2006e-01	3.4702e-01	2.9546e+00	0.0000e+00
8.1934e-01	3.4782e-01	2.9481e+00	0.0000e+00
8.1893e-01	3.4857e-01	2.9406e+00	0.0000e+00
8.1878e-01	3.4929e-01	2.9326e+00	0.0000e+00
8.1899e-01	3.4972e-01	2.9247e+00	0.0000e+00
8.1924e-01	3.4974e-01	2.9155e+00	0.0000e+00
8.1932e-01	3.4923e-01	2.9074e+00	0.0000e+00
8.1916e-01	3.4858e-01	2.9022e+00	0.0000e+00
8.1874e-01	3.4835e-01	2.8983e+00	0.0000e+00
8.1929e-01	3.4825e-01	2.8960e+00	0.0000e+00
8.2074e-01	3.4818e-01	2.8956e+00	0.0000e+00
8.2264e-01	3.4802e-01	2.8969e+00	0.0000e+00
8.2449e-01	3.4786e-01	2.8994e+00	0.0000e+00
8.2639e-01	3.4760e-01	2.9025e+00	0.0000e+00
8.2774e-01	3.4728e-01	2.9054e+00	0.0000e+00
8.2812e-01	3.4721e-01	2.9075e+00	0.0000e+00
8.2736e-01	3.4790e-01	2.9080e+00	0.0000e+00
8.2597e-01	3.4946e-01	2.9072e+00	0.0000e+00
8.2521e-01	3.5044e-01	2.9054e+00	0.0000e+00
8.2568e-01	3.5016e-01	2.9029e+00	0.0000e+00
8.2716e-01	3.4906e-01	2.9006e+00	0.0000e+00
8.2920e-01	3.4728e-01	2.9000e+00	0.0000e+00
8.3082e-01	3.4550e-01	2.9026e+00	0.0000e+00
8.3135e-01	3.4420e-01	2.9098e+00	0.0000e+00
8.3071e-01	3.4328e-01	2.9213e+00	0.0000e+00
8.2938e-01	3.4268e-01	2.9356e+00	0.0000e+00
8.2770e-01	3.4258e-01	2.9530e+00	0.0000e+00
8.2675e-01	3.4268e-01	2.9660e+00	0.0000e+00
8.2655e-01	3.4280e-01	2.9731e+00	0.0000e+00
8.2432e-01	3.4294e-01	2.9794e+00	0.0000e+00
8.1911e-01	3.4309e-01	2.9864e+00	0.0000e+00
8.1180e-01	3.4326e-01	2.9941e+00	0.0000e+00
8.0434e-01	3.4355e-01	3.0010e+00	0.0000e+00
7.9870e-01	3.4408e-01	3.0046e+00	0.0000e+00
7.9643e-01	3.4468e-01	3.0045e+00	0.0000e+00
7.9806e-01	3.4472e-01	3.0018e+00	0.0000e+00
8.0136e-01	3.4450e-01	2.9977e+00	0.0000e+00
8.0556e-01	3.4421e-01	2.9931e+00	0.0000e+00
8.0982e-01	3.4390e-01	2.9886e+00	0.0000e+00
8.1308e-01	3.4360e-01	2.9842e+00	0.0000e+00
8.1516e-01	3.4333e-01	2.9801e+00	0.0000e+00
8.1611e-01	3.4313e-01	2.9770e+00	0.0000e+00
8.1616e-01	3.4295e-01	2.9767e+00	0.0000e+00
8.1572e-01	3.4322e-01	2.9817e+00	0.0000e+00
8.1433e-01	3.4412e-01	2.9960e+00	0.0000e+00
8.1249e-01	3.4533e-01	3.0222e+00	0.0000e+00
8.1167e-01	3.4580e-01	3.0587e+00	0.0000e+00
8.1253e-01	3.4574e-01	3.1098e+00	0.0000e+00
8.1474e-01	3.4547e-01	3.1554e+00	0.0000e+00
8.1712e-01	3.4517e-01	3.1823e+00	0.0000e+00
8.1880e-01	3.4497e-01	3.1995e+00	0.0000e+00
8.1885e-01	3.4502e-01	3.2074e+00	0.0000e+00
8.1767e-01	3.4521e-01	3.2082e+00	0.0000e+00
8.1567e-01	3.4558e-01	3.2043e+00	0.0000e+00
8.1305e-01	3.4621e-01	3.1961e+00	0.0000e+00
8.1034e-01	3.4692e-01	3.1842e+00	0.0000e+00
8.0765e-01	3.4745e-01	3.1701e+00	0.0000e+00
8.0564e-01	3.4753e-01	3.1552e+00	0.0000e+00
8.0489e-01	3.4688e-01	3.1404e+00	0.0000e+00
8.0565e-01	3.4580e-01	3.1260e+00	0.0000e+00
8.0762e-01	3.4455e-01	3.1120e+00	0.0000e+00
8.0981e-01	3.4344e-01	3.0981e+00	0.0000e+00
8.1169e-01	3.4269e-01	3.0845e+00	0.0000e+00
8.1308e-01	3.4233e-01	3.0734e+00	0.0000e+00
8.1427e-01	3.4229e-01	3.0670e+00	0.0000e+00
8.1519e-01	3.4251e-01	3.0671e+00	0.0000e+00
8.1565e-01	3.4291e-01	3.0738e+00	0.0000e+00
8.1589e-01	3.4364e-01	3.0854e+00	0.0000e+00
8.1691e-01	3.4426e-01	3.1026e+00	0.0000e+00
8.2093e-01	3.4408e-01	3.1186e+00	0.0000e+00
8.3172e-01	3.4316e-01	3.1282e+00	0.0000e+00
8.5041e-01	3.4179e-01	3.1341e+00	0.0000e+00
8.7484e-01	3.4010e-01	3.1357e+00	0.0000e+00
9.0090e-01	3.3822e-01	3.1330e+00	0.0000e+00
9.2478e-01	3.3631e-01	3.1268e+00	0.0000e+00
9.4259e-01	3.3420e-01	3.1172e+00	0.0000e+00
9.5255e-01	3.3246e-01	3.1056e+00	0.0000e+00
9.5600e-01	3.3180e-01	3.0943e+00	0.0000e+00
9.5727e-01	3.3242e-01	3.0844e+00	0.0000e+00
9.5807e-01	3.3363e-01	3.0781e+00	0.0000e+00
9.5829e-01	3.3467e-01	3.0791e+00	0.0000e+00
9.5843e-01	3.3530e-01	3.0893e+00	0.0000e+00
9.5914e-01	3.3540e-01	3.1099e+00	0.0000e+00
9.6082e-01	3.3497e-01	3.1360e+00	0.0000e+00
9.6358e-01	3.3430e-01	3.1636e+00	0.0000e+00
9.6695e-01	3.3358e-01	3.1882e+00	0.0000e+00
9.7002e-01	3.3281e-01	3.2068e+00	0.0000e+00
9.7219e-01	3.3176e-01	3.2190e+00	0.0000e+00
9.7332e-01	3.3058e-01	3.2249e+00	0.0000e+00
9.7509e-01	3.2921e-01	3.2265e+00	0.0000e+00
9.8288e-01	3.2751e-01	3.2243e+00	0.0000e+00
9.9909e-01	3.2591e-01	3.2205e+00	0.0000e+00
1.0222e+00	3.2445e-01	3.2196e+00	0.0000e+00
1.0478e+00	3.2320e-01	3.2223e+00	0.0000e+00
1.0712e+00	3.2213e-01	3.2311e+00	0.0000e+00
1.0889e+00	3.2125e-01	3.2436e+00	0.0000e+00
1.1013e+00	3.2055e-01	3.2582e+00	0.0000e+00
1.1157e+00	3.1958e-01	3.2711e+00	0.0000e+00
1.1363e+00	3.1828e-01	3.2798e+00	0.0000e+00
1.1615e+00	3.1694e-01	3.2837e+00	0.0000e+00
1.1889e+00	3.1581e-01	3.2819e+00	0.0000e+00
1.2154e+00	3.1489e-01	3.2766e+00	0.0000e+00
1.2375e+00	3.1436e-01	3.2672e+00	0.0000e+00
1.2519e+00	3.1433e-01	3.2560e+00	0.0000e+00
1.2568e+00	3.1479e-01	3.2419e+00	0.0000e+00
1.2546e+00	3.1551e-01	3.2278e+00	0.0000e+00
1.2483e+00	3.1618e-01	3.2115e+00	0.0000e+00
1.2438e+00	3.1659e-01	3.1978e+00	0.0000e+00
1.2458e+00	3.1663e-01	3.1877e+00	0.0000e+00
1.2542e+00	3.1626e-01	3.1881e+00	0.0000e+00
1.2658e+00	3.1513e-01	3.2011e+00	0.0000e+00
1.2746e+00	3.1343e-01	3.2247e+00	0.0000e+00
1.2774e+00	3.1237e-01	3.2452e+00	0.0000e+00
1.2777e+00	3.1190e-01	3.2644e+00	0.0000e+00
1.2817e+00	3.1089e-01	3.2786e+00	0.0000e+00
1.2925e+00	3.0977e-01	3.2878e+00	0.0000e+00
1.3101e+00	3.0847e-01	3.2895e+00	0.0000e+00
1.3323e+00	3.0690e-01	3.2867e+00	0.0000e+00
1.3559e+00	3.0505e-01	3.2781e+00	0.0000e+00
1.3796e+00	3.0313e-01	3.2678e+00	0.0000e+00
1.4032e+00	3.0130e-01	3.2536e+00	0.0000e+00
1.4277e+00	2.9961e-01	3.2391e+00	0.0000e+00
1.4533e+00	2.9783e-01	3.2226e+00	0.0000e+00
1.4777e+00	2.9597e-01	3.2100e+00	0.0000e+00
1.4989e+00	2.9413e-01	3.2032e+00	0.0000e+00
1.5146e+00	2.9247e-01	3.2085e+00	0.0000e+00
1.5247e+00	2.9093e-01	3.2226e+00	0.0000e+00
1.5346e+00	2.8924e-01	3.2436e+00	0.0000e+00
1.5477e+00	2.8728e-01	3.2645e+00	0.0000e+00
1.5629e+00	2.8521e-01	3.2823e+00	0.0000e+00
1.5777e+00	2.8334e-01	3.2928e+00	0.0000e+00
1.5891e+00	2.8176e-01	3.2962e+00	0.0000e+00
1.5959e+00	2.8056e-01	3.2895e+00	0.0000e+00
1.5985e+00	2.7992e-01	3.2798e+00	0.0000e+00
1.6014e+00	2.7917e-01	3.2657e+00	0.0000e+00
1.6118e+00	2.7757e-01	3.2516e+00	0.0000e+00
1.6303e+00	2.7553e-01	3.2350e+00	0.0000e+00
