WL	EN	AR	Marker
2.1785e+00	1.8770e-01	3.3648e+00	0.0000e+00
2.1897e+00	1.8753e-01	3.3616e+00	0.0000e+00
2.1957e+00	1.8764e-01	3.3529e+00	0.0000e+00
2.2012e+00	1.8803e-01	3.3372e+00	0.0000e+00
2.2107e+00	1.8843e-01	3.3212e+00	0.0000e+00
2.2255e+00	1.8852e-01	3.3031e+00	0.0000e+00
2.2460e+00	1.8826e-01	3.2838e+00	0.0000e+00
2.2633e+00	1.8819e-01	3.2645e+00	0.0000e+00
2.2598e+00	1.8909e-01	3.2457e+00	0.0000e+00
2.2431e+00	1.9061e-01	3.2280e+00	0.0000e+00
2.2177e+00	1.9225e-01	3.2115e+00	0.0000e+00
2.1877e+00	1.9390e-01	3.1967e+00	0.0000e+00
2.1575e+00	1.9561e-01	3.1838e+00	0.0000e+00
2.1306e+00	1.9745e-01	3.1722e+00	0.0000e+00
2.1056e+00	1.9957e-01	3.1614e+00	0.0000e+00
2.0894e+00	2.0175e-01	3.1510e+00	0.0000e+00
2.0884e+00	2.0344e-01	3.1414e+00	0.0000e+00
2.1010e+00	2.0400e-01	3.1328e+00	0.0000e+00
2.1151e+00	2.0405e-01	3.1257e+00	0.0000e+00
2.1257e+00	2.0392e-01	3.1210e+00	0.0000e+00
2.1257e+00	2.0392e-01	3.1197e+00	0.0000e+00
2.1257e+00	2.0392e-01	3.1216e+00	0.0000e+00
2.1257e+00	2.0392e-01	3.1259e+00	0.0000e+00
2.1257e+00	2.0392e-01	3.1328e+00	0.0000e+00
2.1257e+00	2.0392e-01	3.1396e+00	0.0000e+00
2.1257e+00	2.0392e-01	3.1442e+00	0.0000e+00
2.1257e+00	2.0392e-01	3.1475e+00	0.0000e+00
2.1257e+00	2.0392e-01	3.1494e+00	0.0000e+00
2.1257e+00	2.0392e-01	3.1497e+00	0.0000e+00
2.1257e+00	2.0392e-01	3.1478e+00	0.0000e+00
2.1373e+00	2.0296e-01	3.1436e+00	0.0000e+00
2.1413e+00	2.0211e-01	3.1378e+00	0.0000e+00
2.1407e+00	2.0143e-01	3.1315e+00	0.0000e+00
2.1419e+00	2.0107e-01	3.1249e+00	0.0000e+00
2.1486e+00	2.0120e-01	3.1186e+00	0.0000e+00
2.1641e+00	2.0126e-01	3.1126e+00	0.0000e+00
2.1845e+00	2.0127e-01	3.1073e+00	0.0000e+00
2.1845e+00	2.0127e-01	3.1025e+00	0.0000e+00
2.1845e+00	2.0127e-01	3.0984e+00	0.0000e+00
2.1845e+00	2.0127e-01	3.0960e+00	0.0000e+00
2.1554e+00	2.0321e-01	3.0977e+00	0.0000e+00
2.1304e+00	2.0556e-01	3.1065e+00	0.0000e+00
2.1149e+00	2.0753e-01	3.1246e+00	0.0000e+00
2.1039e+00	2.0935e-01	3.1592e+00	0.0000e+00
2.0917e+00	2.1087e-01	3.1989e+00	0.0000e+00
2.0757e+00	2.1163e-01	3.2291e+00	0.0000e+00
2.0571e+00	2.1154e-01	3.2542e+00	0.0000e+00
2.0376e+00	2.1101e-01	3.2690e+00	0.0000e+00
2.0188e+00	2.1083e-01	3.2823e+00	0.0000e+00
2.0045e+00	2.1120e-01	3.2926e+00	0.0000e+00
1.9983e+00	2.1098e-01	3.2968e+00	0.0000e+00
1.9961e+00	2.1019e-01	3.2980e+00	0.0000e+00
1.9923e+00	2.0907e-01	3.2958e+00	0.0000e+00
1.9823e+00	2.0784e-01	3.2888e+00	0.0000e+00
1.9652e+00	2.0694e-01	3.2792e+00	0.0000e+00
1.9442e+00	2.0668e-01	3.2702e+00	0.0000e+00
1.9221e+00	2.0664e-01	3.2617e+00	0.0000e+00
1.8994e+00	2.0680e-01	3.2541e+00	0.0000e+00
1.8769e+00	2.0747e-01	3.2486e+00	0.0000e+00
1.8567e+00	2.0833e-01	3.2457e+00	0.0000e+00
1.8399e+00	2.0905e-01	3.2449e+00	0.0000e+00
1.8249e+00	2.0975e-01	3.2452e+00	0.0000e+00
1.7830e+00	2.1200e-01	3.2465e+00	0.0000e+00
1.7500e+00	2.1386e-01	3.2475e+00	0.0000e+00
1.7317e+00	2.1527e-01	3.2472e+00	0.0000e+00
1.7363e+00	2.1580e-01	3.2448e+00	0.0000e+00
1.7393e+00	2.1635e-01	3.2414e+00	0.0000e+00
1.7373e+00	2.1686e-01	3.2374e+00	0.0000e+00
1.7292e+00	2.1716e-01	3.2327e+00	0.0000e+00
1.7164e+00	2.1721e-01	3.2277e+00	0.0000e+00
1.7013e+00	2.1729e-01	3.2233e+00	0.0000e+00
1.6854e+00	2.1743e-01	3.2199e+00	0.0000e+00
1.6699e+00	2.1778e-01	3.2174e+00	0.0000e+00
1.6579e+00	2.1767e-01	3.2156e+00	0.0000e+00
1.6512e+00	2.1700e-01	3.2141e+00	0.0000e+00
1.6484e+00	2.1614e-01	3.2128e+00	0.0000e+00
1.6464e+00	2.1532e-01	3.2116e+00	0.0000e+00
1.6440e+00	2.1461e-01	3.2112e+00	0.0000e+00
1.6407e+00	2.1408e-01	3.2128e+00	0.0000e+00
1.6385e+00	2.1357e-01	3.2173e+00	0.0000e+00
1.6361e+00	2.1323e-01	3.2242e+00	0.0000e+00
1.6407e+00	2.1236e-01	3.2324e+00	0.0000e+00
1.6510e+00	2.1053e-01	3.2403e+00	0.0000e+00
1.6640e+00	2.0786e-01	3.2467e+00	0.0000e+00
1.6736e+00	2.0552e-01	3.2508e+00	0.0000e+00
1.6789e+00	2.0393e-01	3.2524e+00	0.0000e+00
1.6809e+00	2.0297e-01	3.2511e+00	0.0000e+00
1.6790e+00	2.0257e-01	3.2474e+00	0.0000e+00
1.6738e+00	2.0272e-01	3.2433e+00	0.0000e+00
1.6666e+00	2.0321e-01	3.2390e+00	0.0000e+00
1.6570e+00	2.0324e-01	3.2352e+00	0.0000e+00
1.6417e+00	2.0306e-01	3.2325e+00	0.0000e+00
1.6226e+00	2.0273e-01	3.2317e+00	0.0000e+00
1.6062e+00	2.0251e-01	3.2342e+00	0.0000e+00
1.5958e+00	2.0257e-01	3.2388e+00	0.0000e+00
1.5921e+00	2.0295e-01	3.2442e+00	0.0000e+00
1.5900e+00	2.0344e-01	3.2494e+00	0.0000e+00
1.5855e+00	2.0404e-01	3.2537e+00	0.0000e+00
1.5797e+00	2.0447e-01	3.2565e+00	0.0000e+00
1.5774e+00	2.0411e-01	3.2587e+00	0.0000e+00
1.5758e+00	2.0361e-01	3.2621e+00	0.0000e+00
1.5679e+00	2.0341e-01	3.2660e+00	0.0000e+00
1.5485e+00	2.0365e-01	3.2694e+00	0.0000e+00
1.5174e+00	2.0438e-01	3.2716e+00	0.0000e+00
1.4831e+00	2.0524e-01	3.2731e+00	0.0000e+00
1.4789e+00	2.0441e-01	3.2734e+00	0.0000e+00
1.4765e+00	2.0350e-01	3.2736e+00	0.0000e+00
1.4732e+00	2.0276e-01	3.2734e+00	0.0000e+00
1.4671e+00	2.0239e-01	3.2727e+00	0.0000e+00
1.4577e+00	2.0256e-01	3.2716e+00	0.0000e+00
1.4481e+00	2.0273e-01	3.2706e+00	0.0000e+00
1.4429e+00	2.0241e-01	3.2699e+00	0.0000e+00
1.4415e+00	2.0193e-01	3.2704e+00	0.0000e+00
1.4420e+00	2.0139e-01	3.2743e+00	0.0000e+00
1.4428e+00	2.0079e-01	3.2840e+00	0.0000e+00
1.4425e+00	2.0032e-01	3.3009e+00	0.0000e+00
1.4406e+00	2.0009e-01	3.3235e+00	0.0000e+00
1.4385e+00	2.0000e-01	3.3494e+00	0.0000e+00
1.4364e+00	2.0003e-01	3.3752e+00	0.0000e+00
1.4328e+00	2.0012e-01	3.3983e+00	0.0000e+00
1.4282e+00	2.0007e-01	3.4169e+00	0.0000e+00
1.4246e+00	1.9983e-01	3.4309e+00	0.0000e+00
1.4212e+00	1.9947e-01	3.4409e+00	0.0000e+00
1.4169e+00	1.9918e-01	3.4476e+00	0.0000e+00
1.4120e+00	1.9901e-01	3.4519e+00	0.0000e+00
1.4017e+00	1.9883e-01	3.4540e+00	0.0000e+00
1.3957e+00	1.9893e-01	3.4547e+00	0.0000e+00
1.3888e+00	1.9937e-01	3.4531e+00	0.0000e+00
1.3815e+00	2.0012e-01	3.4496e+00	0.0000e+00
1.3746e+00	2.0089e-01	3.4444e+00	0.0000e+00
1.3707e+00	2.0102e-01	3.4381e+00	0.0000e+00
1.3737e+00	2.0039e-01	3.4313e+00	0.0000e+00
1.3838e+00	1.9943e-01	3.4238e+00	0.0000e+00
1.3978e+00	1.9837e-01	3.4160e+00	0.0000e+00
1.4111e+00	1.9733e-01	3.4081e+00	0.0000e+00
1.4198e+00	1.9642e-01	3.4004e+00	0.0000e+00
1.4221e+00	1.9580e-01	3.3951e+00	0.0000e+00
1.4192e+00	1.9571e-01	3.3955e+00	0.0000e+00
1.4128e+00	1.9614e-01	3.4032e+00	0.0000e+00
1.4052e+00	1.9669e-01	3.4208e+00	0.0000e+00
1.3977e+00	1.9713e-01	3.4477e+00	0.0000e+00
1.3909e+00	1.9755e-01	3.4801e+00	0.0000e+00
1.3843e+00	1.9814e-01	3.5133e+00	0.0000e+00
1.3773e+00	1.9915e-01	3.5430e+00	0.0000e+00
1.3698e+00	2.0067e-01	3.5703e+00	0.0000e+00
1.3625e+00	2.0250e-01	3.5847e+00	0.0000e+00
1.3497e+00	2.0413e-01	3.5904e+00	0.0000e+00
1.3405e+00	2.0542e-01	3.5928e+00	0.0000e+00
1.3334e+00	2.0624e-01	3.5879e+00	0.0000e+00
1.3267e+00	2.0664e-01	3.5768e+00	0.0000e+00
1.3192e+00	2.0684e-01	3.5645e+00	0.0000e+00
1.3098e+00	2.0703e-01	3.5507e+00	0.0000e+00
1.2978e+00	2.0738e-01	3.5364e+00	0.0000e+00
1.2821e+00	2.0791e-01	3.5223e+00	0.0000e+00
1.2642e+00	2.0837e-01	3.5099e+00	0.0000e+00
1.2451e+00	2.0893e-01	3.5019e+00	0.0000e+00
1.2254e+00	2.0972e-01	3.5009e+00	0.0000e+00
1.2070e+00	2.1075e-01	3.5088e+00	0.0000e+00
1.1940e+00	2.1145e-01	3.5269e+00	0.0000e+00
1.1903e+00	2.1160e-01	3.5561e+00	0.0000e+00
1.1863e+00	2.1164e-01	3.5959e+00	0.0000e+00
1.1813e+00	2.1190e-01	3.6435e+00	0.0000e+00
1.1761e+00	2.1252e-01	3.6942e+00	0.0000e+00
1.1712e+00	2.1346e-01	3.7417e+00	0.0000e+00
1.1664e+00	2.1441e-01	3.7817e+00	0.0000e+00
1.1621e+00	2.1518e-01	3.8122e+00	0.0000e+00
1.1589e+00	2.1570e-01	3.8350e+00	0.0000e+00
1.1568e+00	2.1604e-01	3.8419e+00	0.0000e+00
1.1545e+00	2.1632e-01	3.8363e+00	0.0000e+00
1.1515e+00	2.1644e-01	3.8218e+00	0.0000e+00
1.1476e+00	2.1643e-01	3.8074e+00	0.0000e+00
1.1429e+00	2.1678e-01	3.7926e+00	0.0000e+00
1.1386e+00	2.1751e-01	3.7777e+00	0.0000e+00
1.1344e+00	2.1860e-01	3.7627e+00	0.0000e+00
1.1304e+00	2.1968e-01	3.7472e+00	0.0000e+00
1.1267e+00	2.2044e-01	3.7316e+00	0.0000e+00
1.1230e+00	2.2110e-01	3.7163e+00	0.0000e+00
1.1186e+00	2.2200e-01	3.7017e+00	0.0000e+00
1.1137e+00	2.2317e-01	3.6873e+00	0.0000e+00
1.1097e+00	2.2417e-01	3.6733e+00	0.0000e+00
1.1075e+00	2.2482e-01	3.6600e+00	0.0000e+00
1.1068e+00	2.2533e-01	3.6472e+00	1.0000e+00
1.1066e+00	2.2568e-01	3.6357e+00	0.0000e+00
1.1060e+00	2.2584e-01	3.6279e+00	0.0000e+00
1.1044e+00	2.2588e-01	3.6304e+00	0.0000e+00
1.1020e+00	2.2583e-01	3.6522e+00	0.0000e+00
1.0990e+00	2.2595e-01	3.6987e+00	0.0000e+00
1.0957e+00	2.2636e-01	3.7674e+00	0.0000e+00
1.0922e+00	2.2699e-01	3.8498e+00	0.0000e+00
1.0885e+00	2.2762e-01	3.9531e+00	0.0000e+00
1.0855e+00	2.2777e-01	4.0395e+00	0.0000e+00
1.0814e+00	2.2766e-01	4.0892e+00	0.0000e+00
1.0748e+00	2.2759e-01	4.1214e+00	0.0000e+00
1.0671e+00	2.2745e-01	4.1371e+00	0.0000e+00
1.0599e+00	2.2738e-01	4.1381e+00	0.0000e+00
1.0543e+00	2.2759e-01	4.1307e+00	0.0000e+00
1.0507e+00	2.2816e-01	4.1213e+00	0.0000e+00
1.0489e+00	2.2885e-01	4.1168e+00	0.0000e+00
1.0483e+00	2.2928e-01	4.1220e+00	0.0000e+00
1.0463e+00	2.2949e-01	4.1370e+00	0.0000e+00
1.0407e+00	2.2999e-01	4.1590e+00	0.0000e+00
1.0327e+00	2.3083e-01	4.1824e+00	0.0000e+00
1.0257e+00	2.3171e-01	4.2033e+00	0.0000e+00
1.0218e+00	2.3251e-01	4.2197e+00	0.0000e+00
1.0211e+00	2.3315e-01	4.2311e+00	0.0000e+00
1.0217e+00	2.3348e-01	4.2391e+00	0.0000e+00
1.0221e+00	2.3369e-01	4.2459e+00	0.0000e+00
1.0237e+00	2.3365e-01	4.2511e+00	0.0000e+00
1.0263e+00	2.3331e-01	4.2530e+00	0.0000e+00
1.0286e+00	2.3290e-01	4.2515e+00	0.0000e+00
1.0294e+00	2.3261e-01	4.2475e+00	0.0000e+00
1.0289e+00	2.3244e-01	4.2435e+00	0.0000e+00
1.0277e+00	2.3211e-01	4.2405e+00	0.0000e+00
1.0239e+00	2.3172e-01	4.2347e+00	0.0000e+00
1.0169e+00	2.3136e-01	4.2257e+00	0.0000e+00
1.0078e+00	2.3115e-01	4.2197e+00	0.0000e+00
9.9908e-01	2.3113e-01	4.2176e+00	0.0000e+00
9.9177e-01	2.3149e-01	4.2203e+00	0.0000e+00
9.8782e-01	2.3165e-01	4.2270e+00	0.0000e+00
9.8743e-01	2.3158e-01	4.2358e+00	0.0000e+00
9.8906e-01	2.3146e-01	4.2464e+00	0.0000e+00
9.9131e-01	2.3144e-01	4.2614e+00	0.0000e+00
9.9328e-01	2.3163e-01	4.2826e+00	0.0000e+00
9.9382e-01	2.3212e-01	4.3087e+00	0.0000e+00
9.9151e-01	2.3279e-01	4.3355e+00	0.0000e+00
9.8681e-01	2.3346e-01	4.3595e+00	0.0000e+00
9.8169e-01	2.3413e-01	4.3787e+00	0.0000e+00
9.7733e-01	2.3492e-01	4.3922e+00	0.0000e+00
9.7354e-01	2.3590e-01	4.4008e+00	0.0000e+00
9.6838e-01	2.3722e-01	4.4040e+00	0.0000e+00
9.6035e-01	2.3874e-01	4.4048e+00	0.0000e+00
9.5062e-01	2.3989e-01	4.4059e+00	0.0000e+00
9.4174e-01	2.4043e-01	4.4069e+00	0.0000e+00
9.3462e-01	2.4070e-01	4.4068e+00	0.0000e+00
9.2869e-01	2.4085e-01	4.4068e+00	0.0000e+00
9.2249e-01	2.4085e-01	4.4085e+00	0.0000e+00
9.1571e-01	2.4079e-01	4.4129e+00	0.0000e+00
9.0957e-01	2.4079e-01	4.4189e+00	0.0000e+00
9.0577e-01	2.4072e-01	4.4254e+00	0.0000e+00
9.0411e-01	2.4058e-01	4.4311e+00	0.0000e+00
9.0257e-01	2.4079e-01	4.4350e+00	0.0000e+00
9.0119e-01	2.4126e-01	4.4379e+00	0.0000e+00
8.9969e-01	2.4180e-01	4.4437e+00	0.0000e+00
8.9625e-01	2.4224e-01	4.4568e+00	0.0000e+00
8.9088e-01	2.4249e-01	4.4773e+00	0.0000e+00
8.8553e-01	2.4241e-01	4.4568e+00	0.0000e+00
8.8230e-01	2.4199e-01	4.3376e+00	0.0000e+00
8.8228e-01	2.4123e-01	4.2332e+00	0.0000e+00
8.8372e-01	2.4047e-01	4.1704e+00	0.0000e+00
8.8238e-01	2.4033e-01	4.1025e+00	0.0000e+00
8.7725e-01	2.4100e-01	4.0711e+00	0.0000e+00
8.7057e-01	2.4236e-01	4.0663e+00	0.0000e+00
8.6485e-01	2.4379e-01	4.0692e+00	0.0000e+00
8.6148e-01	2.4477e-01	4.0776e+00	0.0000e+00
8.5920e-01	2.4543e-01	4.0887e+00	0.0000e+00
8.5574e-01	2.4612e-01	4.1047e+00	0.0000e+00
8.5099e-01	2.4689e-01	4.1252e+00	0.0000e+00
8.4627e-01	2.4766e-01	4.1476e+00	0.0000e+00
8.4332e-01	2.4828e-01	4.1686e+00	0.0000e+00
8.4329e-01	2.4852e-01	4.1859e+00	0.0000e+00
8.4458e-01	2.4864e-01	4.1988e+00	0.0000e+00
8.4415e-01	2.4898e-01	4.2077e+00	0.0000e+00
8.4134e-01	2.4952e-01	4.2136e+00	0.0000e+00
8.3651e-01	2.5036e-01	4.2168e+00	0.0000e+00
8.3028e-01	2.5173e-01	4.2166e+00	0.0000e+00
8.2466e-01	2.5327e-01	4.2112e+00	0.0000e+00
8.2143e-01	2.5421e-01	4.1990e+00	0.0000e+00
8.1921e-01	2.5478e-01	4.1847e+00	0.0000e+00
8.1738e-01	2.5506e-01	4.1728e+00	0.0000e+00
8.1601e-01	2.5528e-01	4.1660e+00	0.0000e+00
8.1435e-01	2.5567e-01	4.1644e+00	0.0000e+00
8.1131e-01	2.5624e-01	4.1657e+00	0.0000e+00
8.0827e-01	2.5691e-01	4.1674e+00	0.0000e+00
8.0679e-01	2.5756e-01	4.1681e+00	0.0000e+00
8.0630e-01	2.5821e-01	4.1659e+00	0.0000e+00
8.0590e-01	2.5888e-01	4.1613e+00	0.0000e+00
8.0582e-01	2.5939e-01	4.1544e+00	0.0000e+00
8.0593e-01	2.5958e-01	4.1460e+00	0.0000e+00
8.0579e-01	2.5947e-01	4.1365e+00	0.0000e+00
8.0493e-01	2.5935e-01	4.1267e+00	0.0000e+00
8.0161e-01	2.5989e-01	4.1172e+00	0.0000e+00
7.9344e-01	2.6100e-01	4.1081e+00	0.0000e+00
7.8093e-01	2.6213e-01	4.0990e+00	0.0000e+00
7.6642e-01	2.6331e-01	4.0896e+00	0.0000e+00
7.5304e-01	2.6453e-01	4.0800e+00	0.0000e+00
7.4308e-01	2.6577e-01	4.0717e+00	0.0000e+00
7.3748e-01	2.6682e-01	4.0648e+00	0.0000e+00
7.3516e-01	2.6745e-01	4.0602e+00	0.0000e+00
7.3505e-01	2.6773e-01	4.0591e+00	0.0000e+00
7.3722e-01	2.6767e-01	4.0645e+00	0.0000e+00
7.4104e-01	2.6744e-01	4.0734e+00	0.0000e+00
7.4586e-01	2.6707e-01	4.0860e+00	0.0000e+00
7.5089e-01	2.6650e-01	4.1031e+00	0.0000e+00
7.5500e-01	2.6567e-01	4.1126e+00	0.0000e+00
7.5753e-01	2.6462e-01	4.1218e+00	0.0000e+00
7.5906e-01	2.6332e-01	4.1276e+00	0.0000e+00
7.5863e-01	2.6234e-01	4.1277e+00	0.0000e+00
7.5581e-01	2.6171e-01	4.1260e+00	0.0000e+00
7.5121e-01	2.6159e-01	4.1237e+00	0.0000e+00
7.4604e-01	2.6197e-01	4.1213e+00	0.0000e+00
7.4136e-01	2.6272e-01	4.1191e+00	0.0000e+00
7.3790e-01	2.6369e-01	4.1169e+00	0.0000e+00
7.3895e-01	2.6398e-01	4.1143e+00	0.0000e+00
7.4775e-01	2.6348e-01	4.1111e+00	0.0000e+00
7.6270e-01	2.6280e-01	4.1074e+00	0.0000e+00
7.8017e-01	2.6208e-01	4.1032e+00	0.0000e+00
7.9637e-01	2.6125e-01	4.0986e+00	0.0000e+00
8.0824e-01	2.6035e-01	4.0934e+00	1.0000e+00
8.1384e-01	2.5996e-01	4.0879e+00	0.0000e+00
8.1518e-01	2.6015e-01	4.0810e+00	0.0000e+00
8.1651e-01	2.6018e-01	4.0740e+00	0.0000e+00
8.1879e-01	2.5982e-01	4.0700e+00	0.0000e+00
8.2140e-01	2.5905e-01	4.0652e+00	0.0000e+00
8.2351e-01	2.5803e-01	4.0597e+00	0.0000e+00
8.2499e-01	2.5700e-01	4.0560e+00	0.0000e+00
8.2556e-01	2.5621e-01	4.0528e+00	0.0000e+00
8.2483e-01	2.5579e-01	4.0502e+00	0.0000e+00
8.2451e-01	2.5543e-01	4.0492e+00	0.0000e+00
8.2605e-01	2.5501e-01	4.0521e+00	0.0000e+00
8.3001e-01	2.5458e-01	4.0625e+00	0.0000e+00
8.3579e-01	2.5416e-01	4.0818e+00	0.0000e+00
8.4270e-01	2.5333e-01	4.1081e+00	0.0000e+00
8.4915e-01	2.5206e-01	4.1368e+00	0.0000e+00
8.5448e-01	2.5047e-01	4.1636e+00	0.0000e+00
8.5801e-01	2.4905e-01	4.1852e+00	0.0000e+00
8.6013e-01	2.4818e-01	4.1997e+00	0.0000e+00
8.6272e-01	2.4751e-01	4.2073e+00	0.0000e+00
8.6991e-01	2.4643e-01	4.2090e+00	0.0000e+00
8.8180e-01	2.4499e-01	4.2060e+00	0.0000e+00
8.9528e-01	2.4362e-01	4.1994e+00	0.0000e+00
9.0660e-01	2.4255e-01	4.1879e+00	0.0000e+00
9.1388e-01	2.4163e-01	4.1771e+00	0.0000e+00
9.1712e-01	2.4099e-01	4.1688e+00	0.0000e+00
9.1947e-01	2.4062e-01	4.1584e+00	0.0000e+00
9.2629e-01	2.4024e-01	4.1473e+00	0.0000e+00
9.3903e-01	2.3989e-01	4.1379e+00	0.0000e+00
9.5556e-01	2.3938e-01	4.1315e+00	0.0000e+00
9.7223e-01	2.3869e-01	4.1260e+00	0.0000e+00
9.8626e-01	2.3796e-01	4.1209e+00	0.0000e+00
9.9571e-01	2.3747e-01	4.1159e+00	0.0000e+00
1.0014e+00	2.3732e-01	4.1092e+00	0.0000e+00
1.0080e+00	2.3695e-01	4.1018e+00	0.0000e+00
1.0166e+00	2.3627e-01	4.0947e+00	0.0000e+00
1.0264e+00	2.3542e-01	4.0884e+00	0.0000e+00
1.0361e+00	2.3444e-01	4.0825e+00	0.0000e+00
1.0440e+00	2.3346e-01	4.0772e+00	0.0000e+00
1.0496e+00	2.3258e-01	4.0721e+00	0.0000e+00
1.0534e+00	2.3190e-01	4.0670e+00	0.0000e+00
1.0559e+00	2.3148e-01	4.0620e+00	0.0000e+00
1.0572e+00	2.3122e-01	4.0570e+00	0.0000e+00
1.0574e+00	2.3109e-01	4.0521e+00	0.0000e+00
1.0570e+00	2.3110e-01	4.0465e+00	0.0000e+00
1.0566e+00	2.3111e-01	4.0410e+00	0.0000e+00
1.0572e+00	2.3090e-01	4.0380e+00	0.0000e+00
1.0591e+00	2.3055e-01	4.0347e+00	0.0000e+00
1.0620e+00	2.3021e-01	4.0303e+00	0.0000e+00
1.0651e+00	2.2996e-01	4.0272e+00	0.0000e+00
1.0665e+00	2.2993e-01	4.0230e+00	0.0000e+00
1.0655e+00	2.3005e-01	4.0197e+00	0.0000e+00
1.0633e+00	2.3021e-01	4.0202e+00	0.0000e+00
1.0616e+00	2.3026e-01	4.0244e+00	0.0000e+00
1.0613e+00	2.3015e-01	4.0326e+00	0.0000e+00
1.0632e+00	2.3022e-01	4.0440e+00	0.0000e+00
1.0650e+00	2.3047e-01	4.0571e+00	0.0000e+00
1.0671e+00	2.3072e-01	4.0703e+00	0.0000e+00
1.0697e+00	2.3081e-01	4.0819e+00	0.0000e+00
1.0728e+00	2.3069e-01	4.0911e+00	0.0000e+00
1.0767e+00	2.3017e-01	4.0976e+00	0.0000e+00
1.0801e+00	2.2996e-01	4.1015e+00	0.0000e+00
1.0821e+00	2.3009e-01	4.1029e+00	0.0000e+00
1.0834e+00	2.3027e-01	4.1013e+00	0.0000e+00
1.0847e+00	2.3031e-01	4.0981e+00	0.0000e+00
1.0910e+00	2.2937e-01	4.0939e+00	0.0000e+00
1.1061e+00	2.2806e-01	4.0892e+00	0.0000e+00
1.1285e+00	2.2674e-01	4.0888e+00	0.0000e+00
1.1544e+00	2.2555e-01	4.0950e+00	0.0000e+00
1.1779e+00	2.2448e-01	4.1133e+00	0.0000e+00
1.1944e+00	2.2343e-01	4.1366e+00	0.0000e+00
1.2034e+00	2.2236e-01	4.1635e+00	0.0000e+00
1.2076e+00	2.2122e-01	4.1896e+00	0.0000e+00
1.2111e+00	2.1993e-01	4.2118e+00	0.0000e+00
1.2147e+00	2.1899e-01	4.2285e+00	0.0000e+00
1.2186e+00	2.1859e-01	4.2396e+00	0.0000e+00
1.2261e+00	2.1813e-01	4.2456e+00	0.0000e+00
1.2400e+00	2.1755e-01	4.2477e+00	0.0000e+00
1.2593e+00	2.1685e-01	4.2471e+00	0.0000e+00
1.2805e+00	2.1599e-01	4.2448e+00	0.0000e+00
1.2992e+00	2.1494e-01	4.2411e+00	0.0000e+00
1.3114e+00	2.1388e-01	4.2356e+00	0.0000e+00
1.3169e+00	2.1293e-01	4.2286e+00	0.0000e+00
1.3183e+00	2.1224e-01	4.2183e+00	0.0000e+00
1.3187e+00	2.1171e-01	4.2070e+00	0.0000e+00
1.3188e+00	2.1141e-01	4.1997e+00	0.0000e+00
1.3189e+00	2.1153e-01	4.1898e+00	0.0000e+00
1.3189e+00	2.1210e-01	4.1771e+00	0.0000e+00
1.3184e+00	2.1292e-01	4.1675e+00	0.0000e+00
1.3170e+00	2.1374e-01	4.1595e+00	0.0000e+00
1.3145e+00	2.1445e-01	4.1549e+00	0.0000e+00
1.3120e+00	2.1500e-01	4.1547e+00	0.0000e+00
1.3111e+00	2.1531e-01	4.1588e+00	0.0000e+00
1.3141e+00	2.1481e-01	4.1658e+00	0.0000e+00
1.3215e+00	2.1341e-01	4.1737e+00	0.0000e+00
1.3322e+00	2.1179e-01	4.1803e+00	0.0000e+00
1.3442e+00	2.1047e-01	4.1849e+00	0.0000e+00
1.3546e+00	2.0953e-01	4.1872e+00	0.0000e+00
1.3614e+00	2.0887e-01	4.1874e+00	0.0000e+00
1.3647e+00	2.0845e-01	4.1853e+00	0.0000e+00
1.3663e+00	2.0820e-01	4.1809e+00	0.0000e+00
1.3672e+00	2.0803e-01	4.1745e+00	0.0000e+00
1.3669e+00	2.0795e-01	4.1667e+00	0.0000e+00
1.3656e+00	2.0804e-01	4.1586e+00	0.0000e+00
1.3648e+00	2.0802e-01	4.1507e+00	0.0000e+00
1.3653e+00	2.0775e-01	4.1434e+00	0.0000e+00
1.3671e+00	2.0718e-01	4.1369e+00	0.0000e+00
1.3695e+00	2.0624e-01	4.1301e+00	0.0000e+00
1.3705e+00	2.0530e-01	4.1248e+00	0.0000e+00
1.3688e+00	2.0508e-01	4.1228e+00	0.0000e+00
1.3675e+00	2.0433e-01	4.1210e+00	0.0000e+00
1.3714e+00	2.0337e-01	4.1190e+00	0.0000e+00
1.3822e+00	2.0229e-01	4.1177e+00	0.0000e+00
1.3986e+00	2.0107e-01	4.1154e+00	0.0000e+00
1.4170e+00	1.9979e-01	4.1114e+00	0.0000e+00
1.4321e+00	1.9856e-01	4.1074e+00	0.0000e+00
1.4406e+00	1.9751e-01	4.1030e+00	0.0000e+00
1.4438e+00	1.9663e-01	4.0985e+00	0.0000e+00
1.4455e+00	1.9575e-01	4.0942e+00	0.0000e+00
1.4470e+00	1.9495e-01	4.0908e+00	0.0000e+00
1.4488e+00	1.9426e-01	4.0890e+00	0.0000e+00
1.4507e+00	1.9377e-01	4.0883e+00	0.0000e+00
1.4521e+00	1.9361e-01	4.0871e+00	0.0000e+00
1.4530e+00	1.9356e-01	4.0861e+00	0.0000e+00
1.4533e+00	1.9344e-01	4.0854e+00	0.0000e+00
1.4528e+00	1.9350e-01	4.0848e+00	0.0000e+00
1.4518e+00	1.9356e-01	4.0843e+00	0.0000e+00
1.4503e+00	1.9367e-01	4.0861e+00	0.0000e+00
1.4484e+00	1.9394e-01	4.0951e+00	0.0000e+00
1.4467e+00	1.9417e-01	4.1156e+00	0.0000e+00
1.4474e+00	1.9395e-01	4.1327e+00	0.0000e+00
1.4506e+00	1.9339e-01	4.1588e+00	0.0000e+00
1.4544e+00	1.9296e-01	4.1903e+00	0.0000e+00
1.4566e+00	1.9274e-01	4.2110e+00	0.0000e+00
1.4566e+00	1.9276e-01	4.2260e+00	0.0000e+00
1.4552e+00	1.9290e-01	4.2343e+00	0.0000e+00
1.4544e+00	1.9300e-01	4.2371e+00	0.0000e+00
1.4550e+00	1.9291e-01	4.2355e+00	0.0000e+00
1.4554e+00	1.9299e-01	4.2303e+00	0.0000e+00
1.4588e+00	1.9274e-01	4.2226e+00	0.0000e+00
1.4690e+00	1.9195e-01	4.2135e+00	0.0000e+00
1.4852e+00	1.9085e-01	4.2033e+00	0.0000e+00
1.5031e+00	1.8960e-01	4.1930e+00	0.0000e+00
1.5185e+00	1.8830e-01	4.1834e+00	0.0000e+00
1.5285e+00	1.8708e-01	4.1747e+00	0.0000e+00
1.5298e+00	1.8676e-01	4.1670e+00	0.0000e+00
1.5206e+00	1.8755e-01	4.1603e+00	0.0000e+00
1.5040e+00	1.8886e-01	4.1542e+00	0.0000e+00
1.4852e+00	1.9009e-01	4.1483e+00	0.0000e+00
1.4686e+00	1.9106e-01	4.1426e+00	0.0000e+00
1.4574e+00	1.9179e-01	4.1359e+00	0.0000e+00
1.4525e+00	1.9209e-01	4.1305e+00	0.0000e+00
1.4529e+00	1.9187e-01	4.1269e+00	0.0000e+00
1.4546e+00	1.9188e-01	4.1233e+00	0.0000e+00
1.4563e+00	1.9212e-01	4.1209e+00	0.0000e+00
1.4570e+00	1.9251e-01	4.1183e+00	0.0000e+00
1.4567e+00	1.9285e-01	4.1157e+00	0.0000e+00
1.4564e+00	1.9311e-01	4.1166e+00	0.0000e+00
1.4565e+00	1.9326e-01	4.1263e+00	0.0000e+00
1.4569e+00	1.9327e-01	4.1491e+00	0.0000e+00
1.4557e+00	1.9344e-01	4.1845e+00	0.0000e+00
1.4522e+00	1.9369e-01	4.2292e+00	0.0000e+00
1.4472e+00	1.9394e-01	4.2774e+00	0.0000e+00
1.4415e+00	1.9420e-01	4.3227e+00	0.0000e+00
1.4353e+00	1.9455e-01	4.3730e+00	0.0000e+00
1.4296e+00	1.9502e-01	4.4171e+00	0.0000e+00
1.4255e+00	1.9545e-01	4.4393e+00	0.0000e+00
1.4233e+00	1.9565e-01	4.4572e+00	0.0000e+00
1.4217e+00	1.9550e-01	4.4785e+00	0.0000e+00
1.4184e+00	1.9530e-01	4.4892e+00	0.0000e+00
1.4103e+00	1.9556e-01	4.4915e+00	0.0000e+00
1.3977e+00	1.9620e-01	4.4877e+00	0.0000e+00
1.3835e+00	1.9686e-01	4.4814e+00	0.0000e+00
1.3704e+00	1.9747e-01	4.4692e+00	0.0000e+00
1.3600e+00	1.9807e-01	4.4600e+00	0.0000e+00
1.3527e+00	1.9881e-01	4.4574e+00	0.0000e+00
1.3457e+00	1.9989e-01	4.4563e+00	0.0000e+00
1.3350e+00	2.0113e-01	4.4516e+00	0.0000e+00
1.3193e+00	2.0221e-01	4.4410e+00	0.0000e+00
1.3006e+00	2.0326e-01	4.4267e+00	0.0000e+00
1.2825e+00	2.0415e-01	4.4135e+00	0.0000e+00
1.2676e+00	2.0478e-01	4.4023e+00	0.0000e+00
1.2579e+00	2.0512e-01	4.3918e+00	0.0000e+00
1.2535e+00	2.0499e-01	4.3809e+00	0.0000e+00
1.2501e+00	2.0478e-01	4.3694e+00	0.0000e+00
1.2459e+00	2.0465e-01	4.3576e+00	0.0000e+00
1.2405e+00	2.0469e-01	4.3481e+00	0.0000e+00
1.2346e+00	2.0495e-01	4.3447e+00	0.0000e+00
1.2287e+00	2.0546e-01	4.3483e+00	0.0000e+00
1.2235e+00	2.0593e-01	4.3604e+00	0.0000e+00
1.2201e+00	2.0598e-01	4.3727e+00	0.0000e+00
1.2186e+00	2.0575e-01	4.3840e+00	0.0000e+00
1.2196e+00	2.0528e-01	4.3928e+00	0.0000e+00
1.2229e+00	2.0461e-01	4.3942e+00	0.0000e+00
1.2269e+00	2.0378e-01	4.3895e+00	0.0000e+00
1.2292e+00	2.0320e-01	4.3785e+00	0.0000e+00
1.2291e+00	2.0296e-01	4.3676e+00	0.0000e+00
1.2279e+00	2.0271e-01	4.3563e+00	0.0000e+00
1.2264e+00	2.0238e-01	4.3450e+00	0.0000e+00
1.2250e+00	2.0213e-01	4.3338e+00	0.0000e+00
1.2238e+00	2.0209e-01	4.3228e+00	0.0000e+00
1.2236e+00	2.0203e-01	4.3122e+00	0.0000e+00
1.2248e+00	2.0182e-01	4.3022e+00	0.0000e+00
1.2262e+00	2.0151e-01	4.2932e+00	0.0000e+00
1.2273e+00	2.0117e-01	4.2853e+00	0.0000e+00
1.2249e+00	2.0091e-01	4.2781e+00	0.0000e+00
1.2224e+00	2.0066e-01	4.2720e+00	0.0000e+00
1.2210e+00	2.0041e-01	4.2682e+00	0.0000e+00
1.2212e+00	2.0015e-01	4.2663e+00	0.0000e+00
1.2220e+00	1.9990e-01	4.2658e+00	0.0000e+00
1.2219e+00	1.9972e-01	4.2661e+00	0.0000e+00
1.2196e+00	1.9971e-01	4.2664e+00	0.0000e+00
1.2155e+00	1.9988e-01	4.2657e+00	0.0000e+00
1.2109e+00	1.9999e-01	4.2657e+00	0.0000e+00
1.2069e+00	2.0003e-01	4.2675e+00	0.0000e+00
1.2004e+00	2.0045e-01	4.2714e+00	0.0000e+00
1.1869e+00	2.0114e-01	4.2758e+00	0.0000e+00
1.1675e+00	2.0188e-01	4.2783e+00	0.0000e+00
1.1455e+00	2.0257e-01	4.2796e+00	0.0000e+00
1.1255e+00	2.0318e-01	4.2795e+00	0.0000e+00
1.1108e+00	2.0378e-01	4.2782e+00	0.0000e+00
1.1024e+00	2.0440e-01	4.2762e+00	0.0000e+00
1.0985e+00	2.0502e-01	4.2737e+00	0.0000e+00
1.0962e+00	2.0561e-01	4.2702e+00	0.0000e+00
1.0959e+00	2.0586e-01	4.2661e+00	0.0000e+00
1.0967e+00	2.0605e-01	4.2616e+00	0.0000e+00
1.0958e+00	2.0646e-01	4.2573e+00	0.0000e+00
1.0925e+00	2.0697e-01	4.2535e+00	0.0000e+00
1.0884e+00	2.0743e-01	4.2518e+00	0.0000e+00
1.0853e+00	2.0778e-01	4.2567e+00	0.0000e+00
1.0841e+00	2.0804e-01	4.2746e+00	0.0000e+00
1.0845e+00	2.0825e-01	4.3222e+00	0.0000e+00
1.0857e+00	2.0848e-01	4.3766e+00	0.0000e+00
1.0863e+00	2.0881e-01	4.4414e+00	0.0000e+00
1.0883e+00	2.0892e-01	4.5198e+00	0.0000e+00
1.0916e+00	2.0876e-01	4.5603e+00	0.0000e+00
1.0952e+00	2.0824e-01	4.6010e+00	0.0000e+00
1.0983e+00	2.0735e-01	4.6335e+00	0.0000e+00
1.1010e+00	2.0636e-01	4.6444e+00	0.0000e+00
1.1046e+00	2.0561e-01	4.6451e+00	0.0000e+00
1.1107e+00	2.0518e-01	4.6378e+00	0.0000e+00
1.1206e+00	2.0485e-01	4.6238e+00	0.0000e+00
1.1332e+00	2.0434e-01	4.6080e+00	0.0000e+00
1.1449e+00	2.0380e-01	4.5996e+00	0.0000e+00
1.1517e+00	2.0332e-01	4.6002e+00	0.0000e+00
1.1512e+00	2.0300e-01	4.6076e+00	0.0000e+00
1.1450e+00	2.0295e-01	4.6172e+00	0.0000e+00
1.1382e+00	2.0311e-01	4.6252e+00	0.0000e+00
1.1341e+00	2.0334e-01	4.6293e+00	0.0000e+00
1.1332e+00	2.0348e-01	4.6287e+00	0.0000e+00
1.1335e+00	2.0357e-01	4.6240e+00	0.0000e+00
1.1335e+00	2.0372e-01	4.6169e+00	0.0000e+00
1.1332e+00	2.0392e-01	4.6091e+00	0.0000e+00
1.1332e+00	2.0389e-01	4.6010e+00	0.0000e+00
1.1329e+00	2.0372e-01	4.5882e+00	0.0000e+00
1.1321e+00	2.0355e-01	4.5745e+00	0.0000e+00
1.1305e+00	2.0349e-01	4.5677e+00	0.0000e+00
1.1287e+00	2.0357e-01	4.5592e+00	0.0000e+00
1.1275e+00	2.0365e-01	4.5475e+00	0.0000e+00
1.1274e+00	2.0344e-01	4.5367e+00	0.0000e+00
1.1259e+00	2.0387e-01	4.5243e+00	0.0000e+00
1.1194e+00	2.0464e-01	4.5104e+00	0.0000e+00
1.1072e+00	2.0544e-01	4.4954e+00	0.0000e+00
1.0922e+00	2.0610e-01	4.4806e+00	0.0000e+00
1.0780e+00	2.0666e-01	4.4670e+00	0.0000e+00
1.0677e+00	2.0716e-01	4.4554e+00	0.0000e+00
1.0621e+00	2.0758e-01	4.4454e+00	0.0000e+00
1.0595e+00	2.0786e-01	4.4369e+00	0.0000e+00
1.0575e+00	2.0810e-01	4.4300e+00	0.0000e+00
1.0564e+00	2.0814e-01	4.4250e+00	0.0000e+00
1.0556e+00	2.0811e-01	4.4222e+00	0.0000e+00
1.0552e+00	2.0815e-01	4.4213e+00	0.0000e+00
1.0559e+00	2.0819e-01	4.4215e+00	0.0000e+00
1.0572e+00	2.0821e-01	4.4226e+00	0.0000e+00
1.0581e+00	2.0836e-01	4.4234e+00	0.0000e+00
1.0588e+00	2.0854e-01	4.4238e+00	0.0000e+00
1.0591e+00	2.0863e-01	4.4234e+00	0.0000e+00
1.0594e+00	2.0845e-01	4.4239e+00	0.0000e+00
1.0611e+00	2.0773e-01	4.4253e+00	0.0000e+00
1.0642e+00	2.0677e-01	4.4265e+00	0.0000e+00
1.0691e+00	2.0594e-01	4.4267e+00	0.0000e+00
1.0772e+00	2.0519e-01	4.4259e+00	0.0000e+00
1.0884e+00	2.0460e-01	4.4247e+00	0.0000e+00
1.1014e+00	2.0408e-01	4.4236e+00	0.0000e+00
1.1140e+00	2.0358e-01	4.4227e+00	0.0000e+00
1.1238e+00	2.0314e-01	4.4219e+00	0.0000e+00
1.1294e+00	2.0286e-01	4.4223e+00	0.0000e+00
1.1316e+00	2.0287e-01	4.4252e+00	0.0000e+00
1.1336e+00	2.0280e-01	4.4313e+00	0.0000e+00
1.1328e+00	2.0309e-01	4.4404e+00	0.0000e+00
1.1250e+00	2.0390e-01	4.4507e+00	0.0000e+00
1.1106e+00	2.0502e-01	4.4603e+00	0.0000e+00
1.0930e+00	2.0628e-01	4.4675e+00	0.0000e+00
1.0770e+00	2.0753e-01	4.4732e+00	0.0000e+00
1.0658e+00	2.0853e-01	4.4782e+00	0.0000e+00
1.0609e+00	2.0905e-01	4.4805e+00	0.0000e+00
1.0613e+00	2.0877e-01	4.4807e+00	0.0000e+00
1.0643e+00	2.0797e-01	4.4762e+00	0.0000e+00
1.0670e+00	2.0724e-01	4.4683e+00	0.0000e+00
1.0686e+00	2.0678e-01	4.4624e+00	0.0000e+00
1.0685e+00	2.0654e-01	4.4573e+00	0.0000e+00
1.0671e+00	2.0648e-01	4.4530e+00	0.0000e+00
1.0636e+00	2.0672e-01	4.4494e+00	0.0000e+00
1.0594e+00	2.0687e-01	4.4459e+00	0.0000e+00
1.0554e+00	2.0697e-01	4.4431e+00	0.0000e+00
1.0521e+00	2.0710e-01	4.4408e+00	0.0000e+00
1.0507e+00	2.0714e-01	4.4385e+00	0.0000e+00
1.0507e+00	2.0705e-01	4.4362e+00	0.0000e+00
1.0517e+00	2.0682e-01	4.4340e+00	0.0000e+00
1.0526e+00	2.0655e-01	4.4318e+00	0.0000e+00
1.0530e+00	2.0636e-01	4.4298e+00	0.0000e+00
1.0527e+00	2.0655e-01	4.4291e+00	0.0000e+00
1.0522e+00	2.0685e-01	4.4305e+00	0.0000e+00
1.0514e+00	2.0717e-01	4.4345e+00	0.0000e+00
1.0508e+00	2.0744e-01	4.4424e+00	0.0000e+00
1.0504e+00	2.0759e-01	4.4560e+00	0.0000e+00
1.0501e+00	2.0780e-01	4.4650e+00	0.0000e+00
1.0504e+00	2.0802e-01	4.4682e+00	0.0000e+00
1.0513e+00	2.0831e-01	4.4678e+00	0.0000e+00
1.0532e+00	2.0848e-01	4.4630e+00	0.0000e+00
1.0553e+00	2.0842e-01	4.4569e+00	0.0000e+00
1.0573e+00	2.0821e-01	4.4524e+00	0.0000e+00
1.0586e+00	2.0814e-01	4.4538e+00	0.0000e+00
1.0595e+00	2.0805e-01	4.4597e+00	0.0000e+00
1.0603e+00	2.0789e-01	4.4671e+00	0.0000e+00
1.0613e+00	2.0756e-01	4.4726e+00	0.0000e+00
1.0630e+00	2.0692e-01	4.4741e+00	0.0000e+00
1.0647e+00	2.0631e-01	4.4744e+00	0.0000e+00
1.0660e+00	2.0589e-01	4.4793e+00	0.0000e+00
1.0669e+00	2.0533e-01	4.4937e+00	0.0000e+00
1.0674e+00	2.0467e-01	4.5193e+00	0.0000e+00
1.0672e+00	2.0415e-01	4.5549e+00	0.0000e+00
1.0661e+00	2.0388e-01	4.5971e+00	0.0000e+00
1.0640e+00	2.0397e-01	4.6418e+00	0.0000e+00
1.0607e+00	2.0452e-01	4.6852e+00	0.0000e+00
1.0567e+00	2.0534e-01	4.7327e+00	0.0000e+00
1.0528e+00	2.0612e-01	4.7706e+00	0.0000e+00
1.0497e+00	2.0670e-01	4.7882e+00	0.0000e+00
1.0476e+00	2.0701e-01	4.8046e+00	0.0000e+00
1.0457e+00	2.0740e-01	4.8161e+00	0.0000e+00
1.0427e+00	2.0806e-01	4.8172e+00	0.0000e+00
1.0397e+00	2.0846e-01	4.8122e+00	0.0000e+00
1.0367e+00	2.0876e-01	4.8026e+00	0.0000e+00
1.0344e+00	2.0895e-01	4.7924e+00	0.0000e+00
1.0329e+00	2.0907e-01	4.7742e+00	0.0000e+00
1.0318e+00	2.0929e-01	4.7500e+00	0.0000e+00
1.0305e+00	2.0992e-01	4.7334e+00	0.0000e+00
1.0285e+00	2.1088e-01	4.7206e+00	0.0000e+00
1.0262e+00	2.1182e-01	4.7122e+00	0.0000e+00
1.0243e+00	2.1234e-01	4.7085e+00	0.0000e+00
1.0233e+00	2.1235e-01	4.7091e+00	0.0000e+00
1.0225e+00	2.1233e-01	4.7124e+00	0.0000e+00
1.0209e+00	2.1261e-01	4.7170e+00	0.0000e+00
1.0183e+00	2.1341e-01	4.7211e+00	0.0000e+00
1.0151e+00	2.1454e-01	4.7227e+00	0.0000e+00
1.0123e+00	2.1572e-01	4.7217e+00	0.0000e+00
1.0096e+00	2.1678e-01	4.7148e+00	0.0000e+00
1.0062e+00	2.1764e-01	4.7015e+00	0.0000e+00
1.0021e+00	2.1821e-01	4.6908e+00	0.0000e+00
9.9839e-01	2.1848e-01	4.6748e+00	0.0000e+00
9.9594e-01	2.1847e-01	4.6569e+00	0.0000e+00
9.9505e-01	2.1819e-01	4.6488e+00	0.0000e+00
9.9510e-01	2.1787e-01	4.6439e+00	0.0000e+00
9.9495e-01	2.1783e-01	4.6481e+00	0.0000e+00
9.9395e-01	2.1816e-01	4.6625e+00	0.0000e+00
9.9120e-01	2.1908e-01	4.6841e+00	0.0000e+00
9.8723e-01	2.2009e-01	4.7087e+00	0.0000e+00
9.8276e-01	2.2082e-01	4.7316e+00	0.0000e+00
9.7872e-01	2.2134e-01	4.7495e+00	0.0000e+00
9.7532e-01	2.2182e-01	4.7614e+00	0.0000e+00
9.7245e-01	2.2212e-01	4.7674e+00	0.0000e+00
9.7015e-01	2.2218e-01	4.7684e+00	0.0000e+00
9.6864e-01	2.2210e-01	4.7651e+00	0.0000e+00
9.6759e-01	2.2228e-01	4.7597e+00	0.0000e+00
9.6546e-01	2.2292e-01	4.7519e+00	0.0000e+00
9.6191e-01	2.2347e-01	4.7407e+00	0.0000e+00
9.5580e-01	2.2391e-01	4.7339e+00	0.0000e+00
9.4564e-01	2.2436e-01	4.7251e+00	0.0000e+00
9.3145e-01	2.2482e-01	4.7138e+00	0.0000e+00
9.1510e-01	2.2529e-01	4.7040e+00	0.0000e+00
9.0010e-01	2.2568e-01	4.6963e+00	0.0000e+00
8.8970e-01	2.2606e-01	4.6921e+00	0.0000e+00
8.8464e-01	2.2633e-01	4.6908e+00	0.0000e+00
8.8355e-01	2.2618e-01	4.6911e+00	0.0000e+00
8.8114e-01	2.2623e-01	4.6916e+00	0.0000e+00
8.7650e-01	2.2677e-01	4.6917e+00	0.0000e+00
8.7140e-01	2.2754e-01	4.6908e+00	0.0000e+00
8.6751e-01	2.2815e-01	4.6891e+00	0.0000e+00
8.6423e-01	2.2861e-01	4.6873e+00	0.0000e+00
8.6019e-01	2.2903e-01	4.6895e+00	0.0000e+00
8.5385e-01	2.2953e-01	4.7041e+00	0.0000e+00
8.4389e-01	2.3019e-01	4.7391e+00	0.0000e+00
8.3099e-01	2.3098e-01	4.7966e+00	0.0000e+00
8.1725e-01	2.3195e-01	4.8913e+00	0.0000e+00
8.0583e-01	2.3295e-01	4.9914e+00	0.0000e+00
7.9932e-01	2.3366e-01	5.0467e+00	0.0000e+00
8.0078e-01	2.3374e-01	5.0937e+00	0.0000e+00
8.0894e-01	2.3338e-01	5.1423e+00	0.0000e+00
8.2178e-01	2.3282e-01	5.1755e+00	0.0000e+00
8.3697e-01	2.3206e-01	5.1832e+00	0.0000e+00
8.5169e-01	2.3111e-01	5.1796e+00	0.0000e+00
8.6344e-01	2.3004e-01	5.1682e+00	0.0000e+00
8.7029e-01	2.2913e-01	5.1478e+00	0.0000e+00
8.7250e-01	2.2892e-01	5.1272e+00	0.0000e+00
8.7259e-01	2.2931e-01	5.1032e+00	0.0000e+00
8.7175e-01	2.2992e-01	5.0762e+00	0.0000e+00
8.7054e-01	2.3049e-01	5.0494e+00	0.0000e+00
8.6956e-01	2.3080e-01	5.0244e+00	0.0000e+00
8.6952e-01	2.3075e-01	5.0011e+00	0.0000e+00
8.7097e-01	2.3052e-01	4.9791e+00	0.0000e+00
8.7407e-01	2.3015e-01	4.9583e+00	0.0000e+00
8.7831e-01	2.2977e-01	4.9386e+00	0.0000e+00
8.8208e-01	2.2956e-01	4.9161e+00	0.0000e+00
8.8331e-01	2.2979e-01	4.9000e+00	0.0000e+00
8.8267e-01	2.3015e-01	4.8872e+00	0.0000e+00
8.8122e-01	2.3044e-01	4.8743e+00	0.0000e+00
8.8052e-01	2.3048e-01	4.8667e+00	0.0000e+00
8.8125e-01	2.3028e-01	4.8610e+00	0.0000e+00
8.8207e-01	2.3016e-01	4.8576e+00	0.0000e+00
8.8179e-01	2.3039e-01	4.8547e+00	0.0000e+00
8.8130e-01	2.3078e-01	4.8523e+00	0.0000e+00
8.8144e-01	2.3082e-01	4.8513e+00	0.0000e+00
8.8220e-01	2.3037e-01	4.8494e+00	0.0000e+00
8.8362e-01	2.2951e-01	4.8458e+00	0.0000e+00
8.8584e-01	2.2850e-01	4.8417e+00	0.0000e+00
8.8837e-01	2.2755e-01	4.8378e+00	0.0000e+00
8.9123e-01	2.2671e-01	4.8373e+00	0.0000e+00
8.9416e-01	2.2599e-01	4.8411e+00	0.0000e+00
8.9602e-01	2.2553e-01	4.8480e+00	0.0000e+00
8.9591e-01	2.2529e-01	4.8565e+00	0.0000e+00
8.9178e-01	2.2534e-01	4.8650e+00	0.0000e+00
8.8199e-01	2.2554e-01	4.8727e+00	0.0000e+00
8.6676e-01	2.2583e-01	4.8781e+00	0.0000e+00
8.4839e-01	2.2635e-01	4.8798e+00	0.0000e+00
8.3042e-01	2.2696e-01	4.8814e+00	0.0000e+00
8.1622e-01	2.2752e-01	4.8835e+00	0.0000e+00
8.0815e-01	2.2786e-01	4.8850e+00	0.0000e+00
8.0526e-01	2.2804e-01	4.8871e+00	0.0000e+00
8.0384e-01	2.2834e-01	4.8885e+00	0.0000e+00
8.0183e-01	2.2893e-01	4.8885e+00	0.0000e+00
7.9960e-01	2.2987e-01	4.8874e+00	0.0000e+00
7.9808e-01	2.3069e-01	4.8848e+00	0.0000e+00
7.9758e-01	2.3088e-01	4.8835e+00	0.0000e+00
7.9779e-01	2.3076e-01	4.8862e+00	0.0000e+00
7.9803e-01	2.3071e-01	4.9030e+00	0.0000e+00
7.9763e-01	2.3087e-01	4.9329e+00	0.0000e+00
7.9591e-01	2.3145e-01	4.9748e+00	0.0000e+00
7.9342e-01	2.3224e-01	5.0216e+00	0.0000e+00
7.9089e-01	2.3299e-01	5.0658e+00	0.0000e+00
7.8884e-01	2.3355e-01	5.1023e+00	0.0000e+00
7.8772e-01	2.3385e-01	5.1274e+00	0.0000e+00
7.8740e-01	2.3391e-01	5.1413e+00	0.0000e+00
7.8851e-01	2.3374e-01	5.1471e+00	0.0000e+00
7.9032e-01	2.3363e-01	5.1455e+00	0.0000e+00
7.9243e-01	2.3352e-01	5.1384e+00	0.0000e+00
7.9434e-01	2.3331e-01	5.1238e+00	0.0000e+00
7.9504e-01	2.3322e-01	5.1045e+00	0.0000e+00
7.9443e-01	2.3333e-01	5.0869e+00	0.0000e+00
7.9329e-01	2.3353e-01	5.0671e+00	0.0000e+00
7.9238e-01	2.3373e-01	5.0468e+00	0.0000e+00
7.9224e-01	2.3392e-01	5.0288e+00	0.0000e+00
7.9272e-01	2.3402e-01	5.0139e+00	0.0000e+00
7.9272e-01	2.3456e-01	5.0038e+00	0.0000e+00
7.9200e-01	2.3536e-01	4.9994e+00	0.0000e+00
7.9120e-01	2.3603e-01	5.0010e+00	0.0000e+00
7.9062e-01	2.3655e-01	5.0103e+00	0.0000e+00
7.9001e-01	2.3685e-01	5.0287e+00	0.0000e+00
7.8952e-01	2.3704e-01	5.0581e+00	0.0000e+00
7.9008e-01	2.3709e-01	5.0970e+00	0.0000e+00
7.9097e-01	2.3717e-01	5.1398e+00	0.0000e+00
7.9176e-01	2.3731e-01	5.1806e+00	0.0000e+00
7.9250e-01	2.3736e-01	5.2143e+00	0.0000e+00
7.9445e-01	2.3722e-01	5.2374e+00	0.0000e+00
7.9750e-01	2.3713e-01	5.2514e+00	0.0000e+00
8.0077e-01	2.3707e-01	5.2571e+00	0.0000e+00
8.0331e-01	2.3697e-01	5.2558e+00	0.0000e+00
8.0409e-01	2.3686e-01	5.2457e+00	0.0000e+00
8.0360e-01	2.3680e-01	5.2316e+00	0.0000e+00
8.0318e-01	2.3664e-01	5.2250e+00	0.0000e+00
8.0268e-01	2.3658e-01	5.2325e+00	0.0000e+00
8.0229e-01	2.3658e-01	5.2587e+00	0.0000e+00
8.0314e-01	2.3640e-01	5.3012e+00	0.0000e+00
8.0576e-01	2.3598e-01	5.3535e+00	0.0000e+00
8.1006e-01	2.3536e-01	5.4059e+00	0.0000e+00
8.1450e-01	2.3462e-01	5.4509e+00	0.0000e+00
8.1780e-01	2.3387e-01	5.4842e+00	0.0000e+00
8.1997e-01	2.3324e-01	5.5039e+00	0.0000e+00
8.2176e-01	2.3280e-01	5.5124e+00	0.0000e+00
8.2330e-01	2.3259e-01	5.5175e+00	0.0000e+00
8.2482e-01	2.3225e-01	5.5270e+00	0.0000e+00
8.2610e-01	2.3182e-01	5.5462e+00	0.0000e+00
8.2625e-01	2.3181e-01	5.5769e+00	0.0000e+00
8.2524e-01	2.3193e-01	5.6187e+00	0.0000e+00
8.2340e-01	2.3211e-01	5.6699e+00	0.0000e+00
8.2132e-01	2.3230e-01	5.7258e+00	0.0000e+00
8.2008e-01	2.3232e-01	5.7809e+00	0.0000e+00
8.2023e-01	2.3208e-01	5.8294e+00	0.0000e+00
8.2063e-01	2.3185e-01	5.8726e+00	0.0000e+00
8.2076e-01	2.3179e-01	5.8962e+00	0.0000e+00
8.2023e-01	2.3222e-01	5.9024e+00	0.0000e+00
8.1910e-01	2.3319e-01	5.9007e+00	0.0000e+00
8.1846e-01	2.3406e-01	5.8918e+00	0.0000e+00
8.1863e-01	2.3486e-01	5.8762e+00	0.0000e+00
8.1974e-01	2.3526e-01	5.8537e+00	0.0000e+00
8.2193e-01	2.3507e-01	5.8284e+00	0.0000e+00
8.2525e-01	2.3442e-01	5.8046e+00	0.0000e+00
8.3008e-01	2.3361e-01	5.7844e+00	0.0000e+00
8.3536e-01	2.3295e-01	5.7666e+00	0.0000e+00
8.3917e-01	2.3263e-01	5.7478e+00	0.0000e+00
8.4026e-01	2.3274e-01	5.7280e+00	0.0000e+00
8.3918e-01	2.3336e-01	5.7111e+00	0.0000e+00
8.3762e-01	2.3413e-01	5.7037e+00	0.0000e+00
8.3675e-01	2.3475e-01	5.7096e+00	0.0000e+00
8.3673e-01	2.3521e-01	5.7275e+00	0.0000e+00
8.3761e-01	2.3525e-01	5.7534e+00	0.0000e+00
8.3963e-01	2.3451e-01	5.7816e+00	0.0000e+00
8.4200e-01	2.3360e-01	5.8069e+00	0.0000e+00
8.4364e-01	2.3313e-01	5.8259e+00	0.0000e+00
8.4391e-01	2.3330e-01	5.8413e+00	0.0000e+00
8.4349e-01	2.3372e-01	5.8547e+00	0.0000e+00
8.4320e-01	2.3408e-01	5.8696e+00	0.0000e+00
8.4342e-01	2.3421e-01	5.8935e+00	0.0000e+00
8.4394e-01	2.3406e-01	5.9277e+00	0.0000e+00
8.4430e-01	2.3360e-01	5.9671e+00	0.0000e+00
8.4412e-01	2.3312e-01	6.0046e+00	0.0000e+00
8.4346e-01	2.3291e-01	6.0354e+00	0.0000e+00
8.4222e-01	2.3294e-01	6.0564e+00	0.0000e+00
8.4053e-01	2.3306e-01	6.0663e+00	0.0000e+00
8.3870e-01	2.3322e-01	6.0658e+00	0.0000e+00
8.3729e-01	2.3346e-01	6.0552e+00	0.0000e+00
8.3671e-01	2.3362e-01	6.0376e+00	0.0000e+00
8.3689e-01	2.3364e-01	6.0147e+00	0.0000e+00
8.3776e-01	2.3359e-01	5.9895e+00	0.0000e+00
8.3939e-01	2.3361e-01	5.9692e+00	0.0000e+00
8.4181e-01	2.3354e-01	5.9641e+00	0.0000e+00
8.4457e-01	2.3322e-01	5.9802e+00	0.0000e+00
8.4705e-01	2.3273e-01	6.0162e+00	0.0000e+00
8.4844e-01	2.3238e-01	6.0641e+00	0.0000e+00
8.4913e-01	2.3208e-01	6.1137e+00	0.0000e+00
8.4953e-01	2.3169e-01	6.1662e+00	0.0000e+00
8.4976e-01	2.3125e-01	6.2034e+00	0.0000e+00
8.4970e-01	2.3092e-01	6.2213e+00	0.0000e+00
8.4997e-01	2.3057e-01	6.2320e+00	0.0000e+00
8.5032e-01	2.3004e-01	6.2360e+00	0.0000e+00
8.5009e-01	2.2959e-01	6.2314e+00	0.0000e+00
8.4837e-01	2.2970e-01	6.2180e+00	0.0000e+00
8.4197e-01	2.3080e-01	6.1956e+00	0.0000e+00
8.3017e-01	2.3228e-01	6.1735e+00	0.0000e+00
8.1434e-01	2.3356e-01	6.1426e+00	0.0000e+00
7.9699e-01	2.3473e-01	6.1085e+00	0.0000e+00
7.8091e-01	2.3589e-01	6.0891e+00	0.0000e+00
7.6888e-01	2.3685e-01	6.0779e+00	0.0000e+00
7.6239e-01	2.3742e-01	6.0718e+00	0.0000e+00
7.6010e-01	2.3741e-01	6.0672e+00	0.0000e+00
7.5918e-01	2.3713e-01	6.0618e+00	0.0000e+00
7.5867e-01	2.3693e-01	6.0549e+00	0.0000e+00
7.5876e-01	2.3692e-01	6.0478e+00	0.0000e+00
7.5964e-01	2.3710e-01	6.0416e+00	0.0000e+00
7.6118e-01	2.3713e-01	6.0340e+00	0.0000e+00
7.6250e-01	2.3704e-01	6.0210e+00	0.0000e+00
7.6260e-01	2.3706e-01	6.0055e+00	0.0000e+00
7.6120e-01	2.3717e-01	5.9950e+00	0.0000e+00
7.5929e-01	2.3726e-01	5.9849e+00	0.0000e+00
7.5935e-01	2.3702e-01	5.9706e+00	0.0000e+00
7.6041e-01	2.3677e-01	5.9683e+00	0.0000e+00
7.6111e-01	2.3665e-01	5.9903e+00	0.0000e+00
7.6041e-01	2.3683e-01	6.0385e+00	0.0000e+00
7.5887e-01	2.3720e-01	6.1068e+00	0.0000e+00
7.5784e-01	2.3753e-01	6.1836e+00	0.0000e+00
7.5793e-01	2.3770e-01	6.2563e+00	0.0000e+00
7.5804e-01	2.3789e-01	6.3155e+00	0.0000e+00
7.5717e-01	2.3838e-01	6.3552e+00	0.0000e+00
7.5580e-01	2.3891e-01	6.3782e+00	0.0000e+00
7.5452e-01	2.3934e-01	6.3887e+00	0.0000e+00
7.5343e-01	2.3976e-01	6.3884e+00	0.0000e+00
7.5229e-01	2.4023e-01	6.3801e+00	0.0000e+00
7.5035e-01	2.4080e-01	6.3660e+00	0.0000e+00
7.4811e-01	2.4136e-01	6.3465e+00	0.0000e+00
7.4700e-01	2.4186e-01	6.3225e+00	0.0000e+00
7.4831e-01	2.4228e-01	6.2879e+00	0.0000e+00
7.5083e-01	2.4273e-01	6.2598e+00	0.0000e+00
7.5291e-01	2.4324e-01	6.2341e+00	0.0000e+00
7.5388e-01	2.4390e-01	6.2050e+00	0.0000e+00
7.5394e-01	2.4468e-01	6.1848e+00	0.0000e+00
7.5388e-01	2.4545e-01	6.1637e+00	0.0000e+00
7.5366e-01	2.4607e-01	6.1451e+00	0.0000e+00
7.5233e-01	2.4658e-01	6.1329e+00	0.0000e+00
7.5007e-01	2.4685e-01	6.1269e+00	0.0000e+00
7.4792e-01	2.4688e-01	6.1268e+00	0.0000e+00
7.4675e-01	2.4671e-01	6.1330e+00	0.0000e+00
7.4702e-01	2.4606e-01	6.1445e+00	0.0000e+00
7.4819e-01	2.4522e-01	6.1579e+00	0.0000e+00
7.4950e-01	2.4474e-01	6.1700e+00	0.0000e+00
7.5050e-01	2.4446e-01	6.1805e+00	0.0000e+00
7.5150e-01	2.4426e-01	6.1884e+00	0.0000e+00
7.5251e-01	2.4419e-01	6.1927e+00	0.0000e+00
7.5316e-01	2.4424e-01	6.1936e+00	0.0000e+00
7.5282e-01	2.4449e-01	6.1908e+00	0.0000e+00
7.5200e-01	2.4479e-01	6.1840e+00	0.0000e+00
7.5139e-01	2.4491e-01	6.1735e+00	0.0000e+00
7.5124e-01	2.4493e-01	6.1602e+00	0.0000e+00
7.5160e-01	2.4493e-01	6.1412e+00	0.0000e+00
7.5227e-01	2.4508e-01	6.1219e+00	0.0000e+00
7.5265e-01	2.4541e-01	6.1076e+00	0.0000e+00
7.5262e-01	2.4589e-01	6.0966e+00	0.0000e+00
7.5239e-01	2.4639e-01	6.0915e+00	0.0000e+00
7.5235e-01	2.4669e-01	6.0911e+00	0.0000e+00
7.5222e-01	2.4686e-01	6.0941e+00	0.0000e+00
7.5161e-01	2.4719e-01	6.1011e+00	0.0000e+00
7.5028e-01	2.4790e-01	6.1114e+00	0.0000e+00
7.4885e-01	2.4872e-01	6.1225e+00	0.0000e+00
7.4791e-01	2.4926e-01	6.1338e+00	0.0000e+00
7.4818e-01	2.4923e-01	6.1444e+00	0.0000e+00
7.4983e-01	2.4888e-01	6.1550e+00	0.0000e+00
7.5167e-01	2.4859e-01	6.1684e+00	0.0000e+00
7.5276e-01	2.4837e-01	6.1866e+00	0.0000e+00
7.5363e-01	2.4814e-01	6.2115e+00	0.0000e+00
7.5451e-01	2.4789e-01	6.2424e+00	0.0000e+00
7.5616e-01	2.4775e-01	6.2756e+00	0.0000e+00
7.6069e-01	2.4754e-01	6.3061e+00	0.0000e+00
7.6791e-01	2.4723e-01	6.3394e+00	0.0000e+00
7.7538e-01	2.4693e-01	6.3667e+00	0.0000e+00
7.7992e-01	2.4677e-01	6.3847e+00	0.0000e+00
7.8058e-01	2.4672e-01	6.3983e+00	0.0000e+00
7.7880e-01	2.4688e-01	6.4064e+00	0.0000e+00
7.7684e-01	2.4728e-01	6.4095e+00	0.0000e+00
7.7610e-01	2.4771e-01	6.4078e+00	0.0000e+00
7.7601e-01	2.4805e-01	6.4021e+00	0.0000e+00
7.7531e-01	2.4853e-01	6.3914e+00	0.0000e+00
7.7482e-01	2.4910e-01	6.3770e+00	0.0000e+00
7.7517e-01	2.4977e-01	6.3603e+00	0.0000e+00
7.7592e-01	2.5039e-01	6.3424e+00	0.0000e+00
7.7604e-01	2.5091e-01	6.3240e+00	0.0000e+00
7.7441e-01	2.5153e-01	6.3067e+00	0.0000e+00
7.7164e-01	2.5231e-01	6.2945e+00	0.0000e+00
7.6841e-01	2.5337e-01	6.2928e+00	0.0000e+00
7.6520e-01	2.5434e-01	6.3048e+00	0.0000e+00
7.6242e-01	2.5491e-01	6.3279e+00	0.0000e+00
7.6066e-01	2.5514e-01	6.3552e+00	0.0000e+00
7.6017e-01	2.5522e-01	6.3761e+00	0.0000e+00
7.6016e-01	2.5533e-01	6.3880e+00	0.0000e+00
7.6010e-01	2.5545e-01	6.3913e+00	0.0000e+00
7.5982e-01	2.5568e-01	6.3867e+00	0.0000e+00
7.5926e-01	2.5612e-01	6.3795e+00	0.0000e+00
7.5906e-01	2.5671e-01	6.3723e+00	0.0000e+00
7.5973e-01	2.5698e-01	6.3675e+00	0.0000e+00
7.6042e-01	2.5704e-01	6.3657e+00	0.0000e+00
7.6090e-01	2.5701e-01	6.3648e+00	0.0000e+00
7.6117e-01	2.5720e-01	6.3664e+00	0.0000e+00
7.6179e-01	2.5723e-01	6.3686e+00	0.0000e+00
7.6248e-01	2.5691e-01	6.3695e+00	0.0000e+00
7.6208e-01	2.5661e-01	6.3672e+00	0.0000e+00
7.6052e-01	2.5641e-01	6.3615e+00	0.0000e+00
7.5830e-01	2.5648e-01	6.3525e+00	0.0000e+00
7.5543e-01	2.5667e-01	6.3420e+00	0.0000e+00
7.5180e-01	2.5687e-01	6.3310e+00	0.0000e+00
7.4750e-01	2.5703e-01	6.3196e+00	0.0000e+00
7.4324e-01	2.5715e-01	6.3076e+00	0.0000e+00
7.4043e-01	2.5719e-01	6.2980e+00	0.0000e+00
7.4055e-01	2.5697e-01	6.2966e+00	0.0000e+00
7.4326e-01	2.5641e-01	6.3041e+00	0.0000e+00
7.4671e-01	2.5587e-01	6.3177e+00	0.0000e+00
7.4950e-01	2.5559e-01	6.3414e+00	0.0000e+00
7.5162e-01	2.5554e-01	6.3711e+00	0.0000e+00
7.5312e-01	2.5577e-01	6.3988e+00	0.0000e+00
7.5604e-01	2.5584e-01	6.4244e+00	0.0000e+00
7.6264e-01	2.5572e-01	6.4425e+00	0.0000e+00
7.7422e-01	2.5528e-01	6.4536e+00	0.0000e+00
7.8974e-01	2.5426e-01	6.4602e+00	0.0000e+00
8.0646e-01	2.5299e-01	6.4629e+00	0.0000e+00
8.2151e-01	2.5182e-01	6.4623e+00	0.0000e+00
8.3241e-01	2.5096e-01	6.4600e+00	0.0000e+00
8.3833e-01	2.5039e-01	6.4609e+00	0.0000e+00
8.4043e-01	2.5016e-01	6.4703e+00	0.0000e+00
8.4135e-01	2.5014e-01	6.4898e+00	0.0000e+00
8.4252e-01	2.4991e-01	6.5137e+00	0.0000e+00
8.4457e-01	2.4938e-01	6.5357e+00	0.0000e+00
8.4725e-01	2.4870e-01	6.5487e+00	0.0000e+00
8.4946e-01	2.4808e-01	6.5527e+00	0.0000e+00
8.5013e-01	2.4767e-01	6.5513e+00	0.0000e+00
8.4900e-01	2.4759e-01	6.5458e+00	0.0000e+00
8.4746e-01	2.4762e-01	6.5370e+00	0.0000e+00
8.4616e-01	2.4760e-01	6.5248e+00	0.0000e+00
8.4513e-01	2.4752e-01	6.5095e+00	0.0000e+00
8.4370e-01	2.4751e-01	6.4922e+00	0.0000e+00
8.4142e-01	2.4766e-01	6.4850e+00	0.0000e+00
8.3810e-01	2.4815e-01	6.4931e+00	0.0000e+00
8.3501e-01	2.4880e-01	6.5035e+00	0.0000e+00
8.3271e-01	2.4957e-01	6.5063e+00	0.0000e+00
8.3094e-01	2.5052e-01	6.5052e+00	0.0000e+00
8.2932e-01	2.5160e-01	6.5055e+00	0.0000e+00
8.2800e-01	2.5245e-01	6.5076e+00	0.0000e+00
8.2622e-01	2.5300e-01	6.5081e+00	0.0000e+00
8.2403e-01	2.5335e-01	6.5073e+00	0.0000e+00
8.2269e-01	2.5330e-01	6.5096e+00	0.0000e+00
8.2276e-01	2.5278e-01	6.5156e+00	0.0000e+00
8.2399e-01	2.5178e-01	6.5254e+00	0.0000e+00
8.2519e-01	2.5089e-01	6.5396e+00	0.0000e+00
8.2561e-01	2.5053e-01	6.5577e+00	0.0000e+00
8.2603e-01	2.5034e-01	6.5752e+00	0.0000e+00
8.2694e-01	2.5008e-01	6.5901e+00	0.0000e+00
8.2815e-01	2.4989e-01	6.6026e+00	0.0000e+00
8.2909e-01	2.4993e-01	6.6122e+00	0.0000e+00
8.2942e-01	2.5016e-01	6.6210e+00	0.0000e+00
8.2967e-01	2.5034e-01	6.6230e+00	0.0000e+00
8.3041e-01	2.5029e-01	6.6184e+00	0.0000e+00
8.3149e-01	2.4996e-01	6.6108e+00	0.0000e+00
8.3286e-01	2.4931e-01	6.6014e+00	0.0000e+00
8.3421e-01	2.4876e-01	6.5907e+00	0.0000e+00
8.3555e-01	2.4847e-01	6.5796e+00	0.0000e+00
8.3683e-01	2.4834e-01	6.5688e+00	0.0000e+00
8.3778e-01	2.4830e-01	6.5591e+00	0.0000e+00
8.3783e-01	2.4850e-01	6.5522e+00	0.0000e+00
8.3662e-01	2.4894e-01	6.5489e+00	0.0000e+00
8.3470e-01	2.4933e-01	6.5492e+00	0.0000e+00
8.3357e-01	2.4954e-01	6.5513e+00	0.0000e+00
8.3400e-01	2.4948e-01	6.5547e+00	0.0000e+00
8.3497e-01	2.4934e-01	6.5568e+00	0.0000e+00
8.3521e-01	2.4932e-01	6.5553e+00	0.0000e+00
8.3378e-01	2.4956e-01	6.5507e+00	0.0000e+00
8.3187e-01	2.4976e-01	6.5434e+00	0.0000e+00
8.3042e-01	2.4974e-01	6.5345e+00	0.0000e+00
8.2954e-01	2.4950e-01	6.5243e+00	0.0000e+00
8.2921e-01	2.4912e-01	6.5164e+00	0.0000e+00
8.2912e-01	2.4865e-01	6.5205e+00	0.0000e+00
8.2899e-01	2.4810e-01	6.5435e+00	0.0000e+00
8.2879e-01	2.4752e-01	6.5740e+00	0.0000e+00
8.2803e-01	2.4708e-01	6.6081e+00	0.0000e+00
8.2569e-01	2.4701e-01	6.6391e+00	0.0000e+00
8.2131e-01	2.4738e-01	6.6629e+00	0.0000e+00
8.1647e-01	2.4774e-01	6.6783e+00	0.0000e+00
8.1265e-01	2.4786e-01	6.6859e+00	0.0000e+00
8.1077e-01	2.4771e-01	6.6874e+00	0.0000e+00
8.1072e-01	2.4718e-01	6.6822e+00	0.0000e+00
8.1141e-01	2.4651e-01	6.6715e+00	0.0000e+00
8.1220e-01	2.4597e-01	6.6584e+00	0.0000e+00
8.1375e-01	2.4550e-01	6.6454e+00	0.0000e+00
8.1628e-01	2.4511e-01	6.6327e+00	0.0000e+00
8.1944e-01	2.4476e-01	6.6209e+00	0.0000e+00
8.2366e-01	2.4420e-01	6.6103e+00	0.0000e+00
8.2860e-01	2.4360e-01	6.6008e+00	0.0000e+00
8.3363e-01	2.4309e-01	6.5938e+00	0.0000e+00
8.3717e-01	2.4277e-01	6.5892e+00	0.0000e+00
8.3854e-01	2.4257e-01	6.5860e+00	0.0000e+00
8.3812e-01	2.4244e-01	6.5842e+00	0.0000e+00
8.3698e-01	2.4212e-01	6.5825e+00	0.0000e+00
8.3629e-01	2.4158e-01	6.5802e+00	0.0000e+00
8.3703e-01	2.4082e-01	6.5783e+00	0.0000e+00
8.3845e-01	2.4019e-01	6.5772e+00	0.0000e+00
8.3961e-01	2.4002e-01	6.5787e+00	0.0000e+00
8.4009e-01	2.4025e-01	6.5809e+00	0.0000e+00
8.4007e-01	2.4049e-01	6.5824e+00	0.0000e+00
8.3952e-01	2.4050e-01	6.5820e+00	0.0000e+00
8.3807e-01	2.4039e-01	6.5787e+00	0.0000e+00
8.3594e-01	2.4023e-01	6.5725e+00	0.0000e+00
8.3349e-01	2.4019e-01	6.5646e+00	0.0000e+00
8.3102e-01	2.4047e-01	6.5566e+00	0.0000e+00
8.2869e-01	2.4117e-01	6.5498e+00	0.0000e+00
8.2653e-01	2.4194e-01	6.5469e+00	0.0000e+00
8.2518e-01	2.4234e-01	6.5541e+00	0.0000e+00
8.2451e-01	2.4217e-01	6.5729e+00	0.0000e+00
8.2424e-01	2.4163e-01	6.6001e+00	0.0000e+00
8.2410e-01	2.4097e-01	6.6321e+00	0.0000e+00
8.2349e-01	2.4035e-01	6.6637e+00	0.0000e+00
8.2234e-01	2.3994e-01	6.6942e+00	0.0000e+00
8.2085e-01	2.3969e-01	6.7097e+00	0.0000e+00
8.1883e-01	2.3973e-01	6.7189e+00	0.0000e+00
8.1614e-01	2.4002e-01	6.7325e+00	0.0000e+00
8.1178e-01	2.4038e-01	6.7522e+00	0.0000e+00
8.0450e-01	2.4076e-01	6.7787e+00	0.0000e+00
7.9530e-01	2.4113e-01	6.8064e+00	0.0000e+00
7.8591e-01	2.4148e-01	6.8302e+00	0.0000e+00
7.7817e-01	2.4188e-01	6.8510e+00	0.0000e+00
7.7335e-01	2.4216e-01	6.8684e+00	0.0000e+00
7.7140e-01	2.4223e-01	6.8792e+00	0.0000e+00
7.7122e-01	2.4201e-01	6.8837e+00	0.0000e+00
7.7159e-01	2.4174e-01	6.8870e+00	0.0000e+00
7.7202e-01	2.4151e-01	6.8957e+00	0.0000e+00
7.7314e-01	2.4105e-01	6.9155e+00	0.0000e+00
7.7464e-01	2.4045e-01	6.9445e+00	0.0000e+00
7.7549e-01	2.3982e-01	6.9740e+00	0.0000e+00
7.7476e-01	2.3945e-01	7.0036e+00	0.0000e+00
7.7277e-01	2.3938e-01	7.0376e+00	0.0000e+00
7.7053e-01	2.3935e-01	7.0723e+00	0.0000e+00
7.6871e-01	2.3910e-01	7.0997e+00	0.0000e+00
7.6772e-01	2.3853e-01	7.1130e+00	0.0000e+00
7.6737e-01	2.3813e-01	7.1131e+00	0.0000e+00
7.6730e-01	2.3810e-01	7.1004e+00	0.0000e+00
7.6754e-01	2.3808e-01	7.0779e+00	0.0000e+00
7.6744e-01	2.3809e-01	7.0544e+00	0.0000e+00
7.6671e-01	2.3811e-01	7.0282e+00	0.0000e+00
7.6522e-01	2.3829e-01	7.0016e+00	0.0000e+00
7.6367e-01	2.3858e-01	6.9760e+00	0.0000e+00
7.6333e-01	2.3851e-01	6.9517e+00	0.0000e+00
7.6385e-01	2.3800e-01	6.9289e+00	0.0000e+00
7.6402e-01	2.3757e-01	6.9090e+00	0.0000e+00
7.6367e-01	2.3736e-01	6.8936e+00	0.0000e+00
7.6357e-01	2.3728e-01	6.8847e+00	0.0000e+00
7.6396e-01	2.3703e-01	6.8824e+00	0.0000e+00
7.6400e-01	2.3687e-01	6.8832e+00	0.0000e+00
7.6398e-01	2.3676e-01	6.8858e+00	0.0000e+00
7.6430e-01	2.3667e-01	6.8919e+00	0.0000e+00
7.6523e-01	2.3633e-01	6.8975e+00	0.0000e+00
7.6634e-01	2.3569e-01	6.8971e+00	0.0000e+00
7.6771e-01	2.3517e-01	6.8919e+00	0.0000e+00
7.6931e-01	2.3502e-01	6.8876e+00	0.0000e+00
7.7033e-01	2.3513e-01	6.8857e+00	0.0000e+00
7.7015e-01	2.3541e-01	6.8807e+00	0.0000e+00
7.6859e-01	2.3591e-01	6.8754e+00	0.0000e+00
7.6683e-01	2.3623e-01	6.8910e+00	0.0000e+00
7.6574e-01	2.3631e-01	6.9372e+00	0.0000e+00
7.6540e-01	2.3630e-01	6.9946e+00	0.0000e+00
7.6536e-01	2.3617e-01	7.0633e+00	0.0000e+00
7.6423e-01	2.3604e-01	7.1359e+00	0.0000e+00
7.6177e-01	2.3608e-01	7.2053e+00	0.0000e+00
7.5778e-01	2.3633e-01	7.2684e+00	0.0000e+00
7.5056e-01	2.3681e-01	7.3193e+00	0.0000e+00
7.3906e-01	2.3750e-01	7.3552e+00	0.0000e+00
7.2414e-01	2.3832e-01	7.3750e+00	0.0000e+00
7.0789e-01	2.3907e-01	7.3818e+00	0.0000e+00
6.9358e-01	2.3959e-01	7.3765e+00	0.0000e+00
6.8351e-01	2.3992e-01	7.3614e+00	0.0000e+00
6.7852e-01	2.4007e-01	7.3396e+00	0.0000e+00
6.7746e-01	2.3994e-01	7.3133e+00	0.0000e+00
6.7759e-01	2.3961e-01	7.2838e+00	0.0000e+00
6.7745e-01	2.3941e-01	7.2532e+00	0.0000e+00
6.7686e-01	2.3945e-01	7.2263e+00	0.0000e+00
6.7708e-01	2.3955e-01	7.2111e+00	0.0000e+00
6.8005e-01	2.3955e-01	7.2137e+00	0.0000e+00
6.8787e-01	2.3934e-01	7.2411e+00	0.0000e+00
7.0013e-01	2.3894e-01	7.2815e+00	0.0000e+00
7.1390e-01	2.3857e-01	7.3181e+00	0.0000e+00
7.2683e-01	2.3825e-01	7.3513e+00	0.0000e+00
7.3696e-01	2.3793e-01	7.3762e+00	0.0000e+00
7.4364e-01	2.3756e-01	7.3914e+00	0.0000e+00
7.4763e-01	2.3702e-01	7.3958e+00	0.0000e+00
7.5016e-01	2.3638e-01	7.3903e+00	0.0000e+00
7.5239e-01	2.3578e-01	7.3769e+00	0.0000e+00
7.5464e-01	2.3521e-01	7.3589e+00	0.0000e+00
7.5673e-01	2.3473e-01	7.3399e+00	0.0000e+00
7.5949e-01	2.3410e-01	7.3208e+00	0.0000e+00
7.6308e-01	2.3338e-01	7.3040e+00	0.0000e+00
7.6705e-01	2.3275e-01	7.2896e+00	0.0000e+00
7.7045e-01	2.3219e-01	7.2796e+00	0.0000e+00
7.7174e-01	2.3199e-01	7.2738e+00	0.0000e+00
7.7089e-01	2.3227e-01	7.2683e+00	0.0000e+00
7.6881e-01	2.3286e-01	7.2628e+00	0.0000e+00
7.6663e-01	2.3338e-01	7.2545e+00	0.0000e+00
7.6520e-01	2.3374e-01	7.2440e+00	0.0000e+00
7.6408e-01	2.3412e-01	7.2359e+00	0.0000e+00
7.6319e-01	2.3456e-01	7.2225e+00	0.0000e+00
7.6252e-01	2.3491e-01	7.2079e+00	0.0000e+00
7.6235e-01	2.3497e-01	7.1952e+00	0.0000e+00
7.6293e-01	2.3465e-01	7.1818e+00	0.0000e+00
7.6347e-01	2.3425e-01	7.1678e+00	0.0000e+00
7.6306e-01	2.3411e-01	7.1575e+00	0.0000e+00
7.6174e-01	2.3437e-01	7.1586e+00	0.0000e+00
7.5951e-01	2.3513e-01	7.1788e+00	0.0000e+00
7.5609e-01	2.3602e-01	7.2194e+00	0.0000e+00
7.5130e-01	2.3680e-01	7.2731e+00	0.0000e+00
7.4579e-01	2.3746e-01	7.3290e+00	0.0000e+00
7.4071e-01	2.3832e-01	7.3793e+00	0.0000e+00
7.3709e-01	2.3926e-01	7.4182e+00	0.0000e+00
7.3418e-01	2.4009e-01	7.4422e+00	0.0000e+00
7.3140e-01	2.4089e-01	7.4499e+00	0.0000e+00
7.2816e-01	2.4182e-01	7.4426e+00	0.0000e+00
7.2438e-01	2.4299e-01	7.4263e+00	0.0000e+00
7.2079e-01	2.4414e-01	7.4091e+00	0.0000e+00
7.1826e-01	2.4506e-01	7.3909e+00	0.0000e+00
7.1721e-01	2.4544e-01	7.3705e+00	0.0000e+00
7.1696e-01	2.4540e-01	7.3507e+00	0.0000e+00
7.1706e-01	2.4509e-01	7.3255e+00	0.0000e+00
7.1659e-01	2.4504e-01	7.2992e+00	0.0000e+00
7.1497e-01	2.4554e-01	7.2769e+00	0.0000e+00
7.1273e-01	2.4641e-01	7.2551e+00	0.0000e+00
7.1096e-01	2.4713e-01	7.2403e+00	0.0000e+00
7.1020e-01	2.4762e-01	7.2402e+00	0.0000e+00
7.1012e-01	2.4800e-01	7.2594e+00	0.0000e+00
7.1036e-01	2.4824e-01	7.2983e+00	0.0000e+00
7.1035e-01	2.4830e-01	7.3491e+00	0.0000e+00
7.1000e-01	2.4837e-01	7.4003e+00	0.0000e+00
7.1005e-01	2.4840e-01	7.4429e+00	0.0000e+00
7.1120e-01	2.4830e-01	7.4712e+00	0.0000e+00
7.1324e-01	2.4811e-01	7.4844e+00	0.0000e+00
7.1524e-01	2.4789e-01	7.4838e+00	0.0000e+00
7.1614e-01	2.4779e-01	7.4732e+00	0.0000e+00
7.1491e-01	2.4794e-01	7.4621e+00	0.0000e+00
7.1212e-01	2.4818e-01	7.4573e+00	0.0000e+00
7.0886e-01	2.4839e-01	7.4553e+00	0.0000e+00
7.0440e-01	2.4898e-01	7.4520e+00	0.0000e+00
6.9915e-01	2.4967e-01	7.4454e+00	0.0000e+00
6.9346e-01	2.5029e-01	7.4297e+00	0.0000e+00
6.8889e-01	2.5069e-01	7.4063e+00	0.0000e+00
6.8667e-01	2.5087e-01	7.3855e+00	0.0000e+00
6.8612e-01	2.5096e-01	7.3665e+00	0.0000e+00
6.8648e-01	2.5119e-01	7.3491e+00	0.0000e+00
6.8711e-01	2.5150e-01	7.3315e+00	0.0000e+00
6.8739e-01	2.5171e-01	7.3125e+00	0.0000e+00
6.8722e-01	2.5165e-01	7.2946e+00	0.0000e+00
6.8720e-01	2.5120e-01	7.2805e+00	0.0000e+00
6.8760e-01	2.5043e-01	7.2688e+00	0.0000e+00
6.8813e-01	2.4967e-01	7.2587e+00	0.0000e+00
6.8907e-01	2.4902e-01	7.2507e+00	0.0000e+00
6.9024e-01	2.4840e-01	7.2461e+00	0.0000e+00
6.9151e-01	2.4788e-01	7.2442e+00	0.0000e+00
6.9310e-01	2.4751e-01	7.2435e+00	0.0000e+00
6.9489e-01	2.4722e-01	7.2456e+00	0.0000e+00
6.9748e-01	2.4661e-01	7.2528e+00	0.0000e+00
7.0102e-01	2.4558e-01	7.2736e+00	0.0000e+00
7.0506e-01	2.4439e-01	7.3034e+00	0.0000e+00
7.0871e-01	2.4347e-01	7.3634e+00	0.0000e+00
7.1094e-01	2.4299e-01	7.4527e+00	0.0000e+00
7.1100e-01	2.4304e-01	7.5285e+00	0.0000e+00
7.0966e-01	2.4355e-01	7.5981e+00	0.0000e+00
7.0845e-01	2.4435e-01	7.6549e+00	0.0000e+00
7.0811e-01	2.4543e-01	7.6954e+00	0.0000e+00
7.0818e-01	2.4668e-01	7.7200e+00	0.0000e+00
7.0799e-01	2.4777e-01	7.7305e+00	0.0000e+00
7.0722e-01	2.4870e-01	7.7294e+00	0.0000e+00
7.0591e-01	2.4963e-01	7.7187e+00	0.0000e+00
7.0431e-01	2.5057e-01	7.7010e+00	0.0000e+00
7.0330e-01	2.5121e-01	7.6781e+00	0.0000e+00
7.0270e-01	2.5141e-01	7.6526e+00	0.0000e+00
7.0230e-01	2.5122e-01	7.6262e+00	0.0000e+00
7.0215e-01	2.5084e-01	7.6004e+00	0.0000e+00
7.0305e-01	2.5032e-01	7.5762e+00	0.0000e+00
7.0510e-01	2.4974e-01	7.5540e+00	0.0000e+00
7.0822e-01	2.4924e-01	7.5338e+00	0.0000e+00
7.1279e-01	2.4894e-01	7.5112e+00	0.0000e+00
7.1947e-01	2.4867e-01	7.4906e+00	0.0000e+00
