WL	EN	AR	Marker
1.3331e+00	2.3768e-01	2.7569e+00	0.0000e+00
1.3327e+00	2.3792e-01	2.7548e+00	0.0000e+00
1.3312e+00	2.3851e-01	2.7530e+00	0.0000e+00
1.3326e+00	2.3843e-01	2.7517e+00	0.0000e+00
1.3369e+00	2.3763e-01	2.7522e+00	0.0000e+00
1.3422e+00	2.3656e-01	2.7559e+00	0.0000e+00
1.3470e+00	2.3565e-01	2.7645e+00	0.0000e+00
1.3511e+00	2.3490e-01	2.7786e+00	0.0000e+00
1.3549e+00	2.3427e-01	2.7971e+00	0.0000e+00
1.3586e+00	2.3377e-01	2.8175e+00	0.0000e+00
1.3614e+00	2.3349e-01	2.8372e+00	0.0000e+00
1.3616e+00	2.3357e-01	2.8549e+00	0.0000e+00
1.3573e+00	2.3456e-01	2.8730e+00	0.0000e+00
1.3486e+00	2.3631e-01	2.8964e+00	0.0000e+00
1.3372e+00	2.3796e-01	2.9278e+00	0.0000e+00
1.3252e+00	2.3939e-01	2.9657e+00	0.0000e+00
1.3145e+00	2.4043e-01	3.0146e+00	0.0000e+00
1.3060e+00	2.4100e-01	3.0498e+00	0.0000e+00
1.2983e+00	2.4138e-01	3.0760e+00	0.0000e+00
1.2891e+00	2.4203e-01	3.0972e+00	0.0000e+00
1.2797e+00	2.4307e-01	3.1036e+00	0.0000e+00
1.2717e+00	2.4423e-01	3.1017e+00	0.0000e+00
1.2654e+00	2.4479e-01	3.0928e+00	0.0000e+00
1.2609e+00	2.4458e-01	3.0789e+00	0.0000e+00
1.2582e+00	2.4429e-01	3.0619e+00	0.0000e+00
1.2589e+00	2.4406e-01	3.0438e+00	0.0000e+00
1.2637e+00	2.4390e-01	3.0259e+00	0.0000e+00
1.2711e+00	2.4374e-01	3.0094e+00	0.0000e+00
1.2765e+00	2.4364e-01	2.9948e+00	0.0000e+00
1.2767e+00	2.4390e-01	2.9824e+00	0.0000e+00
1.2743e+00	2.4446e-01	2.9720e+00	0.0000e+00
1.2738e+00	2.4495e-01	2.9630e+00	0.0000e+00
1.2763e+00	2.4535e-01	2.9554e+00	0.0000e+00
1.2811e+00	2.4569e-01	2.9488e+00	0.0000e+00
1.2862e+00	2.4606e-01	2.9427e+00	0.0000e+00
1.2902e+00	2.4655e-01	2.9374e+00	0.0000e+00
1.2960e+00	2.4639e-01	2.9326e+00	0.0000e+00
1.3085e+00	2.4541e-01	2.9283e+00	0.0000e+00
1.3273e+00	2.4380e-01	2.9237e+00	0.0000e+00
1.3493e+00	2.4201e-01	2.9195e+00	0.0000e+00
1.3690e+00	2.4070e-01	2.9173e+00	0.0000e+00
1.3811e+00	2.4003e-01	2.9147e+00	0.0000e+00
1.3836e+00	2.3983e-01	2.9119e+00	0.0000e+00
1.3790e+00	2.4009e-01	2.9104e+00	0.0000e+00
1.3721e+00	2.4073e-01	2.9096e+00	0.0000e+00
1.3676e+00	2.4128e-01	2.9098e+00	0.0000e+00
1.3685e+00	2.4086e-01	2.9110e+00	0.0000e+00
1.3709e+00	2.4040e-01	2.9128e+00	0.0000e+00
1.3737e+00	2.3998e-01	2.9148e+00	0.0000e+00
1.3775e+00	2.3934e-01	2.9166e+00	0.0000e+00
1.3827e+00	2.3825e-01	2.9180e+00	0.0000e+00
1.3880e+00	2.3739e-01	2.9187e+00	0.0000e+00
1.3920e+00	2.3719e-01	2.9186e+00	0.0000e+00
1.3942e+00	2.3767e-01	2.9180e+00	0.0000e+00
1.3948e+00	2.3840e-01	2.9169e+00	0.0000e+00
1.3955e+00	2.3901e-01	2.9156e+00	0.0000e+00
1.3976e+00	2.3931e-01	2.9143e+00	0.0000e+00
1.4053e+00	2.3858e-01	2.9131e+00	0.0000e+00
1.4159e+00	2.3701e-01	2.9119e+00	0.0000e+00
1.4279e+00	2.3547e-01	2.9108e+00	0.0000e+00
1.4395e+00	2.3418e-01	2.9098e+00	0.0000e+00
1.4480e+00	2.3322e-01	2.9088e+00	0.0000e+00
1.4520e+00	2.3248e-01	2.9078e+00	0.0000e+00
1.4529e+00	2.3189e-01	2.9066e+00	0.0000e+00
1.4538e+00	2.3128e-01	2.9052e+00	0.0000e+00
1.4561e+00	2.3066e-01	2.9038e+00	0.0000e+00
1.4586e+00	2.3023e-01	2.9029e+00	0.0000e+00
1.4600e+00	2.3010e-01	2.9029e+00	0.0000e+00
1.4597e+00	2.3033e-01	2.9055e+00	0.0000e+00
1.4583e+00	2.3077e-01	2.9123e+00	0.0000e+00
1.4583e+00	2.3100e-01	2.9241e+00	0.0000e+00
1.4614e+00	2.3087e-01	2.9403e+00	0.0000e+00
1.4683e+00	2.3037e-01	2.9594e+00	0.0000e+00
1.4771e+00	2.2960e-01	2.9809e+00	0.0000e+00
1.4856e+00	2.2862e-01	3.0046e+00	0.0000e+00
1.4917e+00	2.2764e-01	3.0292e+00	0.0000e+00
1.4948e+00	2.2713e-01	3.0520e+00	0.0000e+00
1.4973e+00	2.2735e-01	3.0701e+00	0.0000e+00
1.4998e+00	2.2834e-01	3.0814e+00	0.0000e+00
1.5022e+00	2.2986e-01	3.0847e+00	0.0000e+00
1.5052e+00	2.3111e-01	3.0806e+00	0.0000e+00
1.5092e+00	2.3181e-01	3.0748e+00	0.0000e+00
1.5143e+00	2.3179e-01	3.0676e+00	0.0000e+00
1.5206e+00	2.3139e-01	3.0606e+00	0.0000e+00
1.5269e+00	2.3110e-01	3.0552e+00	0.0000e+00
1.5297e+00	2.3145e-01	3.0527e+00	0.0000e+00
1.5272e+00	2.3205e-01	3.0528e+00	0.0000e+00
1.5193e+00	2.3271e-01	3.0537e+00	0.0000e+00
1.5072e+00	2.3341e-01	3.0380e+00	0.0000e+00
1.4948e+00	2.3401e-01	2.9904e+00	0.0000e+00
1.4851e+00	2.3429e-01	2.9406e+00	0.0000e+00
1.4789e+00	2.3423e-01	2.9097e+00	0.0000e+00
1.4748e+00	2.3447e-01	2.9042e+00	0.0000e+00
1.4730e+00	2.3471e-01	2.9226e+00	0.0000e+00
1.4737e+00	2.3464e-01	2.9554e+00	0.0000e+00
1.4741e+00	2.3472e-01	3.0030e+00	0.0000e+00
1.4729e+00	2.3491e-01	3.0410e+00	0.0000e+00
1.4705e+00	2.3509e-01	3.0653e+00	0.0000e+00
1.4690e+00	2.3503e-01	3.0888e+00	0.0000e+00
1.4677e+00	2.3509e-01	3.1014e+00	0.0000e+00
1.4652e+00	2.3540e-01	3.1047e+00	0.0000e+00
1.4616e+00	2.3587e-01	3.1008e+00	0.0000e+00
1.4577e+00	2.3639e-01	3.0910e+00	0.0000e+00
1.4548e+00	2.3685e-01	3.0803e+00	0.0000e+00
1.4538e+00	2.3721e-01	3.0688e+00	0.0000e+00
1.4548e+00	2.3745e-01	3.0575e+00	0.0000e+00
1.4561e+00	2.3755e-01	3.0471e+00	0.0000e+00
1.4588e+00	2.3732e-01	3.0387e+00	0.0000e+00
1.4617e+00	2.3687e-01	3.0325e+00	0.0000e+00
1.4640e+00	2.3635e-01	3.0285e+00	0.0000e+00
1.4665e+00	2.3599e-01	3.0263e+00	0.0000e+00
1.4720e+00	2.3555e-01	3.0254e+00	0.0000e+00
1.4802e+00	2.3495e-01	3.0249e+00	0.0000e+00
1.4893e+00	2.3430e-01	3.0241e+00	0.0000e+00
1.4977e+00	2.3359e-01	3.0226e+00	0.0000e+00
1.5045e+00	2.3280e-01	3.0205e+00	0.0000e+00
1.5102e+00	2.3192e-01	3.0176e+00	0.0000e+00
1.5160e+00	2.3116e-01	3.0143e+00	0.0000e+00
1.5225e+00	2.3040e-01	3.0108e+00	0.0000e+00
1.5290e+00	2.2924e-01	3.0072e+00	0.0000e+00
1.5362e+00	2.2781e-01	3.0031e+00	0.0000e+00
1.5457e+00	2.2630e-01	2.9993e+00	0.0000e+00
1.5581e+00	2.2487e-01	2.9969e+00	0.0000e+00
1.5707e+00	2.2377e-01	2.9951e+00	0.0000e+00
1.5794e+00	2.2317e-01	2.9938e+00	0.0000e+00
1.5818e+00	2.2316e-01	2.9930e+00	0.0000e+00
1.5787e+00	2.2376e-01	2.9927e+00	0.0000e+00
1.5729e+00	2.2461e-01	2.9931e+00	0.0000e+00
1.5677e+00	2.2528e-01	2.9939e+00	0.0000e+00
1.5634e+00	2.2565e-01	2.9949e+00	0.0000e+00
1.5583e+00	2.2593e-01	2.9963e+00	0.0000e+00
1.5519e+00	2.2648e-01	2.9978e+00	0.0000e+00
1.5456e+00	2.2757e-01	2.9995e+00	0.0000e+00
1.5412e+00	2.2884e-01	3.0015e+00	0.0000e+00
1.5396e+00	2.2981e-01	3.0049e+00	0.0000e+00
1.5392e+00	2.3047e-01	3.0116e+00	0.0000e+00
1.5377e+00	2.3105e-01	3.0243e+00	0.0000e+00
1.5327e+00	2.3185e-01	3.0418e+00	0.0000e+00
1.5241e+00	2.3286e-01	3.0614e+00	0.0000e+00
1.5148e+00	2.3375e-01	3.0809e+00	0.0000e+00
1.5070e+00	2.3452e-01	3.0988e+00	0.0000e+00
1.5019e+00	2.3523e-01	3.1141e+00	1.0000e+00
1.4981e+00	2.3565e-01	3.1263e+00	0.0000e+00
1.4920e+00	2.3577e-01	3.1317e+00	0.0000e+00
1.4858e+00	2.3553e-01	3.1321e+00	0.0000e+00
1.4814e+00	2.3514e-01	3.1301e+00	0.0000e+00
1.4786e+00	2.3486e-01	3.1259e+00	0.0000e+00
1.4770e+00	2.3470e-01	3.1221e+00	0.0000e+00
1.4753e+00	2.3471e-01	3.1193e+00	0.0000e+00
1.4715e+00	2.3496e-01	3.1183e+00	0.0000e+00
1.4665e+00	2.3519e-01	3.1194e+00	0.0000e+00
1.4629e+00	2.3513e-01	3.1222e+00	0.0000e+00
1.4610e+00	2.3474e-01	3.1260e+00	0.0000e+00
1.4578e+00	2.3482e-01	3.1300e+00	0.0000e+00
1.4529e+00	2.3545e-01	3.1332e+00	0.0000e+00
1.4471e+00	2.3651e-01	3.1353e+00	0.0000e+00
1.4409e+00	2.3793e-01	3.1364e+00	0.0000e+00
1.4355e+00	2.3941e-01	3.1362e+00	0.0000e+00
1.4308e+00	2.4079e-01	3.1351e+00	0.0000e+00
1.4274e+00	2.4215e-01	3.1343e+00	0.0000e+00
1.4255e+00	2.4342e-01	3.1329e+00	0.0000e+00
1.4253e+00	2.4432e-01	3.1305e+00	0.0000e+00
1.4266e+00	2.4455e-01	3.1272e+00	0.0000e+00
1.4268e+00	2.4447e-01	3.1227e+00	0.0000e+00
1.4250e+00	2.4456e-01	3.1181e+00	0.0000e+00
1.4218e+00	2.4462e-01	3.1145e+00	0.0000e+00
1.4180e+00	2.4507e-01	3.1113e+00	0.0000e+00
1.4153e+00	2.4571e-01	3.1087e+00	0.0000e+00
1.4136e+00	2.4633e-01	3.1065e+00	0.0000e+00
1.4120e+00	2.4678e-01	3.1046e+00	0.0000e+00
1.4097e+00	2.4692e-01	3.1028e+00	0.0000e+00
1.4065e+00	2.4677e-01	3.1009e+00	0.0000e+00
1.4023e+00	2.4683e-01	3.0980e+00	0.0000e+00
1.3946e+00	2.4758e-01	3.0958e+00	0.0000e+00
1.3826e+00	2.4854e-01	3.0953e+00	0.0000e+00
1.3668e+00	2.4950e-01	3.0960e+00	0.0000e+00
1.3494e+00	2.5033e-01	3.0972e+00	0.0000e+00
1.3336e+00	2.5100e-01	3.0984e+00	0.0000e+00
1.3220e+00	2.5141e-01	3.0994e+00	0.0000e+00
1.3155e+00	2.5157e-01	3.1001e+00	0.0000e+00
1.3108e+00	2.5153e-01	3.1005e+00	0.0000e+00
1.3061e+00	2.5148e-01	3.1006e+00	0.0000e+00
1.3031e+00	2.5110e-01	3.1005e+00	0.0000e+00
1.3035e+00	2.5018e-01	3.1003e+00	0.0000e+00
1.3073e+00	2.4878e-01	3.1000e+00	0.0000e+00
1.3115e+00	2.4722e-01	3.1004e+00	0.0000e+00
1.3108e+00	2.4626e-01	3.1018e+00	0.0000e+00
1.2992e+00	2.4639e-01	3.1050e+00	0.0000e+00
1.2779e+00	2.4769e-01	3.1109e+00	0.0000e+00
1.2532e+00	2.4904e-01	3.1187e+00	0.0000e+00
1.2292e+00	2.5034e-01	3.1264e+00	0.0000e+00
1.2097e+00	2.5137e-01	3.1328e+00	0.0000e+00
1.1971e+00	2.5188e-01	3.1372e+00	0.0000e+00
1.1904e+00	2.5171e-01	3.1392e+00	0.0000e+00
1.1869e+00	2.5101e-01	3.1391e+00	0.0000e+00
1.1830e+00	2.5053e-01	3.1377e+00	0.0000e+00
1.1781e+00	2.5102e-01	3.1353e+00	0.0000e+00
1.1731e+00	2.5179e-01	3.1323e+00	0.0000e+00
1.1678e+00	2.5282e-01	3.1294e+00	0.0000e+00
1.1625e+00	2.5420e-01	3.1267e+00	0.0000e+00
1.1579e+00	2.5550e-01	3.1245e+00	0.0000e+00
1.1545e+00	2.5631e-01	3.1225e+00	0.0000e+00
1.1520e+00	2.5684e-01	3.1207e+00	0.0000e+00
1.1498e+00	2.5724e-01	3.1190e+00	0.0000e+00
1.1469e+00	2.5766e-01	3.1171e+00	0.0000e+00
1.1432e+00	2.5834e-01	3.1156e+00	0.0000e+00
1.1388e+00	2.5933e-01	3.1149e+00	0.0000e+00
1.1299e+00	2.6080e-01	3.1149e+00	0.0000e+00
1.1198e+00	2.6237e-01	3.1150e+00	0.0000e+00
1.1084e+00	2.6401e-01	3.1151e+00	0.0000e+00
1.0968e+00	2.6565e-01	3.1151e+00	0.0000e+00
1.0871e+00	2.6709e-01	3.1152e+00	0.0000e+00
1.0800e+00	2.6834e-01	3.1156e+00	0.0000e+00
1.0748e+00	2.6954e-01	3.1162e+00	0.0000e+00
1.0701e+00	2.7103e-01	3.1173e+00	0.0000e+00
1.0657e+00	2.7274e-01	3.1189e+00	0.0000e+00
1.0621e+00	2.7440e-01	3.1204e+00	0.0000e+00
1.0596e+00	2.7577e-01	3.1217e+00	0.0000e+00
1.0585e+00	2.7678e-01	3.1227e+00	0.0000e+00
1.0578e+00	2.7780e-01	3.1235e+00	0.0000e+00
1.0559e+00	2.7889e-01	3.1240e+00	0.0000e+00
1.0519e+00	2.7983e-01	3.1245e+00	0.0000e+00
1.0458e+00	2.8070e-01	3.1248e+00	0.0000e+00
1.0392e+00	2.8143e-01	3.1251e+00	0.0000e+00
1.0356e+00	2.8179e-01	3.1258e+00	0.0000e+00
1.0370e+00	2.8180e-01	3.1268e+00	0.0000e+00
1.0424e+00	2.8144e-01	3.1288e+00	0.0000e+00
1.0485e+00	2.8063e-01	3.1326e+00	0.0000e+00
1.0529e+00	2.7945e-01	3.1390e+00	0.0000e+00
1.0552e+00	2.7813e-01	3.1506e+00	0.0000e+00
1.0549e+00	2.7733e-01	3.1687e+00	0.0000e+00
1.0533e+00	2.7712e-01	3.1931e+00	0.0000e+00
1.0505e+00	2.7741e-01	3.2223e+00	0.0000e+00
1.0461e+00	2.7816e-01	3.2531e+00	0.0000e+00
1.0399e+00	2.7937e-01	3.2817e+00	0.0000e+00
1.0327e+00	2.8078e-01	3.3057e+00	0.0000e+00
1.0251e+00	2.8236e-01	3.3239e+00	0.0000e+00
1.0186e+00	2.8395e-01	3.3360e+00	0.0000e+00
1.0146e+00	2.8510e-01	3.3427e+00	0.0000e+00
1.0128e+00	2.8588e-01	3.3446e+00	0.0000e+00
1.0123e+00	2.8649e-01	3.3429e+00	0.0000e+00
1.0130e+00	2.8681e-01	3.3382e+00	0.0000e+00
1.0145e+00	2.8660e-01	3.3318e+00	0.0000e+00
1.0148e+00	2.8646e-01	3.3244e+00	0.0000e+00
1.0121e+00	2.8674e-01	3.3166e+00	0.0000e+00
1.0073e+00	2.8732e-01	3.3089e+00	0.0000e+00
1.0022e+00	2.8805e-01	3.3000e+00	0.0000e+00
9.9737e-01	2.8863e-01	3.2919e+00	0.0000e+00
9.8989e-01	2.8930e-01	3.2860e+00	0.0000e+00
9.7913e-01	2.8988e-01	3.2805e+00	0.0000e+00
9.6619e-01	2.9044e-01	3.2767e+00	0.0000e+00
9.5321e-01	2.9115e-01	3.2719e+00	0.0000e+00
9.4240e-01	2.9196e-01	3.2661e+00	0.0000e+00
9.3605e-01	2.9254e-01	3.2612e+00	0.0000e+00
9.3401e-01	2.9262e-01	3.2556e+00	0.0000e+00
9.3363e-01	2.9246e-01	3.2496e+00	0.0000e+00
9.3245e-01	2.9246e-01	3.2440e+00	0.0000e+00
9.2860e-01	2.9305e-01	3.2396e+00	0.0000e+00
9.2355e-01	2.9408e-01	3.2370e+00	0.0000e+00
9.1892e-01	2.9524e-01	3.2357e+00	0.0000e+00
9.1560e-01	2.9577e-01	3.2347e+00	0.0000e+00
9.1021e-01	2.9621e-01	3.2337e+00	0.0000e+00
9.0242e-01	2.9674e-01	3.2326e+00	0.0000e+00
8.9368e-01	2.9740e-01	3.2314e+00	0.0000e+00
8.8575e-01	2.9820e-01	3.2302e+00	0.0000e+00
8.7963e-01	2.9912e-01	3.2288e+00	0.0000e+00
8.7552e-01	3.0003e-01	3.2275e+00	0.0000e+00
8.7255e-01	3.0076e-01	3.2262e+00	0.0000e+00
8.6916e-01	3.0133e-01	3.2261e+00	0.0000e+00
8.6533e-01	3.0178e-01	3.2279e+00	0.0000e+00
8.5991e-01	3.0238e-01	3.2305e+00	0.0000e+00
8.5092e-01	3.0335e-01	3.2339e+00	0.0000e+00
8.3887e-01	3.0444e-01	3.2369e+00	0.0000e+00
8.2656e-01	3.0547e-01	3.2393e+00	0.0000e+00
8.1689e-01	3.0634e-01	3.2410e+00	0.0000e+00
8.1162e-01	3.0695e-01	3.2419e+00	0.0000e+00
8.1041e-01	3.0729e-01	3.2420e+00	0.0000e+00
8.1135e-01	3.0758e-01	3.2414e+00	0.0000e+00
8.1254e-01	3.0784e-01	3.2402e+00	0.0000e+00
8.1374e-01	3.0791e-01	3.2386e+00	0.0000e+00
8.1607e-01	3.0757e-01	3.2368e+00	0.0000e+00
8.2173e-01	3.0657e-01	3.2349e+00	0.0000e+00
8.3117e-01	3.0488e-01	3.2330e+00	0.0000e+00
8.4306e-01	3.0297e-01	3.2310e+00	0.0000e+00
8.5460e-01	3.0131e-01	3.2290e+00	0.0000e+00
8.6463e-01	2.9992e-01	3.2268e+00	0.0000e+00
8.7377e-01	2.9868e-01	3.2248e+00	0.0000e+00
8.8274e-01	2.9749e-01	3.2229e+00	0.0000e+00
8.9009e-01	2.9630e-01	3.2207e+00	0.0000e+00
8.9323e-01	2.9557e-01	3.2187e+00	0.0000e+00
8.9364e-01	2.9522e-01	3.2176e+00	0.0000e+00
8.9316e-01	2.9500e-01	3.2167e+00	0.0000e+00
8.9167e-01	2.9502e-01	3.2158e+00	0.0000e+00
8.8878e-01	2.9552e-01	3.2147e+00	0.0000e+00
8.8241e-01	2.9641e-01	3.2129e+00	0.0000e+00
8.7303e-01	2.9758e-01	3.2100e+00	0.0000e+00
8.6274e-01	2.9882e-01	3.2069e+00	0.0000e+00
8.5340e-01	3.0017e-01	3.2042e+00	0.0000e+00
8.4678e-01	3.0127e-01	3.2022e+00	0.0000e+00
8.4365e-01	3.0186e-01	3.2009e+00	0.0000e+00
8.4304e-01	3.0219e-01	3.2001e+00	0.0000e+00
8.4331e-01	3.0260e-01	3.1995e+00	0.0000e+00
8.4356e-01	3.0322e-01	3.1991e+00	0.0000e+00
8.4422e-01	3.0360e-01	3.1985e+00	0.0000e+00
8.4524e-01	3.0343e-01	3.1978e+00	0.0000e+00
8.4609e-01	3.0292e-01	3.1969e+00	0.0000e+00
8.4610e-01	3.0229e-01	3.1959e+00	0.0000e+00
8.4432e-01	3.0213e-01	3.1954e+00	0.0000e+00
8.4094e-01	3.0307e-01	3.1981e+00	0.0000e+00
8.3670e-01	3.0447e-01	3.2073e+00	0.0000e+00
8.3246e-01	3.0528e-01	3.2213e+00	0.0000e+00
8.2827e-01	3.0566e-01	3.2404e+00	0.0000e+00
8.2574e-01	3.0550e-01	3.2622e+00	0.0000e+00
8.2738e-01	3.0467e-01	3.2839e+00	0.0000e+00
8.3413e-01	3.0356e-01	3.3028e+00	0.0000e+00
8.4489e-01	3.0246e-01	3.3171e+00	0.0000e+00
8.5729e-01	3.0109e-01	3.3261e+00	0.0000e+00
8.5923e-01	3.0076e-01	3.3294e+00	0.0000e+00
8.6115e-01	3.0050e-01	3.3271e+00	0.0000e+00
8.6324e-01	3.0033e-01	3.3210e+00	0.0000e+00
8.6577e-01	3.0020e-01	3.3136e+00	0.0000e+00
8.6880e-01	3.0011e-01	3.3075e+00	0.0000e+00
8.7229e-01	3.0011e-01	3.3029e+00	0.0000e+00
8.7596e-01	3.0005e-01	3.2985e+00	0.0000e+00
8.7905e-01	3.0000e-01	3.2942e+00	0.0000e+00
8.8133e-01	2.9999e-01	3.2902e+00	0.0000e+00
8.8291e-01	3.0013e-01	3.2866e+00	0.0000e+00
8.8941e-01	3.0040e-01	3.2835e+00	0.0000e+00
8.9416e-01	3.0054e-01	3.2802e+00	0.0000e+00
8.9645e-01	3.0046e-01	3.2774e+00	0.0000e+00
8.9805e-01	3.0035e-01	3.2752e+00	0.0000e+00
9.0118e-01	3.0022e-01	3.2731e+00	0.0000e+00
9.0560e-01	3.0025e-01	3.2708e+00	0.0000e+00
9.1057e-01	3.0051e-01	3.2685e+00	0.0000e+00
9.1674e-01	3.0082e-01	3.2662e+00	0.0000e+00
9.2473e-01	3.0113e-01	3.2635e+00	0.0000e+00
9.3462e-01	3.0125e-01	3.2589e+00	0.0000e+00
9.4611e-01	3.0086e-01	3.2540e+00	0.0000e+00
9.5750e-01	2.9965e-01	3.2513e+00	0.0000e+00
9.6533e-01	2.9851e-01	3.2518e+00	0.0000e+00
9.7203e-01	2.9736e-01	3.2549e+00	0.0000e+00
9.7815e-01	2.9636e-01	3.2598e+00	0.0000e+00
9.8362e-01	2.9568e-01	3.2652e+00	0.0000e+00
9.8869e-01	2.9528e-01	3.2706e+00	0.0000e+00
9.9402e-01	2.9491e-01	3.2754e+00	0.0000e+00
1.0009e+00	2.9431e-01	3.2794e+00	0.0000e+00
1.0089e+00	2.9342e-01	3.2825e+00	0.0000e+00
1.0157e+00	2.9250e-01	3.2843e+00	0.0000e+00
1.0202e+00	2.9184e-01	3.2849e+00	0.0000e+00
1.0230e+00	2.9123e-01	3.2843e+00	0.0000e+00
1.0247e+00	2.9065e-01	3.2827e+00	0.0000e+00
1.0256e+00	2.9041e-01	3.2811e+00	0.0000e+00
1.0261e+00	2.9044e-01	3.2799e+00	0.0000e+00
1.0265e+00	2.9060e-01	3.2789e+00	0.0000e+00
1.0274e+00	2.9083e-01	3.2788e+00	0.0000e+00
1.0282e+00	2.9106e-01	3.2793e+00	0.0000e+00
1.0289e+00	2.9118e-01	3.2798e+00	0.0000e+00
1.0299e+00	2.9105e-01	3.2801e+00	0.0000e+00
1.0316e+00	2.9061e-01	3.2798e+00	0.0000e+00
1.0334e+00	2.9007e-01	3.2789e+00	0.0000e+00
1.0351e+00	2.8977e-01	3.2772e+00	0.0000e+00
1.0364e+00	2.9007e-01	3.2750e+00	0.0000e+00
1.0374e+00	2.9088e-01	3.2725e+00	0.0000e+00
1.0382e+00	2.9177e-01	3.2697e+00	0.0000e+00
1.0387e+00	2.9220e-01	3.2669e+00	0.0000e+00
1.0386e+00	2.9199e-01	3.2642e+00	0.0000e+00
1.0386e+00	2.9139e-01	3.2620e+00	0.0000e+00
1.0382e+00	2.9065e-01	3.2612e+00	0.0000e+00
1.0380e+00	2.8987e-01	3.2623e+00	0.0000e+00
1.0394e+00	2.8869e-01	3.2660e+00	0.0000e+00
1.0424e+00	2.8745e-01	3.2716e+00	0.0000e+00
1.0456e+00	2.8663e-01	3.2798e+00	0.0000e+00
1.0479e+00	2.8635e-01	3.2867e+00	0.0000e+00
1.0483e+00	2.8676e-01	3.2901e+00	0.0000e+00
1.0469e+00	2.8707e-01	3.2913e+00	0.0000e+00
1.0451e+00	2.8691e-01	3.2908e+00	0.0000e+00
1.0437e+00	2.8657e-01	3.2894e+00	0.0000e+00
1.0426e+00	2.8622e-01	3.2874e+00	0.0000e+00
1.0423e+00	2.8577e-01	3.2848e+00	0.0000e+00
1.0429e+00	2.8509e-01	3.2818e+00	0.0000e+00
1.0440e+00	2.8430e-01	3.2785e+00	0.0000e+00
1.0444e+00	2.8412e-01	3.2749e+00	1.0000e+00
1.0450e+00	2.8410e-01	3.2714e+00	0.0000e+00
1.0459e+00	2.8392e-01	3.2680e+00	0.0000e+00
1.0474e+00	2.8337e-01	3.2648e+00	0.0000e+00
1.0500e+00	2.8254e-01	3.2620e+00	0.0000e+00
1.0536e+00	2.8147e-01	3.2597e+00	0.0000e+00
1.0574e+00	2.8038e-01	3.2577e+00	0.0000e+00
1.0600e+00	2.7967e-01	3.2560e+00	0.0000e+00
1.0621e+00	2.7900e-01	3.2544e+00	0.0000e+00
1.0648e+00	2.7822e-01	3.2528e+00	0.0000e+00
1.0689e+00	2.7728e-01	3.2511e+00	0.0000e+00
1.0744e+00	2.7622e-01	3.2494e+00	0.0000e+00
1.0799e+00	2.7505e-01	3.2470e+00	0.0000e+00
1.0850e+00	2.7395e-01	3.2449e+00	0.0000e+00
1.0892e+00	2.7314e-01	3.2441e+00	0.0000e+00
1.0929e+00	2.7265e-01	3.2453e+00	0.0000e+00
1.0950e+00	2.7255e-01	3.2470e+00	0.0000e+00
1.0948e+00	2.7283e-01	3.2491e+00	0.0000e+00
1.0922e+00	2.7334e-01	3.2515e+00	0.0000e+00
1.0889e+00	2.7369e-01	3.2544e+00	0.0000e+00
1.0869e+00	2.7342e-01	3.2595e+00	0.0000e+00
1.0864e+00	2.7280e-01	3.2691e+00	0.0000e+00
1.0859e+00	2.7230e-01	3.2849e+00	0.0000e+00
1.0838e+00	2.7237e-01	3.3065e+00	0.0000e+00
1.0806e+00	2.7296e-01	3.3318e+00	0.0000e+00
1.0778e+00	2.7389e-01	3.3579e+00	0.0000e+00
1.0780e+00	2.7387e-01	3.3815e+00	0.0000e+00
1.0832e+00	2.7273e-01	3.4006e+00	0.0000e+00
1.0936e+00	2.7113e-01	3.4140e+00	0.0000e+00
1.1066e+00	2.7011e-01	3.4220e+00	0.0000e+00
1.1207e+00	2.6960e-01	3.4222e+00	0.0000e+00
1.1358e+00	2.6925e-01	3.4193e+00	0.0000e+00
1.1515e+00	2.6872e-01	3.4147e+00	0.0000e+00
1.1665e+00	2.6788e-01	3.4050e+00	0.0000e+00
1.1786e+00	2.6679e-01	3.3945e+00	0.0000e+00
1.1861e+00	2.6568e-01	3.3883e+00	0.0000e+00
1.1900e+00	2.6470e-01	3.3807e+00	0.0000e+00
1.1927e+00	2.6384e-01	3.3723e+00	0.0000e+00
1.1951e+00	2.6310e-01	3.3668e+00	0.0000e+00
1.1965e+00	2.6273e-01	3.3624e+00	0.0000e+00
1.1980e+00	2.6269e-01	3.3589e+00	0.0000e+00
1.1999e+00	2.6284e-01	3.3562e+00	0.0000e+00
1.2013e+00	2.6318e-01	3.3544e+00	0.0000e+00
1.2014e+00	2.6367e-01	3.3537e+00	0.0000e+00
1.2007e+00	2.6410e-01	3.3538e+00	0.0000e+00
1.1998e+00	2.6429e-01	3.3546e+00	0.0000e+00
1.1991e+00	2.6400e-01	3.3552e+00	0.0000e+00
1.1987e+00	2.6341e-01	3.3554e+00	0.0000e+00
1.1989e+00	2.6283e-01	3.3549e+00	0.0000e+00
1.1980e+00	2.6276e-01	3.3531e+00	0.0000e+00
1.1931e+00	2.6351e-01	3.3502e+00	0.0000e+00
1.1840e+00	2.6455e-01	3.3473e+00	0.0000e+00
1.1735e+00	2.6538e-01	3.3440e+00	0.0000e+00
1.1637e+00	2.6602e-01	3.3404e+00	0.0000e+00
1.1555e+00	2.6653e-01	3.3366e+00	0.0000e+00
1.1480e+00	2.6704e-01	3.3328e+00	0.0000e+00
1.1404e+00	2.6776e-01	3.3289e+00	0.0000e+00
1.1332e+00	2.6881e-01	3.3253e+00	0.0000e+00
1.1283e+00	2.6990e-01	3.3218e+00	0.0000e+00
1.1252e+00	2.7077e-01	3.3186e+00	0.0000e+00
1.1225e+00	2.7162e-01	3.3157e+00	0.0000e+00
1.1209e+00	2.7228e-01	3.3131e+00	0.0000e+00
1.1203e+00	2.7260e-01	3.3112e+00	0.0000e+00
1.1208e+00	2.7260e-01	3.3101e+00	0.0000e+00
1.1225e+00	2.7233e-01	3.3101e+00	0.0000e+00
1.1248e+00	2.7212e-01	3.3109e+00	0.0000e+00
1.1287e+00	2.7174e-01	3.3116e+00	0.0000e+00
1.1334e+00	2.7129e-01	3.3125e+00	0.0000e+00
1.1381e+00	2.7088e-01	3.3149e+00	0.0000e+00
1.1422e+00	2.7050e-01	3.3176e+00	0.0000e+00
1.1449e+00	2.7028e-01	3.3200e+00	0.0000e+00
1.1452e+00	2.7059e-01	3.3217e+00	0.0000e+00
1.1429e+00	2.7214e-01	3.3223e+00	0.0000e+00
1.1394e+00	2.7390e-01	3.3224e+00	0.0000e+00
1.1358e+00	2.7520e-01	3.3215e+00	0.0000e+00
1.1328e+00	2.7594e-01	3.3205e+00	0.0000e+00
1.1312e+00	2.7591e-01	3.3196e+00	0.0000e+00
1.1315e+00	2.7460e-01	3.3188e+00	0.0000e+00
1.1333e+00	2.7259e-01	3.3184e+00	0.0000e+00
1.1354e+00	2.7110e-01	3.3183e+00	0.0000e+00
1.1376e+00	2.7012e-01	3.3179e+00	0.0000e+00
1.1382e+00	2.6983e-01	3.3171e+00	0.0000e+00
1.1356e+00	2.7008e-01	3.3158e+00	0.0000e+00
1.1302e+00	2.7049e-01	3.3136e+00	0.0000e+00
1.1223e+00	2.7098e-01	3.3115e+00	0.0000e+00
1.1139e+00	2.7156e-01	3.3112e+00	0.0000e+00
1.1155e+00	2.7116e-01	3.3142e+00	0.0000e+00
1.1179e+00	2.7073e-01	3.3209e+00	0.0000e+00
1.1207e+00	2.7031e-01	3.3307e+00	0.0000e+00
1.1224e+00	2.6999e-01	3.3420e+00	0.0000e+00
1.1222e+00	2.6975e-01	3.3534e+00	0.0000e+00
1.1208e+00	2.6954e-01	3.3652e+00	0.0000e+00
1.1192e+00	2.6921e-01	3.3735e+00	0.0000e+00
1.1174e+00	2.6877e-01	3.3765e+00	0.0000e+00
1.1156e+00	2.6842e-01	3.3783e+00	0.0000e+00
1.1134e+00	2.6844e-01	3.3780e+00	0.0000e+00
1.1076e+00	2.6852e-01	3.3759e+00	0.0000e+00
1.1029e+00	2.6904e-01	3.3730e+00	0.0000e+00
1.0999e+00	2.6977e-01	3.3693e+00	0.0000e+00
1.0977e+00	2.7022e-01	3.3653e+00	0.0000e+00
1.0932e+00	2.7073e-01	3.3614e+00	0.0000e+00
1.0852e+00	2.7160e-01	3.3583e+00	0.0000e+00
1.0740e+00	2.7276e-01	3.3572e+00	0.0000e+00
1.0602e+00	2.7390e-01	3.3593e+00	0.0000e+00
1.0446e+00	2.7506e-01	3.3653e+00	0.0000e+00
1.0289e+00	2.7645e-01	3.3742e+00	0.0000e+00
1.0147e+00	2.7805e-01	3.3842e+00	0.0000e+00
1.0030e+00	2.7973e-01	3.3939e+00	0.0000e+00
9.9429e-01	2.8131e-01	3.4037e+00	0.0000e+00
9.8668e-01	2.8267e-01	3.4093e+00	0.0000e+00
9.8000e-01	2.8368e-01	3.4119e+00	0.0000e+00
9.7442e-01	2.8427e-01	3.4150e+00	0.0000e+00
9.6977e-01	2.8459e-01	3.4192e+00	0.0000e+00
9.6527e-01	2.8501e-01	3.4257e+00	0.0000e+00
9.6013e-01	2.8568e-01	3.4349e+00	0.0000e+00
9.5462e-01	2.8645e-01	3.4459e+00	0.0000e+00
9.5068e-01	2.8692e-01	3.4571e+00	0.0000e+00
9.4968e-01	2.8674e-01	3.4668e+00	0.0000e+00
9.5047e-01	2.8606e-01	3.4736e+00	0.0000e+00
9.5105e-01	2.8539e-01	3.4768e+00	0.0000e+00
9.5033e-01	2.8482e-01	3.4763e+00	0.0000e+00
9.4881e-01	2.8423e-01	3.4728e+00	0.0000e+00
9.4743e-01	2.8367e-01	3.4669e+00	0.0000e+00
9.4673e-01	2.8297e-01	3.4595e+00	0.0000e+00
9.4772e-01	2.8185e-01	3.4509e+00	0.0000e+00
9.5054e-01	2.8045e-01	3.4410e+00	0.0000e+00
9.5391e-01	2.7931e-01	3.4315e+00	0.0000e+00
9.5615e-01	2.7863e-01	3.4234e+00	0.0000e+00
9.5710e-01	2.7824e-01	3.4169e+00	0.0000e+00
9.5776e-01	2.7765e-01	3.4105e+00	0.0000e+00
9.5870e-01	2.7655e-01	3.4051e+00	0.0000e+00
9.6040e-01	2.7502e-01	3.4011e+00	0.0000e+00
9.6271e-01	2.7336e-01	3.3973e+00	0.0000e+00
9.6494e-01	2.7187e-01	3.3939e+00	0.0000e+00
9.6632e-01	2.7088e-01	3.3907e+00	0.0000e+00
9.6627e-01	2.7053e-01	3.3879e+00	0.0000e+00
9.6590e-01	2.7062e-01	3.3853e+00	0.0000e+00
9.6558e-01	2.7098e-01	3.3831e+00	0.0000e+00
9.6403e-01	2.7159e-01	3.3811e+00	0.0000e+00
9.6182e-01	2.7215e-01	3.3790e+00	0.0000e+00
9.5992e-01	2.7247e-01	3.3768e+00	0.0000e+00
9.5891e-01	2.7235e-01	3.3746e+00	0.0000e+00
9.5967e-01	2.7166e-01	3.3722e+00	0.0000e+00
9.6029e-01	2.7133e-01	3.3698e+00	0.0000e+00
9.5837e-01	2.7178e-01	3.3675e+00	0.0000e+00
9.5531e-01	2.7250e-01	3.3652e+00	0.0000e+00
9.5248e-01	2.7311e-01	3.3630e+00	0.0000e+00
9.5061e-01	2.7352e-01	3.3612e+00	0.0000e+00
9.4973e-01	2.7372e-01	3.3592e+00	0.0000e+00
9.4989e-01	2.7365e-01	3.3570e+00	0.0000e+00
9.5114e-01	2.7275e-01	3.3542e+00	0.0000e+00
9.5204e-01	2.7168e-01	3.3506e+00	0.0000e+00
9.5269e-01	2.7067e-01	3.3477e+00	0.0000e+00
9.5404e-01	2.6975e-01	3.3462e+00	0.0000e+00
9.5582e-01	2.6896e-01	3.3454e+00	0.0000e+00
9.5729e-01	2.6831e-01	3.3444e+00	0.0000e+00
9.5803e-01	2.6772e-01	3.3434e+00	0.0000e+00
9.5742e-01	2.6721e-01	3.3429e+00	0.0000e+00
9.5490e-01	2.6698e-01	3.3429e+00	0.0000e+00
9.5137e-01	2.6698e-01	3.3437e+00	0.0000e+00
9.4779e-01	2.6700e-01	3.3453e+00	0.0000e+00
9.4448e-01	2.6701e-01	3.3478e+00	0.0000e+00
9.4162e-01	2.6705e-01	3.3509e+00	0.0000e+00
9.3876e-01	2.6729e-01	3.3543e+00	0.0000e+00
9.3540e-01	2.6786e-01	3.3575e+00	0.0000e+00
9.3117e-01	2.6903e-01	3.3601e+00	0.0000e+00
9.2679e-01	2.7043e-01	3.3621e+00	0.0000e+00
9.2368e-01	2.7138e-01	3.3633e+00	0.0000e+00
9.2226e-01	2.7198e-01	3.3631e+00	0.0000e+00
9.2170e-01	2.7237e-01	3.3619e+00	0.0000e+00
9.2067e-01	2.7277e-01	3.3605e+00	0.0000e+00
9.1922e-01	2.7296e-01	3.3589e+00	0.0000e+00
9.1788e-01	2.7318e-01	3.3566e+00	0.0000e+00
9.1734e-01	2.7347e-01	3.3539e+00	0.0000e+00
9.1742e-01	2.7376e-01	3.3516e+00	0.0000e+00
9.1713e-01	2.7404e-01	3.3493e+00	0.0000e+00
9.1499e-01	2.7501e-01	3.3472e+00	0.0000e+00
9.0902e-01	2.7662e-01	3.3452e+00	0.0000e+00
8.9863e-01	2.7841e-01	3.3432e+00	0.0000e+00
8.8500e-01	2.8049e-01	3.3412e+00	0.0000e+00
8.6901e-01	2.8313e-01	3.3391e+00	0.0000e+00
8.5071e-01	2.8614e-01	3.3369e+00	0.0000e+00
8.3115e-01	2.8876e-01	3.3351e+00	0.0000e+00
8.1208e-01	2.9094e-01	3.3331e+00	0.0000e+00
7.9605e-01	2.9259e-01	3.3312e+00	0.0000e+00
7.8456e-01	2.9376e-01	3.3292e+00	0.0000e+00
7.7690e-01	2.9466e-01	3.3275e+00	0.0000e+00
7.7074e-01	2.9532e-01	3.3268e+00	0.0000e+00
7.6566e-01	2.9565e-01	3.3271e+00	0.0000e+00
7.6269e-01	2.9554e-01	3.3289e+00	0.0000e+00
7.6090e-01	2.9501e-01	3.3327e+00	0.0000e+00
7.5867e-01	2.9450e-01	3.3389e+00	0.0000e+00
7.5675e-01	2.9381e-01	3.3466e+00	0.0000e+00
7.5597e-01	2.9295e-01	3.3501e+00	0.0000e+00
7.5583e-01	2.9224e-01	3.3543e+00	0.0000e+00
7.5581e-01	2.9179e-01	3.3588e+00	0.0000e+00
7.5547e-01	2.9172e-01	3.3642e+00	0.0000e+00
7.5488e-01	2.9197e-01	3.3699e+00	0.0000e+00
7.5441e-01	2.9233e-01	3.3746e+00	0.0000e+00
7.5504e-01	2.9249e-01	3.3773e+00	0.0000e+00
7.5742e-01	2.9231e-01	3.3777e+00	0.0000e+00
7.6013e-01	2.9216e-01	3.3764e+00	0.0000e+00
7.6074e-01	2.9228e-01	3.3741e+00	0.0000e+00
7.5888e-01	2.9249e-01	3.3718e+00	0.0000e+00
7.5505e-01	2.9281e-01	3.3708e+00	0.0000e+00
7.5057e-01	2.9320e-01	3.3726e+00	0.0000e+00
7.4768e-01	2.9340e-01	3.3776e+00	0.0000e+00
7.4750e-01	2.9324e-01	3.3843e+00	0.0000e+00
7.4910e-01	2.9275e-01	3.3915e+00	0.0000e+00
7.5019e-01	2.9225e-01	3.3989e+00	0.0000e+00
7.5010e-01	2.9189e-01	3.4070e+00	0.0000e+00
7.4899e-01	2.9198e-01	3.4162e+00	0.0000e+00
7.4745e-01	2.9266e-01	3.4264e+00	0.0000e+00
7.4598e-01	2.9363e-01	3.4367e+00	0.0000e+00
7.4411e-01	2.9447e-01	3.4478e+00	0.0000e+00
7.4177e-01	2.9490e-01	3.4559e+00	0.0000e+00
7.3846e-01	2.9504e-01	3.4598e+00	0.0000e+00
7.3416e-01	2.9516e-01	3.4617e+00	0.0000e+00
7.2993e-01	2.9527e-01	3.4623e+00	0.0000e+00
7.2786e-01	2.9531e-01	3.4624e+00	0.0000e+00
7.2904e-01	2.9498e-01	3.4620e+00	0.0000e+00
7.3381e-01	2.9389e-01	3.4608e+00	0.0000e+00
7.4114e-01	2.9175e-01	3.4584e+00	0.0000e+00
7.4895e-01	2.8966e-01	3.4558e+00	0.0000e+00
7.5592e-01	2.8816e-01	3.4534e+00	0.0000e+00
7.6303e-01	2.8713e-01	3.4515e+00	0.0000e+00
7.7248e-01	2.8626e-01	3.4498e+00	0.0000e+00
7.8353e-01	2.8554e-01	3.4480e+00	0.0000e+00
7.9443e-01	2.8499e-01	3.4458e+00	0.0000e+00
8.0378e-01	2.8448e-01	3.4430e+00	0.0000e+00
8.1144e-01	2.8389e-01	3.4399e+00	0.0000e+00
8.1831e-01	2.8317e-01	3.4368e+00	0.0000e+00
8.2448e-01	2.8257e-01	3.4337e+00	0.0000e+00
8.2845e-01	2.8231e-01	3.4303e+00	0.0000e+00
8.3027e-01	2.8225e-01	3.4260e+00	0.0000e+00
8.3213e-01	2.8222e-01	3.4226e+00	0.0000e+00
8.3518e-01	2.8216e-01	3.4207e+00	0.0000e+00
8.3832e-01	2.8206e-01	3.4192e+00	0.0000e+00
8.4028e-01	2.8195e-01	3.4178e+00	0.0000e+00
8.4065e-01	2.8186e-01	3.4162e+00	0.0000e+00
8.3952e-01	2.8200e-01	3.4142e+00	0.0000e+00
8.3789e-01	2.8254e-01	3.4120e+00	0.0000e+00
8.3689e-01	2.8305e-01	3.4094e+00	0.0000e+00
8.3637e-01	2.8348e-01	3.4066e+00	0.0000e+00
8.3587e-01	2.8383e-01	3.4037e+00	0.0000e+00
8.3548e-01	2.8389e-01	3.4008e+00	0.0000e+00
8.3556e-01	2.8378e-01	3.3980e+00	0.0000e+00
8.3582e-01	2.8356e-01	3.3953e+00	0.0000e+00
8.3601e-01	2.8330e-01	3.3929e+00	0.0000e+00
8.3573e-01	2.8305e-01	3.3911e+00	0.0000e+00
8.3576e-01	2.8286e-01	3.3895e+00	0.0000e+00
8.3711e-01	2.8235e-01	3.3861e+00	0.0000e+00
8.3996e-01	2.8164e-01	3.3822e+00	0.0000e+00
8.4379e-01	2.8108e-01	3.3793e+00	0.0000e+00
8.4849e-01	2.8053e-01	3.3775e+00	0.0000e+00
8.5512e-01	2.7955e-01	3.3765e+00	0.0000e+00
8.6322e-01	2.7817e-01	3.3761e+00	0.0000e+00
8.7133e-01	2.7659e-01	3.3757e+00	0.0000e+00
8.7767e-01	2.7506e-01	3.3746e+00	0.0000e+00
8.8103e-01	2.7387e-01	3.3733e+00	0.0000e+00
8.8141e-01	2.7322e-01	3.3724e+00	0.0000e+00
8.7956e-01	2.7341e-01	3.3724e+00	0.0000e+00
8.7706e-01	2.7390e-01	3.3728e+00	0.0000e+00
8.7466e-01	2.7432e-01	3.3730e+00	0.0000e+00
8.7287e-01	2.7431e-01	3.3726e+00	0.0000e+00
8.7152e-01	2.7408e-01	3.3719e+00	0.0000e+00
8.6980e-01	2.7403e-01	3.3708e+00	0.0000e+00
8.6719e-01	2.7438e-01	3.3694e+00	0.0000e+00
8.6432e-01	2.7490e-01	3.3680e+00	0.0000e+00
8.6213e-01	2.7537e-01	3.3668e+00	0.0000e+00
8.6126e-01	2.7572e-01	3.3659e+00	0.0000e+00
8.6126e-01	2.7586e-01	3.3650e+00	0.0000e+00
8.6139e-01	2.7581e-01	3.3640e+00	0.0000e+00
8.6082e-01	2.7590e-01	3.3630e+00	0.0000e+00
8.5865e-01	2.7642e-01	3.3620e+00	0.0000e+00
8.5499e-01	2.7745e-01	3.3611e+00	0.0000e+00
8.5109e-01	2.7828e-01	3.3600e+00	0.0000e+00
8.4799e-01	2.7873e-01	3.3589e+00	0.0000e+00
8.4595e-01	2.7892e-01	3.3581e+00	0.0000e+00
8.4395e-01	2.7928e-01	3.3572e+00	0.0000e+00
8.4164e-01	2.8017e-01	3.3562e+00	0.0000e+00
8.3890e-01	2.8138e-01	3.3551e+00	0.0000e+00
8.3598e-01	2.8235e-01	3.3541e+00	0.0000e+00
8.3325e-01	2.8302e-01	3.3533e+00	0.0000e+00
8.3137e-01	2.8329e-01	3.3526e+00	0.0000e+00
8.3070e-01	2.8322e-01	3.3521e+00	0.0000e+00
8.3073e-01	2.8284e-01	3.3518e+00	0.0000e+00
8.3107e-01	2.8221e-01	3.3515e+00	0.0000e+00
8.3171e-01	2.8147e-01	3.3511e+00	0.0000e+00
8.3189e-01	2.8090e-01	3.3506e+00	0.0000e+00
8.3136e-01	2.8057e-01	3.3498e+00	0.0000e+00
8.3111e-01	2.8039e-01	3.3487e+00	0.0000e+00
8.3096e-01	2.8040e-01	3.3475e+00	0.0000e+00
8.3112e-01	2.8055e-01	3.3463e+00	0.0000e+00
8.3124e-01	2.8070e-01	3.3452e+00	0.0000e+00
8.2949e-01	2.8113e-01	3.3437e+00	0.0000e+00
8.2613e-01	2.8194e-01	3.3416e+00	0.0000e+00
8.2262e-01	2.8287e-01	3.3390e+00	0.0000e+00
8.2033e-01	2.8367e-01	3.3359e+00	0.0000e+00
8.1938e-01	2.8420e-01	3.3338e+00	0.0000e+00
8.1862e-01	2.8455e-01	3.3320e+00	0.0000e+00
8.1782e-01	2.8470e-01	3.3306e+00	0.0000e+00
8.1712e-01	2.8476e-01	3.3296e+00	0.0000e+00
8.1594e-01	2.8481e-01	3.3291e+00	0.0000e+00
8.1406e-01	2.8490e-01	3.3284e+00	0.0000e+00
8.1190e-01	2.8513e-01	3.3275e+00	0.0000e+00
8.1045e-01	2.8551e-01	3.3268e+00	0.0000e+00
8.1096e-01	2.8580e-01	3.3267e+00	0.0000e+00
8.1327e-01	2.8604e-01	3.3275e+00	0.0000e+00
8.1556e-01	2.8646e-01	3.3294e+00	0.0000e+00
8.1698e-01	2.8717e-01	3.3323e+00	0.0000e+00
8.1745e-01	2.8811e-01	3.3357e+00	0.0000e+00
8.1735e-01	2.8913e-01	3.3390e+00	0.0000e+00
8.1745e-01	2.8992e-01	3.3417e+00	0.0000e+00
8.1803e-01	2.8995e-01	3.3437e+00	0.0000e+00
8.1879e-01	2.8893e-01	3.3448e+00	0.0000e+00
8.1910e-01	2.8749e-01	3.3450e+00	0.0000e+00
8.1912e-01	2.8620e-01	3.3443e+00	0.0000e+00
8.1962e-01	2.8504e-01	3.3428e+00	0.0000e+00
8.2134e-01	2.8420e-01	3.3404e+00	0.0000e+00
8.2452e-01	2.8369e-01	3.3373e+00	0.0000e+00
8.2843e-01	2.8348e-01	3.3346e+00	0.0000e+00
8.3190e-01	2.8320e-01	3.3322e+00	0.0000e+00
8.3439e-01	2.8266e-01	3.3303e+00	0.0000e+00
8.3668e-01	2.8166e-01	3.3296e+00	0.0000e+00
8.3961e-01	2.8010e-01	3.3301e+00	0.0000e+00
8.4349e-01	2.7843e-01	3.3307e+00	0.0000e+00
8.4805e-01	2.7688e-01	3.3307e+00	0.0000e+00
8.5290e-01	2.7542e-01	3.3301e+00	0.0000e+00
8.5777e-01	2.7359e-01	3.3290e+00	0.0000e+00
8.6226e-01	2.7109e-01	3.3275e+00	0.0000e+00
8.6546e-01	2.6833e-01	3.3259e+00	0.0000e+00
8.6694e-01	2.6628e-01	3.3241e+00	0.0000e+00
8.6799e-01	2.6507e-01	3.3222e+00	0.0000e+00
8.7033e-01	2.6447e-01	3.3205e+00	0.0000e+00
8.7378e-01	2.6408e-01	3.3190e+00	0.0000e+00
8.7740e-01	2.6366e-01	3.3178e+00	0.0000e+00
8.8031e-01	2.6339e-01	3.3170e+00	0.0000e+00
8.8219e-01	2.6348e-01	3.3162e+00	0.0000e+00
8.8331e-01	2.6370e-01	3.3122e+00	0.0000e+00
8.8481e-01	2.6383e-01	3.3070e+00	0.0000e+00
8.8691e-01	2.6395e-01	3.3038e+00	0.0000e+00
8.8879e-01	2.6434e-01	3.3014e+00	0.0000e+00
8.8967e-01	2.6514e-01	3.2997e+00	0.0000e+00
8.8961e-01	2.6633e-01	3.2986e+00	0.0000e+00
8.8895e-01	2.6771e-01	3.2977e+00	0.0000e+00
8.8807e-01	2.6927e-01	3.2967e+00	0.0000e+00
8.8693e-01	2.7082e-01	3.2957e+00	0.0000e+00
8.8547e-01	2.7185e-01	3.2945e+00	0.0000e+00
8.8364e-01	2.7246e-01	3.2931e+00	0.0000e+00
8.8134e-01	2.7288e-01	3.2915e+00	0.0000e+00
8.7912e-01	2.7316e-01	3.2900e+00	0.0000e+00
8.7780e-01	2.7320e-01	3.2885e+00	0.0000e+00
8.7804e-01	2.7305e-01	3.2871e+00	0.0000e+00
8.7993e-01	2.7281e-01	3.2858e+00	0.0000e+00
8.8329e-01	2.7256e-01	3.2848e+00	0.0000e+00
8.8637e-01	2.7257e-01	3.2842e+00	0.0000e+00
8.8870e-01	2.7267e-01	3.2838e+00	0.0000e+00
8.9010e-01	2.7273e-01	3.2838e+00	0.0000e+00
8.9105e-01	2.7266e-01	3.2839e+00	0.0000e+00
8.9224e-01	2.7224e-01	3.2845e+00	0.0000e+00
8.9371e-01	2.7121e-01	3.2855e+00	0.0000e+00
8.9491e-01	2.6969e-01	3.2874e+00	0.0000e+00
8.9572e-01	2.6817e-01	3.2904e+00	0.0000e+00
8.9645e-01	2.6699e-01	3.2930e+00	0.0000e+00
8.9800e-01	2.6606e-01	3.2946e+00	0.0000e+00
9.0163e-01	2.6523e-01	3.2963e+00	0.0000e+00
9.0715e-01	2.6437e-01	3.2987e+00	0.0000e+00
9.1263e-01	2.6366e-01	3.3021e+00	0.0000e+00
9.1543e-01	2.6322e-01	3.3062e+00	0.0000e+00
9.1517e-01	2.6309e-01	3.3106e+00	0.0000e+00
9.1267e-01	2.6325e-01	3.3149e+00	0.0000e+00
9.0933e-01	2.6357e-01	3.3183e+00	0.0000e+00
9.0548e-01	2.6401e-01	3.3207e+00	0.0000e+00
9.0205e-01	2.6447e-01	3.3223e+00	0.0000e+00
8.9845e-01	2.6499e-01	3.3232e+00	0.0000e+00
8.9289e-01	2.6574e-01	3.3236e+00	0.0000e+00
8.8584e-01	2.6667e-01	3.3235e+00	0.0000e+00
8.7820e-01	2.6777e-01	3.3230e+00	0.0000e+00
8.7107e-01	2.6897e-01	3.3222e+00	0.0000e+00
8.6422e-01	2.7034e-01	3.3212e+00	0.0000e+00
8.5711e-01	2.7212e-01	3.3200e+00	0.0000e+00
8.4984e-01	2.7374e-01	3.3191e+00	0.0000e+00
8.4325e-01	2.7452e-01	3.3180e+00	0.0000e+00
8.3811e-01	2.7479e-01	3.3167e+00	0.0000e+00
8.3300e-01	2.7502e-01	3.3152e+00	0.0000e+00
8.2684e-01	2.7536e-01	3.3134e+00	0.0000e+00
8.2009e-01	2.7593e-01	3.3114e+00	0.0000e+00
8.1384e-01	2.7682e-01	3.3092e+00	0.0000e+00
8.0923e-01	2.7791e-01	3.3072e+00	0.0000e+00
8.0716e-01	2.7882e-01	3.3052e+00	0.0000e+00
8.0636e-01	2.7887e-01	3.3033e+00	0.0000e+00
8.0529e-01	2.7877e-01	3.3017e+00	0.0000e+00
8.0410e-01	2.7861e-01	3.3001e+00	0.0000e+00
8.0322e-01	2.7826e-01	3.2978e+00	0.0000e+00
8.0283e-01	2.7779e-01	3.2954e+00	0.0000e+00
8.0223e-01	2.7738e-01	3.2925e+00	0.0000e+00
8.0153e-01	2.7717e-01	3.2895e+00	0.0000e+00
8.0122e-01	2.7723e-01	3.2871e+00	0.0000e+00
8.0170e-01	2.7732e-01	3.2849e+00	0.0000e+00
8.0242e-01	2.7729e-01	3.2832e+00	0.0000e+00
8.0216e-01	2.7761e-01	3.2815e+00	0.0000e+00
7.9987e-01	2.7846e-01	3.2797e+00	0.0000e+00
7.9562e-01	2.7972e-01	3.2776e+00	0.0000e+00
7.9026e-01	2.8095e-01	3.2744e+00	0.0000e+00
7.8355e-01	2.8224e-01	3.2719e+00	0.0000e+00
7.7605e-01	2.8364e-01	3.2717e+00	0.0000e+00
7.6921e-01	2.8495e-01	3.2737e+00	0.0000e+00
7.6568e-01	2.8573e-01	3.2766e+00	0.0000e+00
7.6776e-01	2.8577e-01	3.2797e+00	0.0000e+00
7.7545e-01	2.8524e-01	3.2823e+00	0.0000e+00
7.8698e-01	2.8404e-01	3.2840e+00	0.0000e+00
7.9838e-01	2.8276e-01	3.2847e+00	0.0000e+00
8.0689e-01	2.8162e-01	3.2846e+00	0.0000e+00
8.1087e-01	2.8095e-01	3.2840e+00	0.0000e+00
8.1191e-01	2.8070e-01	3.2833e+00	0.0000e+00
8.1246e-01	2.8045e-01	3.2829e+00	0.0000e+00
8.1365e-01	2.8004e-01	3.2829e+00	0.0000e+00
8.1518e-01	2.7969e-01	3.2834e+00	0.0000e+00
8.1647e-01	2.7958e-01	3.2846e+00	0.0000e+00
8.1709e-01	2.7971e-01	3.2874e+00	0.0000e+00
8.1729e-01	2.7999e-01	3.2902e+00	0.0000e+00
8.1716e-01	2.8029e-01	3.2934e+00	0.0000e+00
8.1705e-01	2.8054e-01	3.2969e+00	0.0000e+00
8.1726e-01	2.8071e-01	3.2988e+00	0.0000e+00
8.1788e-01	2.8060e-01	3.2997e+00	0.0000e+00
8.1805e-01	2.8074e-01	3.2996e+00	0.0000e+00
8.1741e-01	2.8120e-01	3.2986e+00	0.0000e+00
8.1681e-01	2.8168e-01	3.2966e+00	0.0000e+00
8.1723e-01	2.8189e-01	3.2938e+00	0.0000e+00
8.1832e-01	2.8172e-01	3.2908e+00	0.0000e+00
8.1981e-01	2.8130e-01	3.2881e+00	0.0000e+00
8.2168e-01	2.8099e-01	3.2862e+00	0.0000e+00
8.2386e-01	2.8080e-01	3.2856e+00	0.0000e+00
8.2609e-01	2.8059e-01	3.2855e+00	0.0000e+00
8.2820e-01	2.8024e-01	3.2849e+00	0.0000e+00
8.2998e-01	2.7984e-01	3.2842e+00	0.0000e+00
8.3127e-01	2.7958e-01	3.2832e+00	0.0000e+00
8.3161e-01	2.7962e-01	3.2822e+00	0.0000e+00
8.3128e-01	2.7983e-01	3.2814e+00	0.0000e+00
8.3071e-01	2.8015e-01	3.2814e+00	0.0000e+00
8.2934e-01	2.8065e-01	3.2811e+00	0.0000e+00
8.2688e-01	2.8110e-01	3.2777e+00	0.0000e+00
8.2353e-01	2.8137e-01	3.2750e+00	0.0000e+00
8.2046e-01	2.8132e-01	3.2770e+00	0.0000e+00
8.1841e-01	2.8103e-01	3.2843e+00	0.0000e+00
8.1713e-01	2.8082e-01	3.2968e+00	0.0000e+00
8.1616e-01	2.8096e-01	3.3131e+00	0.0000e+00
8.1585e-01	2.8124e-01	3.3313e+00	0.0000e+00
8.1669e-01	2.8149e-01	3.3493e+00	0.0000e+00
8.1852e-01	2.8167e-01	3.3657e+00	0.0000e+00
8.2087e-01	2.8177e-01	3.3793e+00	0.0000e+00
8.2330e-01	2.8173e-01	3.3895e+00	0.0000e+00
8.2641e-01	2.8167e-01	3.3961e+00	0.0000e+00
8.2999e-01	2.8166e-01	3.3996e+00	0.0000e+00
8.3344e-01	2.8158e-01	3.4005e+00	0.0000e+00
8.3571e-01	2.8142e-01	3.3993e+00	0.0000e+00
8.3608e-01	2.8161e-01	3.3966e+00	0.0000e+00
8.3692e-01	2.8174e-01	3.3929e+00	0.0000e+00
8.3979e-01	2.8141e-01	3.3889e+00	0.0000e+00
8.4322e-01	2.8077e-01	3.3857e+00	0.0000e+00
8.4623e-01	2.7994e-01	3.3852e+00	0.0000e+00
8.4922e-01	2.7906e-01	3.3899e+00	0.0000e+00
8.5289e-01	2.7818e-01	3.4062e+00	0.0000e+00
8.5780e-01	2.7725e-01	3.4321e+00	0.0000e+00
8.6385e-01	2.7630e-01	3.4568e+00	0.0000e+00
8.7099e-01	2.7552e-01	3.4810e+00	0.0000e+00
8.7794e-01	2.7513e-01	3.5027e+00	0.0000e+00
8.8468e-01	2.7507e-01	3.5217e+00	0.0000e+00
8.9142e-01	2.7499e-01	3.5357e+00	0.0000e+00
8.9755e-01	2.7488e-01	3.5434e+00	0.0000e+00
9.0266e-01	2.7479e-01	3.5459e+00	0.0000e+00
9.0700e-01	2.7479e-01	3.5446e+00	0.0000e+00
9.0987e-01	2.7491e-01	3.5398e+00	0.0000e+00
9.1030e-01	2.7533e-01	3.5318e+00	0.0000e+00
9.0884e-01	2.7609e-01	3.5238e+00	0.0000e+00
9.0617e-01	2.7683e-01	3.5158e+00	0.0000e+00
9.0254e-01	2.7756e-01	3.5076e+00	0.0000e+00
8.9954e-01	2.7793e-01	3.4992e+00	0.0000e+00
8.9785e-01	2.7802e-01	3.4919e+00	0.0000e+00
8.9733e-01	2.7801e-01	3.4864e+00	0.0000e+00
8.9784e-01	2.7798e-01	3.4828e+00	0.0000e+00
8.9836e-01	2.7812e-01	3.4804e+00	0.0000e+00
8.9754e-01	2.7871e-01	3.4789e+00	0.0000e+00
8.9531e-01	2.7955e-01	3.4779e+00	0.0000e+00
8.9315e-01	2.7997e-01	3.4774e+00	0.0000e+00
8.9219e-01	2.7997e-01	3.4768e+00	0.0000e+00
8.9260e-01	2.7978e-01	3.4760e+00	0.0000e+00
8.9374e-01	2.7954e-01	3.4755e+00	0.0000e+00
8.9510e-01	2.7935e-01	3.4727e+00	0.0000e+00
8.9606e-01	2.7926e-01	3.4656e+00	0.0000e+00
8.9615e-01	2.7915e-01	3.4570e+00	0.0000e+00
8.9559e-01	2.7889e-01	3.4506e+00	0.0000e+00
8.9471e-01	2.7822e-01	3.4475e+00	0.0000e+00
8.9423e-01	2.7711e-01	3.4479e+00	0.0000e+00
8.9458e-01	2.7587e-01	3.4529e+00	0.0000e+00
8.9521e-01	2.7473e-01	3.4608e+00	0.0000e+00
8.9558e-01	2.7385e-01	3.4678e+00	0.0000e+00
8.9597e-01	2.7342e-01	3.4726e+00	0.0000e+00
8.9620e-01	2.7322e-01	3.4746e+00	0.0000e+00
8.9621e-01	2.7299e-01	3.4744e+00	0.0000e+00
8.9593e-01	2.7275e-01	3.4726e+00	0.0000e+00
8.9494e-01	2.7270e-01	3.4704e+00	0.0000e+00
8.9364e-01	2.7281e-01	3.4676e+00	0.0000e+00
8.9278e-01	2.7285e-01	3.4608e+00	0.0000e+00
8.9198e-01	2.7270e-01	3.4519e+00	0.0000e+00
8.9099e-01	2.7235e-01	3.4471e+00	0.0000e+00
8.8930e-01	2.7197e-01	3.4458e+00	0.0000e+00
8.8744e-01	2.7164e-01	3.4472e+00	0.0000e+00
8.8603e-01	2.7143e-01	3.4499e+00	0.0000e+00
8.8498e-01	2.7144e-01	3.4539e+00	0.0000e+00
8.8398e-01	2.7164e-01	3.4594e+00	0.0000e+00
8.8299e-01	2.7183e-01	3.4622e+00	0.0000e+00
8.8204e-01	2.7193e-01	3.4584e+00	0.0000e+00
8.8090e-01	2.7217e-01	3.4505e+00	0.0000e+00
8.7885e-01	2.7295e-01	3.4434e+00	0.0000e+00
8.7486e-01	2.7427e-01	3.4392e+00	0.0000e+00
8.6962e-01	2.7567e-01	3.4370e+00	0.0000e+00
8.6452e-01	2.7668e-01	3.4360e+00	0.0000e+00
8.6048e-01	2.7725e-01	3.4349e+00	0.0000e+00
8.5741e-01	2.7742e-01	3.4335e+00	0.0000e+00
8.5562e-01	2.7730e-01	3.4322e+00	0.0000e+00
8.5479e-01	2.7709e-01	3.4313e+00	0.0000e+00
8.5607e-01	2.7662e-01	3.4313e+00	0.0000e+00
8.5907e-01	2.7588e-01	3.4320e+00	0.0000e+00
8.6238e-01	2.7493e-01	3.4332e+00	0.0000e+00
8.6422e-01	2.7389e-01	3.4341e+00	0.0000e+00
8.6356e-01	2.7294e-01	3.4328e+00	0.0000e+00
8.6150e-01	2.7209e-01	3.4311e+00	0.0000e+00
8.5988e-01	2.7134e-01	3.4301e+00	0.0000e+00
8.5959e-01	2.7066e-01	3.4294e+00	0.0000e+00
8.6076e-01	2.6974e-01	3.4288e+00	0.0000e+00
8.6318e-01	2.6879e-01	3.4275e+00	0.0000e+00
8.6597e-01	2.6855e-01	3.4257e+00	0.0000e+00
8.6785e-01	2.6876e-01	3.4224e+00	0.0000e+00
8.6826e-01	2.6899e-01	3.4199e+00	0.0000e+00
8.6657e-01	2.6905e-01	3.4209e+00	0.0000e+00
8.6353e-01	2.6869e-01	3.4267e+00	0.0000e+00
8.6099e-01	2.6790e-01	3.4354e+00	0.0000e+00
8.6017e-01	2.6694e-01	3.4469e+00	0.0000e+00
8.6102e-01	2.6615e-01	3.4605e+00	0.0000e+00
8.6294e-01	2.6590e-01	3.4749e+00	0.0000e+00
8.6480e-01	2.6610e-01	3.4883e+00	0.0000e+00
8.6579e-01	2.6668e-01	3.4996e+00	0.0000e+00
8.6572e-01	2.6754e-01	3.5079e+00	0.0000e+00
8.6488e-01	2.6865e-01	3.5131e+00	0.0000e+00
8.6385e-01	2.6972e-01	3.5136e+00	0.0000e+00
8.6305e-01	2.7024e-01	3.5103e+00	0.0000e+00
8.6271e-01	2.7006e-01	3.5023e+00	0.0000e+00
8.6222e-01	2.6965e-01	3.4954e+00	0.0000e+00
8.6159e-01	2.6905e-01	3.4898e+00	0.0000e+00
8.6100e-01	2.6813e-01	3.4856e+00	0.0000e+00
8.6109e-01	2.6682e-01	3.4824e+00	0.0000e+00
8.6211e-01	2.6540e-01	3.4805e+00	0.0000e+00
8.6357e-01	2.6431e-01	3.4811e+00	0.0000e+00
8.6465e-01	2.6358e-01	3.4871e+00	0.0000e+00
8.6520e-01	2.6307e-01	3.5026e+00	0.0000e+00
8.6542e-01	2.6274e-01	3.5278e+00	0.0000e+00
8.6459e-01	2.6274e-01	3.5602e+00	0.0000e+00
8.6060e-01	2.6326e-01	3.5957e+00	0.0000e+00
8.5311e-01	2.6415e-01	3.6300e+00	0.0000e+00
8.4336e-01	2.6528e-01	3.6597e+00	0.0000e+00
8.3400e-01	2.6639e-01	3.6828e+00	0.0000e+00
8.2719e-01	2.6720e-01	3.6989e+00	0.0000e+00
8.2412e-01	2.6760e-01	3.7090e+00	0.0000e+00
8.2355e-01	2.6757e-01	3.7146e+00	0.0000e+00
8.2351e-01	2.6756e-01	3.7180e+00	0.0000e+00
8.2282e-01	2.6771e-01	3.7174e+00	0.0000e+00
8.2170e-01	2.6790e-01	3.7126e+00	0.0000e+00
8.2105e-01	2.6773e-01	3.7066e+00	0.0000e+00
8.2104e-01	2.6725e-01	3.7004e+00	0.0000e+00
8.2119e-01	2.6677e-01	3.6954e+00	0.0000e+00
8.2114e-01	2.6645e-01	3.6917e+00	0.0000e+00
8.2111e-01	2.6629e-01	3.6938e+00	0.0000e+00
8.2120e-01	2.6618e-01	3.7040e+00	0.0000e+00
8.2071e-01	2.6623e-01	3.7210e+00	0.0000e+00
8.1993e-01	2.6645e-01	3.7415e+00	0.0000e+00
8.1954e-01	2.6655e-01	3.7611e+00	0.0000e+00
8.1924e-01	2.6645e-01	3.7760e+00	0.0000e+00
8.1851e-01	2.6627e-01	3.7849e+00	0.0000e+00
8.1753e-01	2.6595e-01	3.7873e+00	0.0000e+00
8.1640e-01	2.6551e-01	3.7850e+00	0.0000e+00
8.1494e-01	2.6512e-01	3.7791e+00	0.0000e+00
8.1333e-01	2.6487e-01	3.7710e+00	0.0000e+00
8.1192e-01	2.6497e-01	3.7626e+00	0.0000e+00
8.1072e-01	2.6543e-01	3.7583e+00	0.0000e+00
8.0957e-01	2.6610e-01	3.7660e+00	0.0000e+00
8.0846e-01	2.6682e-01	3.7856e+00	0.0000e+00
8.0772e-01	2.6744e-01	3.8166e+00	0.0000e+00
8.0747e-01	2.6792e-01	3.8527e+00	0.0000e+00
8.0745e-01	2.6816e-01	3.8897e+00	0.0000e+00
8.0808e-01	2.6806e-01	3.9242e+00	0.0000e+00
8.1018e-01	2.6768e-01	3.9535e+00	0.0000e+00
8.1337e-01	2.6737e-01	3.9755e+00	0.0000e+00
8.1670e-01	2.6722e-01	3.9891e+00	0.0000e+00
8.1949e-01	2.6712e-01	3.9954e+00	0.0000e+00
8.2137e-01	2.6677e-01	3.9966e+00	0.0000e+00
8.2263e-01	2.6606e-01	3.9919e+00	0.0000e+00
8.2237e-01	2.6532e-01	3.9868e+00	0.0000e+00
8.2011e-01	2.6471e-01	3.9854e+00	0.0000e+00
8.1680e-01	2.6429e-01	3.9877e+00	0.0000e+00
8.1297e-01	2.6427e-01	3.9909e+00	0.0000e+00
8.0903e-01	2.6474e-01	3.9930e+00	0.0000e+00
8.0579e-01	2.6512e-01	3.9925e+00	0.0000e+00
8.0481e-01	2.6501e-01	3.9900e+00	0.0000e+00
8.0649e-01	2.6460e-01	3.9867e+00	0.0000e+00
8.1097e-01	2.6397e-01	3.9890e+00	0.0000e+00
8.1701e-01	2.6306e-01	4.0028e+00	0.0000e+00
8.2075e-01	2.6233e-01	4.0285e+00	0.0000e+00
8.1992e-01	2.6223e-01	4.0616e+00	0.0000e+00
8.1627e-01	2.6264e-01	4.0989e+00	0.0000e+00
8.1190e-01	2.6331e-01	4.1355e+00	0.0000e+00
8.0777e-01	2.6390e-01	4.1699e+00	0.0000e+00
8.0378e-01	2.6452e-01	4.1986e+00	0.0000e+00
7.9955e-01	2.6510e-01	4.2200e+00	0.0000e+00
7.9474e-01	2.6559e-01	4.2355e+00	0.0000e+00
7.8983e-01	2.6579e-01	4.2423e+00	0.0000e+00
7.8597e-01	2.6566e-01	4.2472e+00	0.0000e+00
7.8246e-01	2.6526e-01	4.2575e+00	0.0000e+00
7.7767e-01	2.6482e-01	4.2781e+00	0.0000e+00
7.7128e-01	2.6450e-01	4.3087e+00	0.0000e+00
7.6410e-01	2.6429e-01	4.3429e+00	0.0000e+00
7.5730e-01	2.6431e-01	4.3747e+00	0.0000e+00
7.5249e-01	2.6462e-01	4.4106e+00	0.0000e+00
7.5090e-01	2.6496e-01	4.4353e+00	0.0000e+00
7.5111e-01	2.6535e-01	4.4564e+00	0.0000e+00
7.5176e-01	2.6584e-01	4.4771e+00	0.0000e+00
7.5240e-01	2.6612e-01	4.4853e+00	0.0000e+00
7.5210e-01	2.6629e-01	4.4874e+00	0.0000e+00
7.5144e-01	2.6628e-01	4.4849e+00	0.0000e+00
7.5114e-01	2.6622e-01	4.4795e+00	0.0000e+00
7.5245e-01	2.6615e-01	4.4762e+00	0.0000e+00
7.5653e-01	2.6575e-01	4.4753e+00	0.0000e+00
7.6262e-01	2.6470e-01	4.4737e+00	0.0000e+00
7.6806e-01	2.6335e-01	4.4702e+00	0.0000e+00
7.7084e-01	2.6254e-01	4.4626e+00	0.0000e+00
7.7125e-01	2.6224e-01	4.4525e+00	0.0000e+00
7.7025e-01	2.6212e-01	4.4444e+00	0.0000e+00
7.6885e-01	2.6200e-01	4.4443e+00	0.0000e+00
7.6745e-01	2.6191e-01	4.4554e+00	0.0000e+00
7.6554e-01	2.6194e-01	4.4751e+00	0.0000e+00
7.6391e-01	2.6187e-01	4.4866e+00	0.0000e+00
7.6322e-01	2.6171e-01	4.4211e+00	0.0000e+00
7.6354e-01	2.6176e-01	4.3102e+00	0.0000e+00
7.6395e-01	2.6208e-01	4.2051e+00	0.0000e+00
7.6369e-01	2.6259e-01	4.1150e+00	0.0000e+00
7.6302e-01	2.6306e-01	4.0706e+00	0.0000e+00
7.6287e-01	2.6307e-01	4.0624e+00	0.0000e+00
7.6326e-01	2.6309e-01	4.0662e+00	0.0000e+00
7.6449e-01	2.6322e-01	4.0780e+00	0.0000e+00
7.6638e-01	2.6346e-01	4.0931e+00	0.0000e+00
7.6824e-01	2.6366e-01	4.0974e+00	0.0000e+00
7.6950e-01	2.6369e-01	4.0930e+00	0.0000e+00
7.6959e-01	2.6364e-01	4.0865e+00	0.0000e+00
7.6844e-01	2.6368e-01	4.0864e+00	0.0000e+00
7.6672e-01	2.6388e-01	4.0960e+00	0.0000e+00
7.6508e-01	2.6398e-01	4.1144e+00	0.0000e+00
7.6425e-01	2.6395e-01	4.1407e+00	0.0000e+00
7.6394e-01	2.6383e-01	4.1756e+00	0.0000e+00
7.6347e-01	2.6364e-01	4.2156e+00	0.0000e+00
7.6282e-01	2.6349e-01	4.2578e+00	0.0000e+00
7.6240e-01	2.6342e-01	4.2980e+00	0.0000e+00
7.6275e-01	2.6335e-01	4.3292e+00	0.0000e+00
7.6349e-01	2.6336e-01	4.3512e+00	0.0000e+00
7.6437e-01	2.6334e-01	4.3667e+00	0.0000e+00
7.6513e-01	2.6306e-01	4.3802e+00	0.0000e+00
7.6601e-01	2.6242e-01	4.4008e+00	0.0000e+00
7.6680e-01	2.6174e-01	4.4266e+00	0.0000e+00
7.6709e-01	2.6142e-01	4.4502e+00	0.0000e+00
7.6718e-01	2.6149e-01	4.4739e+00	0.0000e+00
7.6724e-01	2.6187e-01	4.4962e+00	0.0000e+00
7.6619e-01	2.6262e-01	4.5154e+00	0.0000e+00
7.6352e-01	2.6363e-01	4.5298e+00	0.0000e+00
7.5849e-01	2.6498e-01	4.5389e+00	0.0000e+00
7.5172e-01	2.6669e-01	4.5438e+00	0.0000e+00
7.4491e-01	2.6844e-01	4.5470e+00	0.0000e+00
7.3975e-01	2.7002e-01	4.5545e+00	0.0000e+00
7.3703e-01	2.7126e-01	4.5605e+00	0.0000e+00
7.3664e-01	2.7200e-01	4.5610e+00	0.0000e+00
7.3780e-01	2.7227e-01	4.5582e+00	0.0000e+00
7.3981e-01	2.7220e-01	4.5510e+00	0.0000e+00
7.4172e-01	2.7199e-01	4.5387e+00	0.0000e+00
7.4241e-01	2.7184e-01	4.5224e+00	0.0000e+00
7.4151e-01	2.7184e-01	4.5040e+00	0.0000e+00
7.4006e-01	2.7196e-01	4.4848e+00	0.0000e+00
7.3936e-01	2.7218e-01	4.4789e+00	0.0000e+00
7.4003e-01	2.7247e-01	4.4884e+00	0.0000e+00
7.4156e-01	2.7285e-01	4.5089e+00	0.0000e+00
7.4277e-01	2.7321e-01	4.5382e+00	0.0000e+00
7.4307e-01	2.7337e-01	4.5735e+00	0.0000e+00
7.4248e-01	2.7327e-01	4.6127e+00	0.0000e+00
7.4096e-01	2.7324e-01	4.6536e+00	0.0000e+00
7.3869e-01	2.7341e-01	4.6942e+00	0.0000e+00
7.3691e-01	2.7356e-01	4.7294e+00	0.0000e+00
7.3662e-01	2.7340e-01	4.7479e+00	0.0000e+00
7.3739e-01	2.7287e-01	4.7518e+00	0.0000e+00
7.3825e-01	2.7212e-01	4.7492e+00	0.0000e+00
7.3836e-01	2.7173e-01	4.7496e+00	0.0000e+00
7.3754e-01	2.7180e-01	4.7605e+00	0.0000e+00
7.3673e-01	2.7207e-01	4.7851e+00	0.0000e+00
7.3661e-01	2.7270e-01	4.8214e+00	0.0000e+00
7.3736e-01	2.7357e-01	4.8616e+00	0.0000e+00
7.3848e-01	2.7446e-01	4.8990e+00	0.0000e+00
7.3947e-01	2.7493e-01	4.9292e+00	0.0000e+00
7.4022e-01	2.7482e-01	4.9487e+00	0.0000e+00
7.4224e-01	2.7412e-01	4.9558e+00	0.0000e+00
7.4701e-01	2.7295e-01	4.9521e+00	0.0000e+00
7.5397e-01	2.7167e-01	4.9333e+00	0.0000e+00
7.6125e-01	2.7057e-01	4.8992e+00	0.0000e+00
7.6757e-01	2.6977e-01	4.8624e+00	0.0000e+00
7.7233e-01	2.6916e-01	4.8257e+00	0.0000e+00
7.7525e-01	2.6855e-01	4.7940e+00	0.0000e+00
7.7641e-01	2.6800e-01	4.7737e+00	0.0000e+00
7.7684e-01	2.6775e-01	4.7512e+00	0.0000e+00
7.7784e-01	2.6759e-01	4.7270e+00	0.0000e+00
7.7975e-01	2.6736e-01	4.7107e+00	0.0000e+00
7.8219e-01	2.6701e-01	4.6957e+00	0.0000e+00
7.8500e-01	2.6654e-01	4.6805e+00	0.0000e+00
7.8812e-01	2.6597e-01	4.6649e+00	0.0000e+00
7.9114e-01	2.6552e-01	4.6425e+00	0.0000e+00
7.9343e-01	2.6524e-01	4.6126e+00	0.0000e+00
7.9558e-01	2.6498e-01	4.5894e+00	0.0000e+00
7.9942e-01	2.6468e-01	4.5828e+00	0.0000e+00
8.0632e-01	2.6415e-01	4.5958e+00	0.0000e+00
8.1496e-01	2.6335e-01	4.6286e+00	0.0000e+00
8.2343e-01	2.6227e-01	4.6808e+00	0.0000e+00
8.2949e-01	2.6114e-01	4.7385e+00	0.0000e+00
8.3235e-01	2.6071e-01	4.7870e+00	0.0000e+00
8.3533e-01	2.6111e-01	4.8171e+00	0.0000e+00
8.4068e-01	2.6176e-01	4.8209e+00	0.0000e+00
8.4808e-01	2.6248e-01	4.8141e+00	0.0000e+00
8.5611e-01	2.6320e-01	4.8074e+00	0.0000e+00
8.6312e-01	2.6381e-01	4.8068e+00	0.0000e+00
8.6822e-01	2.6415e-01	4.8204e+00	0.0000e+00
8.7167e-01	2.6396e-01	4.8517e+00	0.0000e+00
8.7427e-01	2.6348e-01	4.8953e+00	0.0000e+00
8.7650e-01	2.6284e-01	4.9437e+00	0.0000e+00
8.7855e-01	2.6212e-01	4.9894e+00	0.0000e+00
8.8046e-01	2.6132e-01	5.0255e+00	0.0000e+00
8.8258e-01	2.6038e-01	5.0515e+00	0.0000e+00
8.8457e-01	2.5948e-01	5.0625e+00	0.0000e+00
8.8560e-01	2.5882e-01	5.0692e+00	0.0000e+00
8.8448e-01	2.5861e-01	5.0823e+00	0.0000e+00
8.8139e-01	2.5889e-01	5.1077e+00	0.0000e+00
8.7809e-01	2.5963e-01	5.1457e+00	0.0000e+00
8.7558e-01	2.6069e-01	5.1889e+00	0.0000e+00
8.7493e-01	2.6145e-01	5.2272e+00	0.0000e+00
8.7565e-01	2.6173e-01	5.2450e+00	0.0000e+00
8.7698e-01	2.6179e-01	5.2345e+00	0.0000e+00
8.7828e-01	2.6189e-01	5.2117e+00	0.0000e+00
8.7883e-01	2.6218e-01	5.1824e+00	0.0000e+00
8.7927e-01	2.6230e-01	5.1437e+00	0.0000e+00
8.7978e-01	2.6215e-01	5.1143e+00	0.0000e+00
8.7880e-01	2.6224e-01	5.0887e+00	0.0000e+00
8.7464e-01	2.6286e-01	5.0708e+00	0.0000e+00
8.6719e-01	2.6385e-01	5.0672e+00	0.0000e+00
8.5752e-01	2.6503e-01	5.0821e+00	0.0000e+00
8.4749e-01	2.6627e-01	5.1105e+00	0.0000e+00
8.3949e-01	2.6736e-01	5.1440e+00	0.0000e+00
8.3501e-01	2.6808e-01	5.1743e+00	0.0000e+00
8.3328e-01	2.6830e-01	5.1962e+00	0.0000e+00
8.3334e-01	2.6820e-01	5.2073e+00	0.0000e+00
8.3391e-01	2.6820e-01	5.2087e+00	0.0000e+00
8.3437e-01	2.6810e-01	5.2053e+00	0.0000e+00
8.3492e-01	2.6801e-01	5.2049e+00	0.0000e+00
8.3555e-01	2.6800e-01	5.2075e+00	0.0000e+00
8.3514e-01	2.6820e-01	5.2050e+00	0.0000e+00
8.3303e-01	2.6862e-01	5.1992e+00	0.0000e+00
8.3049e-01	2.6896e-01	5.1925e+00	0.0000e+00
8.2868e-01	2.6912e-01	5.1812e+00	0.0000e+00
8.2829e-01	2.6916e-01	5.1664e+00	0.0000e+00
8.2895e-01	2.6929e-01	5.1563e+00	0.0000e+00
8.3007e-01	2.6928e-01	5.1433e+00	0.0000e+00
8.3183e-01	2.6881e-01	5.1369e+00	0.0000e+00
8.3363e-01	2.6798e-01	5.1511e+00	0.0000e+00
8.3562e-01	2.6685e-01	5.1849e+00	0.0000e+00
8.3908e-01	2.6560e-01	5.2320e+00	0.0000e+00
8.4411e-01	2.6451e-01	5.2825e+00	0.0000e+00
8.5016e-01	2.6382e-01	5.3269e+00	0.0000e+00
8.5538e-01	2.6369e-01	5.3562e+00	0.0000e+00
8.5875e-01	2.6381e-01	5.3730e+00	0.0000e+00
8.6004e-01	2.6386e-01	5.3833e+00	0.0000e+00
8.5965e-01	2.6380e-01	5.3926e+00	0.0000e+00
8.5777e-01	2.6373e-01	5.4096e+00	0.0000e+00
8.5513e-01	2.6386e-01	5.4332e+00	0.0000e+00
8.5298e-01	2.6453e-01	5.4576e+00	0.0000e+00
8.5197e-01	2.6570e-01	5.4790e+00	0.0000e+00
8.5204e-01	2.6705e-01	5.5021e+00	0.0000e+00
8.5274e-01	2.6820e-01	5.5261e+00	0.0000e+00
8.5368e-01	2.6884e-01	5.5490e+00	0.0000e+00
8.5522e-01	2.6907e-01	5.5549e+00	0.0000e+00
8.5688e-01	2.6916e-01	5.5331e+00	0.0000e+00
8.5752e-01	2.6954e-01	5.5136e+00	0.0000e+00
8.5731e-01	2.7017e-01	5.5054e+00	0.0000e+00
8.5831e-01	2.7042e-01	5.5099e+00	0.0000e+00
8.6158e-01	2.6998e-01	5.5222e+00	0.0000e+00
8.6640e-01	2.6901e-01	5.5372e+00	0.0000e+00
8.7113e-01	2.6820e-01	5.5533e+00	0.0000e+00
8.7429e-01	2.6755e-01	5.5677e+00	0.0000e+00
8.7507e-01	2.6724e-01	5.5771e+00	0.0000e+00
8.7373e-01	2.6752e-01	5.5850e+00	0.0000e+00
8.7178e-01	2.6794e-01	5.5986e+00	0.0000e+00
8.7000e-01	2.6837e-01	5.6204e+00	0.0000e+00
8.6841e-01	2.6871e-01	5.6515e+00	0.0000e+00
8.6738e-01	2.6874e-01	5.6781e+00	0.0000e+00
8.6682e-01	2.6865e-01	5.6858e+00	0.0000e+00
8.6660e-01	2.6882e-01	5.6617e+00	0.0000e+00
8.6632e-01	2.6929e-01	5.6031e+00	0.0000e+00
8.6660e-01	2.6957e-01	5.5462e+00	0.0000e+00
8.6738e-01	2.6956e-01	5.5193e+00	0.0000e+00
8.6812e-01	2.6940e-01	5.5086e+00	0.0000e+00
8.6839e-01	2.6932e-01	5.5117e+00	0.0000e+00
8.6816e-01	2.6944e-01	5.5304e+00	0.0000e+00
8.6758e-01	2.6965e-01	5.5585e+00	0.0000e+00
8.6703e-01	2.6965e-01	5.5896e+00	0.0000e+00
8.6665e-01	2.6943e-01	5.6249e+00	0.0000e+00
8.6571e-01	2.6927e-01	5.6612e+00	0.0000e+00
8.6480e-01	2.6907e-01	5.6916e+00	0.0000e+00
8.6489e-01	2.6862e-01	5.7087e+00	0.0000e+00
8.6589e-01	2.6807e-01	5.7140e+00	0.0000e+00
8.6713e-01	2.6769e-01	5.7120e+00	0.0000e+00
8.6804e-01	2.6742e-01	5.7071e+00	0.0000e+00
8.6866e-01	2.6734e-01	5.7042e+00	0.0000e+00
8.6986e-01	2.6743e-01	5.7119e+00	0.0000e+00
8.7244e-01	2.6735e-01	5.7385e+00	0.0000e+00
8.7606e-01	2.6733e-01	5.7772e+00	0.0000e+00
8.7986e-01	2.6742e-01	5.8208e+00	0.0000e+00
8.8298e-01	2.6752e-01	5.8362e+00	0.0000e+00
8.8428e-01	2.6787e-01	5.8266e+00	0.0000e+00
8.8336e-01	2.6850e-01	5.7998e+00	0.0000e+00
8.8142e-01	2.6899e-01	5.7676e+00	0.0000e+00
8.7949e-01	2.6912e-01	5.7369e+00	0.0000e+00
8.7825e-01	2.6899e-01	5.7106e+00	0.0000e+00
8.7822e-01	2.6864e-01	5.7096e+00	0.0000e+00
8.7866e-01	2.6818e-01	5.7279e+00	0.0000e+00
8.7889e-01	2.6763e-01	5.7639e+00	0.0000e+00
8.7939e-01	2.6695e-01	5.8176e+00	0.0000e+00
8.8039e-01	2.6637e-01	5.8812e+00	0.0000e+00
8.8147e-01	2.6601e-01	5.9416e+00	0.0000e+00
8.8193e-01	2.6585e-01	5.9835e+00	0.0000e+00
8.8131e-01	2.6596e-01	6.0008e+00	0.0000e+00
8.8041e-01	2.6604e-01	5.9981e+00	0.0000e+00
8.8038e-01	2.6582e-01	5.9841e+00	0.0000e+00
8.8119e-01	2.6542e-01	5.9693e+00	0.0000e+00
8.8225e-01	2.6519e-01	5.9588e+00	0.0000e+00
8.8373e-01	2.6500e-01	5.9519e+00	0.0000e+00
8.8613e-01	2.6469e-01	5.9464e+00	0.0000e+00
8.8940e-01	2.6421e-01	5.9377e+00	0.0000e+00
8.9292e-01	2.6363e-01	5.9242e+00	0.0000e+00
8.9532e-01	2.6333e-01	5.9136e+00	0.0000e+00
8.9588e-01	2.6321e-01	5.9088e+00	0.0000e+00
8.9554e-01	2.6294e-01	5.9119e+00	0.0000e+00
8.9536e-01	2.6242e-01	5.9171e+00	0.0000e+00
8.9521e-01	2.6199e-01	5.9209e+00	0.0000e+00
8.9504e-01	2.6188e-01	5.9230e+00	0.0000e+00
8.9369e-01	2.6235e-01	5.9196e+00	0.0000e+00
8.8961e-01	2.6337e-01	5.9123e+00	0.0000e+00
8.8316e-01	2.6453e-01	5.9029e+00	0.0000e+00
8.7628e-01	2.6555e-01	5.8921e+00	0.0000e+00
8.7041e-01	2.6632e-01	5.8797e+00	0.0000e+00
8.6599e-01	2.6696e-01	5.8687e+00	0.0000e+00
8.6297e-01	2.6776e-01	5.8579e+00	0.0000e+00
8.6122e-01	2.6863e-01	5.8485e+00	0.0000e+00
8.6013e-01	2.6929e-01	5.8420e+00	0.0000e+00
8.5887e-01	2.6977e-01	5.8359e+00	0.0000e+00
8.5693e-01	2.7020e-01	5.8265e+00	0.0000e+00
8.5467e-01	2.7053e-01	5.8128e+00	0.0000e+00
8.5255e-01	2.7064e-01	5.7969e+00	0.0000e+00
8.5041e-01	2.7066e-01	5.7888e+00	0.0000e+00
8.4783e-01	2.7076e-01	5.7870e+00	0.0000e+00
8.4509e-01	2.7097e-01	5.7861e+00	0.0000e+00
8.4166e-01	2.7135e-01	5.7837e+00	0.0000e+00
8.3685e-01	2.7181e-01	5.7789e+00	0.0000e+00
8.3065e-01	2.7244e-01	5.7717e+00	0.0000e+00
8.2470e-01	2.7309e-01	5.7633e+00	0.0000e+00
8.2043e-01	2.7350e-01	5.7573e+00	0.0000e+00
8.1909e-01	2.7346e-01	5.7592e+00	0.0000e+00
8.2273e-01	2.7247e-01	5.7751e+00	0.0000e+00
8.2791e-01	2.7080e-01	5.7980e+00	0.0000e+00
8.3087e-01	2.6922e-01	5.8278e+00	0.0000e+00
8.3041e-01	2.6798e-01	5.8640e+00	0.0000e+00
8.2725e-01	2.6721e-01	5.8970e+00	0.0000e+00
8.2326e-01	2.6693e-01	5.9216e+00	0.0000e+00
8.2073e-01	2.6704e-01	5.9347e+00	0.0000e+00
8.1952e-01	2.6745e-01	5.9360e+00	0.0000e+00
8.1869e-01	2.6768e-01	5.9289e+00	0.0000e+00
8.1824e-01	2.6772e-01	5.9175e+00	0.0000e+00
8.1815e-01	2.6790e-01	5.9033e+00	0.0000e+00
8.1816e-01	2.6824e-01	5.8873e+00	0.0000e+00
8.1750e-01	2.6871e-01	5.8671e+00	0.0000e+00
8.1604e-01	2.6937e-01	5.8453e+00	0.0000e+00
8.1411e-01	2.7053e-01	5.8294e+00	0.0000e+00
8.1330e-01	2.7191e-01	5.8203e+00	0.0000e+00
8.1436e-01	2.7279e-01	5.8030e+00	0.0000e+00
8.1598e-01	2.7298e-01	5.7656e+00	0.0000e+00
8.1714e-01	2.7260e-01	5.7225e+00	0.0000e+00
8.1682e-01	2.7237e-01	5.6884e+00	0.0000e+00
8.1510e-01	2.7276e-01	5.6700e+00	0.0000e+00
8.1293e-01	2.7356e-01	5.6656e+00	0.0000e+00
8.1176e-01	2.7428e-01	5.6765e+00	0.0000e+00
8.1265e-01	2.7451e-01	5.7088e+00	0.0000e+00
8.1494e-01	2.7467e-01	5.7618e+00	0.0000e+00
8.1795e-01	2.7485e-01	5.8268e+00	0.0000e+00
8.2078e-01	2.7492e-01	5.8935e+00	0.0000e+00
8.2273e-01	2.7481e-01	5.9543e+00	0.0000e+00
8.2360e-01	2.7455e-01	6.0046e+00	0.0000e+00
8.2388e-01	2.7435e-01	6.0438e+00	0.0000e+00
8.2462e-01	2.7432e-01	6.0744e+00	0.0000e+00
8.2624e-01	2.7408e-01	6.0984e+00	0.0000e+00
8.2820e-01	2.7360e-01	6.1190e+00	0.0000e+00
8.2987e-01	2.7314e-01	6.1331e+00	0.0000e+00
8.3046e-01	2.7281e-01	6.1404e+00	0.0000e+00
8.3005e-01	2.7239e-01	6.1414e+00	0.0000e+00
8.2915e-01	2.7205e-01	6.1352e+00	0.0000e+00
8.2797e-01	2.7180e-01	6.1215e+00	0.0000e+00
8.2656e-01	2.7171e-01	6.1023e+00	0.0000e+00
8.2521e-01	2.7185e-01	6.0826e+00	0.0000e+00
8.2438e-01	2.7207e-01	6.0681e+00	0.0000e+00
8.2404e-01	2.7226e-01	6.0627e+00	0.0000e+00
8.2418e-01	2.7259e-01	6.0668e+00	0.0000e+00
8.2478e-01	2.7296e-01	6.0791e+00	0.0000e+00
8.2627e-01	2.7309e-01	6.0962e+00	0.0000e+00
8.2881e-01	2.7294e-01	6.1135e+00	0.0000e+00
8.3111e-01	2.7272e-01	6.1273e+00	0.0000e+00
8.3207e-01	2.7263e-01	6.1346e+00	0.0000e+00
8.3146e-01	2.7293e-01	6.1347e+00	0.0000e+00
8.2818e-01	2.7384e-01	6.1265e+00	0.0000e+00
8.2318e-01	2.7492e-01	6.1111e+00	0.0000e+00
8.1797e-01	2.7559e-01	6.0911e+00	0.0000e+00
8.1352e-01	2.7588e-01	6.0688e+00	0.0000e+00
8.1100e-01	2.7589e-01	6.0467e+00	0.0000e+00
8.1043e-01	2.7589e-01	6.0215e+00	0.0000e+00
