WL	EN	AR	Marker
2.4986e+00	2.0974e-01	8.4545e-02	0.0000e+00
2.4986e+00	2.0974e-01	8.4513e-02	0.0000e+00
2.4986e+00	2.0974e-01	8.4489e-02	0.0000e+00
2.4986e+00	2.0974e-01	8.4470e-02	0.0000e+00
2.4986e+00	2.0974e-01	8.4447e-02	0.0000e+00
2.4986e+00	2.0974e-01	8.4435e-02	0.0000e+00
2.4986e+00	2.0974e-01	8.4426e-02	0.0000e+00
2.5132e+00	2.0893e-01	8.4430e-02	0.0000e+00
2.5213e+00	2.0825e-01	8.4430e-02	0.0000e+00
2.5185e+00	2.0804e-01	8.4421e-02	0.0000e+00
2.5093e+00	2.0807e-01	8.4401e-02	0.0000e+00
2.4983e+00	2.0813e-01	8.4388e-02	0.0000e+00
2.4857e+00	2.0779e-01	8.4379e-02	0.0000e+00
2.4716e+00	2.0690e-01	8.4372e-02	0.0000e+00
2.4593e+00	2.0584e-01	8.4372e-02	0.0000e+00
2.4593e+00	2.0584e-01	8.4378e-02	0.0000e+00
2.4593e+00	2.0584e-01	8.4389e-02	0.0000e+00
2.4593e+00	2.0584e-01	8.4388e-02	0.0000e+00
2.4430e+00	2.0568e-01	8.4370e-02	0.0000e+00
2.4316e+00	2.0563e-01	8.4349e-02	0.0000e+00
2.4321e+00	2.0555e-01	8.4342e-02	0.0000e+00
2.4473e+00	2.0510e-01	8.4326e-02	0.0000e+00
2.4730e+00	2.0353e-01	8.4316e-02	0.0000e+00
2.5026e+00	2.0113e-01	8.4223e-02	0.0000e+00
2.5323e+00	1.9867e-01	8.3714e-02	0.0000e+00
2.5766e+00	1.9550e-01	8.2717e-02	0.0000e+00
2.6126e+00	1.9334e-01	8.1821e-02	0.0000e+00
2.6398e+00	1.9188e-01	8.1231e-02	0.0000e+00
2.6663e+00	1.9026e-01	8.0742e-02	0.0000e+00
2.7002e+00	1.8804e-01	8.0345e-02	0.0000e+00
2.7374e+00	1.8535e-01	8.0105e-02	0.0000e+00
2.7643e+00	1.8375e-01	8.0003e-02	0.0000e+00
2.7666e+00	1.8453e-01	8.0006e-02	0.0000e+00
2.7440e+00	1.8696e-01	8.0054e-02	0.0000e+00
2.7057e+00	1.8975e-01	8.0108e-02	0.0000e+00
2.6630e+00	1.9195e-01	8.0151e-02	0.0000e+00
2.6249e+00	1.9415e-01	8.0181e-02	0.0000e+00
2.5984e+00	1.9711e-01	8.0212e-02	0.0000e+00
2.5878e+00	1.9954e-01	8.0233e-02	0.0000e+00
2.5789e+00	2.0188e-01	8.0236e-02	0.0000e+00
2.5625e+00	2.0322e-01	8.0233e-02	0.0000e+00
2.5528e+00	2.0401e-01	8.0235e-02	0.0000e+00
2.5510e+00	2.0408e-01	8.0235e-02	0.0000e+00
2.5575e+00	2.0332e-01	8.0236e-02	0.0000e+00
2.5693e+00	2.0204e-01	8.0229e-02	0.0000e+00
2.5808e+00	2.0055e-01	8.0231e-02	0.0000e+00
2.5861e+00	1.9905e-01	8.0219e-02	0.0000e+00
2.5800e+00	1.9779e-01	8.0209e-02	0.0000e+00
2.5612e+00	1.9722e-01	8.0192e-02	0.0000e+00
2.5362e+00	1.9808e-01	8.0190e-02	0.0000e+00
2.5127e+00	1.9990e-01	8.0186e-02	0.0000e+00
2.4965e+00	2.0067e-01	8.0196e-02	0.0000e+00
2.4939e+00	2.0026e-01	8.0198e-02	0.0000e+00
2.5062e+00	1.9924e-01	8.0212e-02	0.0000e+00
2.5291e+00	1.9789e-01	8.0218e-02	0.0000e+00
2.5539e+00	1.9645e-01	8.0245e-02	0.0000e+00
2.5727e+00	1.9516e-01	8.0259e-02	0.0000e+00
2.5852e+00	1.9412e-01	8.0281e-02	0.0000e+00
2.5975e+00	1.9322e-01	8.0288e-02	0.0000e+00
2.6086e+00	1.9241e-01	8.0287e-02	0.0000e+00
2.6086e+00	1.9241e-01	8.0278e-02	0.0000e+00
2.6086e+00	1.9241e-01	8.0274e-02	0.0000e+00
2.6086e+00	1.9241e-01	8.0266e-02	0.0000e+00
2.6086e+00	1.9241e-01	8.0252e-02	0.0000e+00
2.6086e+00	1.9241e-01	8.0218e-02	0.0000e+00
2.6086e+00	1.9241e-01	8.0184e-02	0.0000e+00
2.6086e+00	1.9241e-01	8.0170e-02	0.0000e+00
2.6227e+00	1.9088e-01	8.0173e-02	0.0000e+00
2.6395e+00	1.8942e-01	8.0191e-02	0.0000e+00
2.6395e+00	1.8942e-01	8.0211e-02	0.0000e+00
2.6541e+00	1.8844e-01	8.0233e-02	1.0000e+00
2.6546e+00	1.8798e-01	8.0231e-02	0.0000e+00
2.6407e+00	1.8888e-01	8.0234e-02	0.0000e+00
2.6219e+00	1.9084e-01	8.0221e-02	0.0000e+00
2.6048e+00	1.9245e-01	8.0218e-02	0.0000e+00
2.5899e+00	1.9377e-01	8.0211e-02	0.0000e+00
2.5757e+00	1.9480e-01	8.0223e-02	0.0000e+00
2.5613e+00	1.9549e-01	8.0219e-02	0.0000e+00
2.5463e+00	1.9594e-01	8.0209e-02	0.0000e+00
2.5364e+00	1.9628e-01	8.0186e-02	0.0000e+00
2.5234e+00	1.9668e-01	8.0179e-02	0.0000e+00
2.5144e+00	1.9680e-01	8.0178e-02	0.0000e+00
2.5193e+00	1.9632e-01	8.0173e-02	0.0000e+00
2.5275e+00	1.9570e-01	8.0167e-02	0.0000e+00
2.5326e+00	1.9517e-01	8.0174e-02	0.0000e+00
2.5299e+00	1.9505e-01	8.0187e-02	0.0000e+00
2.5195e+00	1.9548e-01	8.0212e-02	0.0000e+00
2.5077e+00	1.9596e-01	8.0220e-02	0.0000e+00
2.5000e+00	1.9597e-01	8.0235e-02	0.0000e+00
2.4945e+00	1.9591e-01	8.0238e-02	0.0000e+00
2.4874e+00	1.9614e-01	8.0246e-02	0.0000e+00
2.4758e+00	1.9707e-01	8.0259e-02	0.0000e+00
2.4484e+00	1.9941e-01	8.0267e-02	0.0000e+00
2.4316e+00	2.0119e-01	8.0257e-02	0.0000e+00
2.4149e+00	2.0272e-01	8.0248e-02	0.0000e+00
2.3984e+00	2.0432e-01	8.0241e-02	0.0000e+00
2.3827e+00	2.0626e-01	8.0218e-02	0.0000e+00
2.3681e+00	2.0816e-01	8.0189e-02	0.0000e+00
2.3547e+00	2.0947e-01	8.0167e-02	0.0000e+00
2.3434e+00	2.0998e-01	8.0197e-02	0.0000e+00
2.3340e+00	2.1005e-01	8.0217e-02	0.0000e+00
2.3253e+00	2.1011e-01	8.0142e-02	0.0000e+00
2.3153e+00	2.1049e-01	7.9823e-02	0.0000e+00
2.2881e+00	2.1243e-01	7.9549e-02	0.0000e+00
2.2558e+00	2.1508e-01	7.9354e-02	0.0000e+00
2.2295e+00	2.1685e-01	7.9260e-02	0.0000e+00
2.2148e+00	2.1749e-01	7.9245e-02	0.0000e+00
2.2138e+00	2.1729e-01	7.9278e-02	0.0000e+00
2.2170e+00	2.1706e-01	7.9333e-02	0.0000e+00
2.2186e+00	2.1706e-01	7.9404e-02	0.0000e+00
2.2136e+00	2.1750e-01	7.9462e-02	0.0000e+00
2.2068e+00	2.1790e-01	7.9529e-02	0.0000e+00
2.2046e+00	2.1783e-01	7.9612e-02	0.0000e+00
2.2085e+00	2.1723e-01	7.9710e-02	0.0000e+00
2.2154e+00	2.1603e-01	7.9781e-02	0.0000e+00
2.2178e+00	2.1465e-01	7.9833e-02	0.0000e+00
2.2105e+00	2.1381e-01	7.9845e-02	0.0000e+00
2.1969e+00	2.1395e-01	7.9843e-02	0.0000e+00
2.1868e+00	2.1391e-01	7.9851e-02	0.0000e+00
2.1863e+00	2.1340e-01	7.9862e-02	0.0000e+00
2.1919e+00	2.1282e-01	7.9851e-02	0.0000e+00
2.1882e+00	2.1314e-01	7.9830e-02	0.0000e+00
2.1811e+00	2.1364e-01	7.9814e-02	0.0000e+00
2.1736e+00	2.1421e-01	7.9808e-02	0.0000e+00
2.1686e+00	2.1474e-01	7.9797e-02	0.0000e+00
2.1668e+00	2.1511e-01	7.9795e-02	0.0000e+00
2.1650e+00	2.1544e-01	7.9785e-02	0.0000e+00
2.1589e+00	2.1595e-01	7.9778e-02	0.0000e+00
2.1492e+00	2.1663e-01	7.9772e-02	0.0000e+00
2.1397e+00	2.1739e-01	7.9778e-02	0.0000e+00
2.1351e+00	2.1808e-01	7.9777e-02	0.0000e+00
2.1280e+00	2.1877e-01	7.9777e-02	0.0000e+00
2.1278e+00	2.1844e-01	7.9783e-02	0.0000e+00
2.1400e+00	2.1772e-01	7.9778e-02	0.0000e+00
2.1608e+00	2.1688e-01	7.9814e-02	0.0000e+00
2.1834e+00	2.1606e-01	7.9904e-02	0.0000e+00
2.2001e+00	2.1538e-01	7.9921e-02	0.0000e+00
2.2070e+00	2.1491e-01	7.9877e-02	0.0000e+00
2.2042e+00	2.1482e-01	7.9820e-02	0.0000e+00
2.2015e+00	2.1467e-01	7.9765e-02	0.0000e+00
2.2051e+00	2.1419e-01	7.9731e-02	0.0000e+00
2.2124e+00	2.1347e-01	7.9594e-02	0.0000e+00
2.2036e+00	2.1312e-01	7.8764e-02	0.0000e+00
2.1965e+00	2.1270e-01	7.8011e-02	0.0000e+00
2.2025e+00	2.1201e-01	7.8087e-02	0.0000e+00
2.2071e+00	2.1141e-01	7.9149e-02	0.0000e+00
2.2080e+00	2.1116e-01	8.0497e-02	0.0000e+00
2.2039e+00	2.1149e-01	8.1578e-02	0.0000e+00
2.1955e+00	2.1248e-01	8.2334e-02	0.0000e+00
2.1850e+00	2.1394e-01	8.2645e-02	0.0000e+00
2.1730e+00	2.1557e-01	8.2698e-02	0.0000e+00
2.1607e+00	2.1697e-01	8.2673e-02	0.0000e+00
2.1501e+00	2.1790e-01	8.2620e-02	0.0000e+00
2.1409e+00	2.1868e-01	8.2596e-02	0.0000e+00
2.1316e+00	2.1958e-01	8.2621e-02	0.0000e+00
2.1215e+00	2.2081e-01	8.2650e-02	0.0000e+00
2.1122e+00	2.2206e-01	8.2713e-02	0.0000e+00
2.0944e+00	2.2338e-01	8.2789e-02	0.0000e+00
2.0839e+00	2.2393e-01	8.2920e-02	0.0000e+00
2.0850e+00	2.2372e-01	8.3117e-02	0.0000e+00
2.0936e+00	2.2315e-01	8.3328e-02	0.0000e+00
2.1039e+00	2.2244e-01	8.3511e-02	0.0000e+00
2.1075e+00	2.2275e-01	8.3662e-02	0.0000e+00
2.1121e+00	2.2338e-01	8.3750e-02	0.0000e+00
2.1161e+00	2.2412e-01	8.3775e-02	0.0000e+00
2.1161e+00	2.2412e-01	8.3760e-02	0.0000e+00
2.1161e+00	2.2412e-01	8.3714e-02	0.0000e+00
2.1161e+00	2.2412e-01	8.3635e-02	0.0000e+00
2.1161e+00	2.2412e-01	8.3563e-02	0.0000e+00
2.1161e+00	2.2412e-01	8.3510e-02	0.0000e+00
2.1161e+00	2.2412e-01	8.3485e-02	0.0000e+00
2.1161e+00	2.2412e-01	8.3462e-02	0.0000e+00
2.1161e+00	2.2412e-01	8.3436e-02	0.0000e+00
2.1161e+00	2.2412e-01	8.3411e-02	0.0000e+00
2.1161e+00	2.2412e-01	8.3409e-02	0.0000e+00
2.1037e+00	2.2480e-01	8.3425e-02	0.0000e+00
2.0937e+00	2.2525e-01	8.3430e-02	0.0000e+00
2.0872e+00	2.2548e-01	8.3422e-02	0.0000e+00
2.0812e+00	2.2567e-01	8.3407e-02	0.0000e+00
2.0602e+00	2.2725e-01	8.3410e-02	0.0000e+00
2.0395e+00	2.2887e-01	8.3439e-02	0.0000e+00
2.0228e+00	2.3036e-01	8.3469e-02	0.0000e+00
2.0126e+00	2.3158e-01	8.3504e-02	0.0000e+00
2.0075e+00	2.3267e-01	8.3606e-02	0.0000e+00
2.0062e+00	2.3286e-01	8.3676e-02	0.0000e+00
2.0115e+00	2.3232e-01	8.3699e-02	0.0000e+00
2.0262e+00	2.3123e-01	8.3698e-02	0.0000e+00
2.0488e+00	2.2931e-01	8.3700e-02	0.0000e+00
2.0720e+00	2.2718e-01	8.3694e-02	0.0000e+00
2.0880e+00	2.2540e-01	8.3685e-02	0.0000e+00
2.0921e+00	2.2433e-01	8.3671e-02	0.0000e+00
2.0886e+00	2.2388e-01	8.3663e-02	0.0000e+00
2.0884e+00	2.2327e-01	8.3654e-02	0.0000e+00
2.0921e+00	2.2286e-01	8.3656e-02	0.0000e+00
2.0968e+00	2.2272e-01	8.3658e-02	0.0000e+00
2.0997e+00	2.2279e-01	8.3657e-02	0.0000e+00
2.0995e+00	2.2310e-01	8.3658e-02	0.0000e+00
2.0973e+00	2.2381e-01	8.3683e-02	0.0000e+00
2.0954e+00	2.2528e-01	8.3712e-02	0.0000e+00
2.0952e+00	2.2639e-01	8.3740e-02	0.0000e+00
2.0955e+00	2.2625e-01	8.3752e-02	0.0000e+00
2.0925e+00	2.2625e-01	8.3749e-02	0.0000e+00
2.0810e+00	2.2684e-01	8.3733e-02	0.0000e+00
2.0594e+00	2.2782e-01	8.3726e-02	0.0000e+00
2.0318e+00	2.2888e-01	8.3715e-02	0.0000e+00
2.0038e+00	2.2993e-01	8.3698e-02	0.0000e+00
1.9801e+00	2.3087e-01	8.3688e-02	0.0000e+00
1.9598e+00	2.3170e-01	8.3689e-02	0.0000e+00
1.9386e+00	2.3262e-01	8.3692e-02	0.0000e+00
1.9181e+00	2.3380e-01	8.3697e-02	0.0000e+00
1.9124e+00	2.3420e-01	8.3714e-02	0.0000e+00
1.9074e+00	2.3462e-01	8.3742e-02	0.0000e+00
1.9025e+00	2.3496e-01	8.3770e-02	0.0000e+00
1.8982e+00	2.3507e-01	8.3811e-02	0.0000e+00
1.8948e+00	2.3506e-01	8.3859e-02	0.0000e+00
1.8919e+00	2.3515e-01	8.3906e-02	0.0000e+00
1.8888e+00	2.3540e-01	8.3999e-02	0.0000e+00
1.8846e+00	2.3587e-01	8.4146e-02	0.0000e+00
1.8787e+00	2.3659e-01	8.4265e-02	0.0000e+00
1.8730e+00	2.3677e-01	8.4346e-02	0.0000e+00
1.8565e+00	2.3724e-01	8.4379e-02	0.0000e+00
1.8561e+00	2.3709e-01	8.4295e-02	0.0000e+00
1.8711e+00	2.3590e-01	8.3933e-02	0.0000e+00
1.8917e+00	2.3396e-01	8.3279e-02	0.0000e+00
1.9087e+00	2.3230e-01	8.2322e-02	0.0000e+00
1.9179e+00	2.3103e-01	8.1412e-02	0.0000e+00
1.9200e+00	2.3035e-01	8.0984e-02	0.0000e+00
1.9187e+00	2.3030e-01	8.0940e-02	0.0000e+00
1.9161e+00	2.3086e-01	8.1086e-02	0.0000e+00
1.9132e+00	2.3181e-01	8.1320e-02	0.0000e+00
1.9077e+00	2.3281e-01	8.1645e-02	0.0000e+00
1.8977e+00	2.3338e-01	8.1994e-02	0.0000e+00
1.8877e+00	2.3332e-01	8.2285e-02	0.0000e+00
1.8854e+00	2.3294e-01	8.2456e-02	0.0000e+00
1.8933e+00	2.3239e-01	8.2532e-02	0.0000e+00
1.9098e+00	2.3152e-01	8.2542e-02	0.0000e+00
1.9291e+00	2.3029e-01	8.2509e-02	0.0000e+00
1.9426e+00	2.2913e-01	8.2481e-02	0.0000e+00
1.9444e+00	2.2861e-01	8.2490e-02	0.0000e+00
1.9381e+00	2.2882e-01	8.2511e-02	0.0000e+00
1.9302e+00	2.2931e-01	8.2551e-02	0.0000e+00
1.9244e+00	2.2955e-01	8.2592e-02	0.0000e+00
1.9229e+00	2.2876e-01	8.2636e-02	0.0000e+00
1.9288e+00	2.2694e-01	8.2644e-02	0.0000e+00
1.9428e+00	2.2490e-01	8.2650e-02	0.0000e+00
1.9633e+00	2.2261e-01	8.2650e-02	0.0000e+00
1.9855e+00	2.1993e-01	8.2651e-02	0.0000e+00
2.0036e+00	2.1730e-01	8.2645e-02	0.0000e+00
2.0136e+00	2.1548e-01	8.2642e-02	0.0000e+00
2.0139e+00	2.1526e-01	8.2636e-02	0.0000e+00
2.0093e+00	2.1642e-01	8.2636e-02	0.0000e+00
2.0055e+00	2.1716e-01	8.2627e-02	0.0000e+00
2.0038e+00	2.1716e-01	8.2629e-02	0.0000e+00
2.0045e+00	2.1632e-01	8.2623e-02	0.0000e+00
2.0065e+00	2.1483e-01	8.2637e-02	0.0000e+00
2.0064e+00	2.1396e-01	8.2655e-02	0.0000e+00
2.0022e+00	2.1391e-01	8.2674e-02	0.0000e+00
1.9929e+00	2.1445e-01	8.2687e-02	0.0000e+00
1.9778e+00	2.1547e-01	8.2700e-02	0.0000e+00
1.9604e+00	2.1653e-01	8.2719e-02	0.0000e+00
1.9437e+00	2.1719e-01	8.2739e-02	0.0000e+00
1.9239e+00	2.1782e-01	8.2761e-02	0.0000e+00
1.8975e+00	2.1894e-01	8.2770e-02	0.0000e+00
1.8664e+00	2.2070e-01	8.2780e-02	0.0000e+00
1.8355e+00	2.2319e-01	8.2783e-02	0.0000e+00
1.8108e+00	2.2616e-01	8.2791e-02	0.0000e+00
1.7960e+00	2.2842e-01	8.2790e-02	0.0000e+00
1.7896e+00	2.2939e-01	8.2813e-02	0.0000e+00
1.7842e+00	2.3027e-01	8.2858e-02	0.0000e+00
1.7739e+00	2.3151e-01	8.2904e-02	0.0000e+00
1.7578e+00	2.3263e-01	8.2947e-02	0.0000e+00
1.7529e+00	2.3216e-01	8.2984e-02	0.0000e+00
1.7554e+00	2.3115e-01	8.3003e-02	0.0000e+00
1.7652e+00	2.2999e-01	8.3025e-02	0.0000e+00
1.7797e+00	2.2887e-01	8.3050e-02	0.0000e+00
1.7943e+00	2.2784e-01	8.3078e-02	0.0000e+00
1.8044e+00	2.2696e-01	8.3099e-02	0.0000e+00
1.8067e+00	2.2647e-01	8.3129e-02	0.0000e+00
1.8008e+00	2.2706e-01	8.3164e-02	0.0000e+00
1.7904e+00	2.3000e-01	8.3201e-02	0.0000e+00
1.7825e+00	2.3117e-01	8.3232e-02	0.0000e+00
1.7842e+00	2.3087e-01	8.3257e-02	0.0000e+00
1.7867e+00	2.3062e-01	8.3262e-02	0.0000e+00
1.7869e+00	2.3053e-01	8.3282e-02	0.0000e+00
1.7844e+00	2.3049e-01	8.3302e-02	0.0000e+00
1.7810e+00	2.3040e-01	8.3318e-02	0.0000e+00
1.7802e+00	2.3026e-01	8.3342e-02	0.0000e+00
1.7820e+00	2.3014e-01	8.3398e-02	0.0000e+00
1.7851e+00	2.3012e-01	8.3453e-02	0.0000e+00
1.7831e+00	2.3062e-01	8.3500e-02	0.0000e+00
1.7721e+00	2.3183e-01	8.3565e-02	0.0000e+00
1.7564e+00	2.3339e-01	8.3651e-02	0.0000e+00
1.7385e+00	2.3549e-01	8.3715e-02	0.0000e+00
1.7213e+00	2.3823e-01	8.3793e-02	0.0000e+00
1.7072e+00	2.4015e-01	8.3892e-02	0.0000e+00
1.6995e+00	2.4091e-01	8.4036e-02	0.0000e+00
1.7007e+00	2.4092e-01	8.4206e-02	0.0000e+00
1.7106e+00	2.4025e-01	8.4381e-02	0.0000e+00
1.7261e+00	2.3893e-01	8.4549e-02	0.0000e+00
1.7415e+00	2.3723e-01	8.4713e-02	0.0000e+00
1.7532e+00	2.3553e-01	8.4897e-02	0.0000e+00
1.7606e+00	2.3432e-01	8.5107e-02	0.0000e+00
1.7641e+00	2.3383e-01	8.5352e-02	0.0000e+00
1.7651e+00	2.3371e-01	8.5664e-02	0.0000e+00
1.7653e+00	2.3363e-01	8.6086e-02	0.0000e+00
1.7660e+00	2.3323e-01	8.6577e-02	0.0000e+00
1.7662e+00	2.3260e-01	8.7050e-02	0.0000e+00
1.7644e+00	2.3222e-01	8.7489e-02	0.0000e+00
1.7576e+00	2.3243e-01	8.8055e-02	0.0000e+00
1.7442e+00	2.3308e-01	8.8677e-02	0.0000e+00
1.7269e+00	2.3380e-01	8.9260e-02	0.0000e+00
1.7095e+00	2.3452e-01	8.9961e-02	0.0000e+00
1.7022e+00	2.3443e-01	9.0731e-02	0.0000e+00
1.6948e+00	2.3445e-01	9.1577e-02	0.0000e+00
1.6870e+00	2.3484e-01	9.2456e-02	0.0000e+00
1.6801e+00	2.3540e-01	9.3244e-02	0.0000e+00
1.6754e+00	2.3563e-01	9.3913e-02	0.0000e+00
1.6733e+00	2.3562e-01	9.4486e-02	0.0000e+00
1.6732e+00	2.3549e-01	9.4940e-02	0.0000e+00
1.6757e+00	2.3525e-01	9.5262e-02	0.0000e+00
1.6811e+00	2.3483e-01	9.5455e-02	0.0000e+00
1.6878e+00	2.3429e-01	9.5528e-02	0.0000e+00
1.6931e+00	2.3380e-01	9.5543e-02	0.0000e+00
1.6948e+00	2.3359e-01	9.5535e-02	0.0000e+00
1.6921e+00	2.3388e-01	9.5515e-02	0.0000e+00
1.6865e+00	2.3486e-01	9.5476e-02	0.0000e+00
1.6809e+00	2.3588e-01	9.5424e-02	0.0000e+00
1.6755e+00	2.3682e-01	9.5369e-02	0.0000e+00
1.6755e+00	2.3682e-01	9.5315e-02	0.0000e+00
1.6822e+00	2.3589e-01	9.5269e-02	0.0000e+00
1.6883e+00	2.3492e-01	9.5223e-02	0.0000e+00
1.6941e+00	2.3392e-01	9.5189e-02	0.0000e+00
1.7001e+00	2.3283e-01	9.5165e-02	0.0000e+00
1.7065e+00	2.3147e-01	9.5129e-02	0.0000e+00
1.7125e+00	2.3079e-01	9.5095e-02	0.0000e+00
1.7140e+00	2.3095e-01	9.5050e-02	0.0000e+00
1.7087e+00	2.3149e-01	9.5006e-02	0.0000e+00
1.6982e+00	2.3221e-01	9.4967e-02	0.0000e+00
1.6798e+00	2.3365e-01	9.4929e-02	0.0000e+00
1.6659e+00	2.3469e-01	9.4908e-02	0.0000e+00
1.6598e+00	2.3526e-01	9.4902e-02	0.0000e+00
1.6572e+00	2.3555e-01	9.4898e-02	0.0000e+00
1.6480e+00	2.3655e-01	9.4895e-02	0.0000e+00
1.6314e+00	2.3794e-01	9.4893e-02	0.0000e+00
1.6107e+00	2.3946e-01	9.4877e-02	0.0000e+00
1.5911e+00	2.4091e-01	9.4877e-02	0.0000e+00
1.5768e+00	2.4195e-01	9.4884e-02	0.0000e+00
1.5695e+00	2.4232e-01	9.4897e-02	0.0000e+00
1.5683e+00	2.4159e-01	9.4903e-02	0.0000e+00
1.5690e+00	2.4045e-01	9.4911e-02	0.0000e+00
1.5683e+00	2.3996e-01	9.4925e-02	0.0000e+00
1.5661e+00	2.4004e-01	9.4952e-02	1.0000e+00
1.5638e+00	2.4041e-01	9.4994e-02	0.0000e+00
1.5644e+00	2.4057e-01	9.5037e-02	0.0000e+00
1.5695e+00	2.4044e-01	9.5055e-02	0.0000e+00
1.5798e+00	2.4011e-01	9.5061e-02	0.0000e+00
1.5951e+00	2.3965e-01	9.5050e-02	0.0000e+00
1.6127e+00	2.3917e-01	9.5044e-02	0.0000e+00
1.6283e+00	2.3868e-01	9.5029e-02	0.0000e+00
1.6394e+00	2.3820e-01	9.5003e-02	0.0000e+00
1.6480e+00	2.3773e-01	9.4984e-02	0.0000e+00
1.6568e+00	2.3710e-01	9.4984e-02	0.0000e+00
1.6663e+00	2.3647e-01	9.4984e-02	0.0000e+00
1.6745e+00	2.3611e-01	9.4987e-02	0.0000e+00
1.6810e+00	2.3587e-01	9.4986e-02	0.0000e+00
1.6858e+00	2.3548e-01	9.4980e-02	0.0000e+00
1.6897e+00	2.3477e-01	9.4967e-02	0.0000e+00
1.6932e+00	2.3384e-01	9.4945e-02	0.0000e+00
1.6951e+00	2.3292e-01	9.4931e-02	0.0000e+00
1.6933e+00	2.3290e-01	9.4922e-02	0.0000e+00
1.6849e+00	2.3390e-01	9.4914e-02	0.0000e+00
1.6691e+00	2.3557e-01	9.4892e-02	0.0000e+00
1.6487e+00	2.3759e-01	9.4857e-02	0.0000e+00
1.6320e+00	2.3861e-01	9.4835e-02	0.0000e+00
1.6264e+00	2.3896e-01	9.4813e-02	0.0000e+00
1.6338e+00	2.3889e-01	9.4790e-02	0.0000e+00
1.6506e+00	2.3841e-01	9.4770e-02	0.0000e+00
1.6691e+00	2.3766e-01	9.4746e-02	0.0000e+00
1.6841e+00	2.3674e-01	9.4722e-02	0.0000e+00
1.6960e+00	2.3579e-01	9.4701e-02	0.0000e+00
1.7117e+00	2.3478e-01	9.4683e-02	0.0000e+00
1.7283e+00	2.3434e-01	9.4662e-02	0.0000e+00
1.7378e+00	2.3462e-01	9.4643e-02	0.0000e+00
1.7332e+00	2.3541e-01	9.4616e-02	0.0000e+00
1.7158e+00	2.3670e-01	9.4593e-02	0.0000e+00
1.6934e+00	2.3830e-01	9.4579e-02	0.0000e+00
1.6741e+00	2.3988e-01	9.4565e-02	0.0000e+00
1.6626e+00	2.4124e-01	9.4550e-02	0.0000e+00
1.6602e+00	2.4216e-01	9.4533e-02	0.0000e+00
1.6638e+00	2.4234e-01	9.4460e-02	0.0000e+00
1.6688e+00	2.4186e-01	9.4301e-02	0.0000e+00
1.6745e+00	2.4088e-01	9.4084e-02	0.0000e+00
1.6794e+00	2.4020e-01	9.3921e-02	0.0000e+00
1.6787e+00	2.4039e-01	9.3847e-02	0.0000e+00
1.6697e+00	2.4108e-01	9.3834e-02	0.0000e+00
1.6531e+00	2.4232e-01	9.3850e-02	0.0000e+00
1.6332e+00	2.4428e-01	9.3857e-02	0.0000e+00
1.6158e+00	2.4659e-01	9.3861e-02	0.0000e+00
1.6077e+00	2.4771e-01	9.3925e-02	0.0000e+00
1.6152e+00	2.4719e-01	9.4190e-02	0.0000e+00
1.6344e+00	2.4558e-01	9.4442e-02	0.0000e+00
1.6583e+00	2.4423e-01	9.4557e-02	0.0000e+00
1.6832e+00	2.4326e-01	9.4590e-02	0.0000e+00
1.7045e+00	2.4257e-01	9.4682e-02	0.0000e+00
1.7188e+00	2.4211e-01	9.4911e-02	0.0000e+00
1.7259e+00	2.4207e-01	9.4918e-02	0.0000e+00
1.7289e+00	2.4230e-01	9.4729e-02	0.0000e+00
1.7304e+00	2.4254e-01	9.4502e-02	0.0000e+00
1.7318e+00	2.4267e-01	9.4318e-02	0.0000e+00
1.7339e+00	2.4275e-01	9.4199e-02	0.0000e+00
1.7361e+00	2.4297e-01	9.4137e-02	0.0000e+00
1.7382e+00	2.4324e-01	9.4119e-02	0.0000e+00
1.7411e+00	2.4298e-01	9.4117e-02	0.0000e+00
1.7468e+00	2.4194e-01	9.4116e-02	0.0000e+00
1.7573e+00	2.4003e-01	9.4111e-02	0.0000e+00
1.7730e+00	2.3746e-01	9.4104e-02	0.0000e+00
1.7900e+00	2.3516e-01	9.4103e-02	0.0000e+00
1.8046e+00	2.3344e-01	9.4105e-02	0.0000e+00
1.8147e+00	2.3225e-01	9.4113e-02	0.0000e+00
1.8212e+00	2.3154e-01	9.4107e-02	0.0000e+00
1.8292e+00	2.3099e-01	9.4089e-02	0.0000e+00
1.8353e+00	2.3114e-01	9.4075e-02	0.0000e+00
1.8342e+00	2.3176e-01	9.4053e-02	0.0000e+00
1.8240e+00	2.3263e-01	9.4041e-02	0.0000e+00
1.8075e+00	2.3365e-01	9.4028e-02	0.0000e+00
1.7896e+00	2.3472e-01	9.4017e-02	0.0000e+00
1.7746e+00	2.3582e-01	9.4005e-02	0.0000e+00
1.7656e+00	2.3668e-01	9.4005e-02	0.0000e+00
1.7636e+00	2.3649e-01	9.3995e-02	0.0000e+00
1.7666e+00	2.3395e-01	9.3982e-02	0.0000e+00
1.7727e+00	2.3251e-01	9.3976e-02	0.0000e+00
1.7815e+00	2.3199e-01	9.3969e-02	0.0000e+00
1.7902e+00	2.3177e-01	9.3964e-02	0.0000e+00
1.7950e+00	2.3163e-01	9.3968e-02	0.0000e+00
1.7933e+00	2.3154e-01	9.4028e-02	0.0000e+00
1.7844e+00	2.3156e-01	9.4079e-02	0.0000e+00
1.7694e+00	2.3193e-01	9.4070e-02	0.0000e+00
1.7540e+00	2.3276e-01	9.4029e-02	0.0000e+00
1.7468e+00	2.3305e-01	9.3972e-02	0.0000e+00
1.7507e+00	2.3250e-01	9.3910e-02	0.0000e+00
1.7659e+00	2.3127e-01	9.3874e-02	0.0000e+00
1.7874e+00	2.2977e-01	9.3835e-02	0.0000e+00
1.8105e+00	2.2773e-01	9.3795e-02	0.0000e+00
1.8304e+00	2.2492e-01	9.3763e-02	0.0000e+00
1.8414e+00	2.2284e-01	9.3748e-02	0.0000e+00
1.8400e+00	2.2207e-01	9.3743e-02	0.0000e+00
1.8294e+00	2.2231e-01	9.3736e-02	0.0000e+00
1.8164e+00	2.2265e-01	9.3727e-02	0.0000e+00
1.8036e+00	2.2300e-01	9.3726e-02	0.0000e+00
1.7934e+00	2.2325e-01	9.3712e-02	0.0000e+00
1.7876e+00	2.2328e-01	9.3692e-02	0.0000e+00
1.7852e+00	2.2302e-01	9.3688e-02	0.0000e+00
1.7838e+00	2.2262e-01	9.3700e-02	0.0000e+00
1.7829e+00	2.2238e-01	9.3710e-02	0.0000e+00
1.7822e+00	2.2244e-01	9.3724e-02	0.0000e+00
1.7812e+00	2.2290e-01	9.3747e-02	0.0000e+00
1.7798e+00	2.2354e-01	9.3774e-02	0.0000e+00
1.7786e+00	2.2414e-01	9.3878e-02	0.0000e+00
1.7787e+00	2.2445e-01	9.4055e-02	0.0000e+00
1.7813e+00	2.2443e-01	9.4145e-02	0.0000e+00
1.7877e+00	2.2428e-01	9.4136e-02	0.0000e+00
1.7979e+00	2.2406e-01	9.4088e-02	0.0000e+00
1.8123e+00	2.2372e-01	9.4044e-02	0.0000e+00
1.8302e+00	2.2320e-01	9.4002e-02	0.0000e+00
1.8490e+00	2.2232e-01	9.3988e-02	0.0000e+00
1.8643e+00	2.2138e-01	9.4026e-02	0.0000e+00
1.8726e+00	2.2106e-01	9.4162e-02	0.0000e+00
1.8731e+00	2.2132e-01	9.4238e-02	0.0000e+00
1.8691e+00	2.2179e-01	9.4184e-02	0.0000e+00
1.8633e+00	2.2205e-01	9.4062e-02	0.0000e+00
1.8551e+00	2.2235e-01	9.3950e-02	0.0000e+00
1.8452e+00	2.2276e-01	9.3892e-02	0.0000e+00
1.8354e+00	2.2317e-01	9.3889e-02	0.0000e+00
1.8272e+00	2.2343e-01	9.3970e-02	0.0000e+00
1.8222e+00	2.2340e-01	9.4094e-02	0.0000e+00
1.8212e+00	2.2266e-01	9.4194e-02	0.0000e+00
1.8233e+00	2.2156e-01	9.4267e-02	0.0000e+00
1.8319e+00	2.1989e-01	9.4340e-02	0.0000e+00
1.8401e+00	2.1908e-01	9.4417e-02	0.0000e+00
1.8522e+00	2.1815e-01	9.4465e-02	0.0000e+00
1.8638e+00	2.1719e-01	9.4518e-02	0.0000e+00
1.8712e+00	2.1626e-01	9.4583e-02	0.0000e+00
1.8726e+00	2.1546e-01	9.4651e-02	0.0000e+00
1.8696e+00	2.1489e-01	9.4710e-02	0.0000e+00
1.8695e+00	2.1419e-01	9.4746e-02	0.0000e+00
1.8734e+00	2.1339e-01	9.4781e-02	0.0000e+00
1.8786e+00	2.1259e-01	9.4813e-02	0.0000e+00
1.8819e+00	2.1186e-01	9.4839e-02	0.0000e+00
1.8889e+00	2.1056e-01	9.4850e-02	0.0000e+00
1.8909e+00	2.0981e-01	9.4864e-02	0.0000e+00
1.8904e+00	2.0950e-01	9.4885e-02	0.0000e+00
1.8899e+00	2.0947e-01	9.4925e-02	0.0000e+00
1.8907e+00	2.0935e-01	9.4968e-02	0.0000e+00
1.8921e+00	2.0918e-01	9.4996e-02	0.0000e+00
1.8935e+00	2.0897e-01	9.5024e-02	0.0000e+00
1.8945e+00	2.0874e-01	9.5047e-02	0.0000e+00
1.8945e+00	2.0872e-01	9.5059e-02	0.0000e+00
1.8942e+00	2.0892e-01	9.5059e-02	0.0000e+00
1.8933e+00	2.0937e-01	9.5076e-02	0.0000e+00
1.8923e+00	2.0997e-01	9.5115e-02	0.0000e+00
1.8929e+00	2.1035e-01	9.5301e-02	0.0000e+00
1.8978e+00	2.1022e-01	9.5630e-02	0.0000e+00
1.9084e+00	2.0955e-01	9.5740e-02	0.0000e+00
1.9214e+00	2.0886e-01	9.5694e-02	0.0000e+00
1.9311e+00	2.0845e-01	9.5711e-02	0.0000e+00
1.9329e+00	2.0836e-01	9.5715e-02	0.0000e+00
1.9245e+00	2.0879e-01	9.5733e-02	0.0000e+00
1.9094e+00	2.1000e-01	9.5875e-02	0.0000e+00
1.8939e+00	2.1198e-01	9.5943e-02	0.0000e+00
1.8822e+00	2.1383e-01	9.5909e-02	0.0000e+00
1.8756e+00	2.1450e-01	9.5680e-02	0.0000e+00
1.8743e+00	2.1448e-01	9.5272e-02	0.0000e+00
1.8766e+00	2.1420e-01	9.4929e-02	0.0000e+00
1.8803e+00	2.1382e-01	9.4759e-02	0.0000e+00
1.8819e+00	2.1357e-01	9.4683e-02	0.0000e+00
1.8792e+00	2.1361e-01	9.4671e-02	0.0000e+00
1.8730e+00	2.1400e-01	9.4679e-02	0.0000e+00
1.8669e+00	2.1444e-01	9.4696e-02	0.0000e+00
1.8630e+00	2.1463e-01	9.4718e-02	0.0000e+00
1.8622e+00	2.1463e-01	9.4741e-02	0.0000e+00
1.8641e+00	2.1451e-01	9.4754e-02	0.0000e+00
1.8679e+00	2.1419e-01	9.4754e-02	0.0000e+00
1.8716e+00	2.1362e-01	9.4754e-02	0.0000e+00
1.8702e+00	2.1393e-01	9.4756e-02	0.0000e+00
1.8607e+00	2.1466e-01	9.4753e-02	0.0000e+00
1.8440e+00	2.1566e-01	9.4754e-02	0.0000e+00
1.8246e+00	2.1665e-01	9.4750e-02	0.0000e+00
1.8096e+00	2.1721e-01	9.4736e-02	0.0000e+00
1.8021e+00	2.1736e-01	9.4724e-02	0.0000e+00
1.7991e+00	2.1724e-01	9.4723e-02	0.0000e+00
1.7914e+00	2.1733e-01	9.4715e-02	0.0000e+00
1.7794e+00	2.1760e-01	9.4700e-02	0.0000e+00
1.7674e+00	2.1791e-01	9.4681e-02	0.0000e+00
1.7592e+00	2.1820e-01	9.4739e-02	0.0000e+00
1.7565e+00	2.1828e-01	9.4999e-02	0.0000e+00
1.7563e+00	2.1822e-01	9.5302e-02	0.0000e+00
1.7557e+00	2.1831e-01	9.5413e-02	0.0000e+00
1.7528e+00	2.1873e-01	9.5368e-02	0.0000e+00
1.7474e+00	2.1944e-01	9.5444e-02	0.0000e+00
1.7436e+00	2.1956e-01	9.5680e-02	0.0000e+00
1.7480e+00	2.1910e-01	9.5697e-02	0.0000e+00
1.7618e+00	2.1860e-01	9.5454e-02	0.0000e+00
1.7822e+00	2.1807e-01	9.5104e-02	0.0000e+00
1.8051e+00	2.1749e-01	9.4792e-02	0.0000e+00
1.8281e+00	2.1680e-01	9.4591e-02	0.0000e+00
1.8498e+00	2.1585e-01	9.4488e-02	0.0000e+00
1.8728e+00	2.1428e-01	9.4477e-02	0.0000e+00
1.8977e+00	2.1227e-01	9.4514e-02	0.0000e+00
1.9176e+00	2.1107e-01	9.4561e-02	0.0000e+00
1.9234e+00	2.1075e-01	9.4595e-02	0.0000e+00
1.9143e+00	2.1093e-01	9.4626e-02	0.0000e+00
1.9007e+00	2.1127e-01	9.4649e-02	0.0000e+00
1.8899e+00	2.1161e-01	9.4670e-02	0.0000e+00
1.8847e+00	2.1187e-01	9.4689e-02	0.0000e+00
1.8864e+00	2.1187e-01	9.4697e-02	0.0000e+00
1.8918e+00	2.1149e-01	9.4697e-02	0.0000e+00
1.8959e+00	2.1095e-01	9.4705e-02	0.0000e+00
1.8978e+00	2.1060e-01	9.4707e-02	0.0000e+00
1.8999e+00	2.1021e-01	9.4722e-02	0.0000e+00
1.9018e+00	2.0972e-01	9.4745e-02	0.0000e+00
1.9025e+00	2.0926e-01	9.4773e-02	0.0000e+00
1.9020e+00	2.0907e-01	9.4798e-02	0.0000e+00
1.9007e+00	2.0935e-01	9.4830e-02	0.0000e+00
1.8979e+00	2.1015e-01	9.4857e-02	0.0000e+00
1.8922e+00	2.1122e-01	9.4887e-02	0.0000e+00
1.8831e+00	2.1226e-01	9.4918e-02	0.0000e+00
1.8727e+00	2.1309e-01	9.4959e-02	0.0000e+00
1.8635e+00	2.1359e-01	9.4997e-02	0.0000e+00
1.8570e+00	2.1376e-01	9.5033e-02	0.0000e+00
1.8526e+00	2.1367e-01	9.5056e-02	0.0000e+00
1.8457e+00	2.1385e-01	9.5067e-02	0.0000e+00
1.8389e+00	2.1400e-01	9.5099e-02	0.0000e+00
1.8361e+00	2.1387e-01	9.5126e-02	0.0000e+00
1.8382e+00	2.1350e-01	9.5152e-02	0.0000e+00
1.8441e+00	2.1299e-01	9.5249e-02	0.0000e+00
1.8540e+00	2.1229e-01	9.5375e-02	0.0000e+00
1.8681e+00	2.1134e-01	9.5450e-02	0.0000e+00
1.8841e+00	2.1024e-01	9.5509e-02	0.0000e+00
1.8986e+00	2.0915e-01	9.5557e-02	0.0000e+00
1.9079e+00	2.0834e-01	9.5574e-02	0.0000e+00
1.9070e+00	2.0837e-01	9.5589e-02	0.0000e+00
1.8961e+00	2.0898e-01	9.5607e-02	0.0000e+00
1.8787e+00	2.0977e-01	9.5621e-02	0.0000e+00
1.8586e+00	2.1077e-01	9.5639e-02	0.0000e+00
1.8402e+00	2.1201e-01	9.5668e-02	0.0000e+00
1.8273e+00	2.1319e-01	9.5712e-02	0.0000e+00
1.8225e+00	2.1386e-01	9.5765e-02	0.0000e+00
1.8230e+00	2.1389e-01	9.5817e-02	0.0000e+00
1.8217e+00	2.1413e-01	9.5861e-02	0.0000e+00
1.8141e+00	2.1485e-01	9.5917e-02	0.0000e+00
1.7986e+00	2.1582e-01	9.5980e-02	0.0000e+00
1.7784e+00	2.1687e-01	9.6049e-02	0.0000e+00
1.7583e+00	2.1784e-01	9.6141e-02	0.0000e+00
1.7429e+00	2.1863e-01	9.6257e-02	0.0000e+00
1.7366e+00	2.1904e-01	9.6401e-02	0.0000e+00
1.7423e+00	2.1883e-01	9.6562e-02	0.0000e+00
1.7559e+00	2.1797e-01	9.6703e-02	0.0000e+00
1.7702e+00	2.1716e-01	9.6843e-02	0.0000e+00
1.7817e+00	2.1641e-01	9.6965e-02	0.0000e+00
1.7885e+00	2.1576e-01	9.7056e-02	0.0000e+00
1.7898e+00	2.1537e-01	9.7115e-02	0.0000e+00
1.7880e+00	2.1533e-01	9.7158e-02	0.0000e+00
1.7860e+00	2.1540e-01	9.7170e-02	0.0000e+00
1.7848e+00	2.1527e-01	9.7172e-02	0.0000e+00
1.7843e+00	2.1489e-01	9.7164e-02	0.0000e+00
1.7846e+00	2.1423e-01	9.7137e-02	0.0000e+00
1.7895e+00	2.1296e-01	9.7092e-02	0.0000e+00
1.8027e+00	2.1139e-01	9.7043e-02	0.0000e+00
1.8236e+00	2.0995e-01	9.6990e-02	0.0000e+00
1.8474e+00	2.0879e-01	9.6937e-02	0.0000e+00
1.8669e+00	2.0790e-01	9.6877e-02	0.0000e+00
1.8766e+00	2.0730e-01	9.6818e-02	0.0000e+00
1.8740e+00	2.0711e-01	9.6772e-02	0.0000e+00
1.8609e+00	2.0763e-01	9.6738e-02	0.0000e+00
1.8445e+00	2.0873e-01	9.6703e-02	0.0000e+00
1.8338e+00	2.0906e-01	9.6669e-02	0.0000e+00
1.8326e+00	2.0869e-01	9.6647e-02	0.0000e+00
1.8400e+00	2.0783e-01	9.6630e-02	0.0000e+00
1.8508e+00	2.0685e-01	9.6624e-02	0.0000e+00
1.8588e+00	2.0630e-01	9.6637e-02	0.0000e+00
1.8618e+00	2.0615e-01	9.6669e-02	0.0000e+00
1.8600e+00	2.0651e-01	9.6731e-02	0.0000e+00
1.8568e+00	2.0747e-01	9.6824e-02	0.0000e+00
1.8569e+00	2.0793e-01	9.6931e-02	0.0000e+00
1.8599e+00	2.0783e-01	9.7037e-02	0.0000e+00
1.8627e+00	2.0756e-01	9.7121e-02	0.0000e+00
1.8618e+00	2.0747e-01	9.7206e-02	0.0000e+00
1.8534e+00	2.0791e-01	9.7282e-02	0.0000e+00
1.8378e+00	2.0853e-01	9.7351e-02	0.0000e+00
1.8186e+00	2.0926e-01	9.7410e-02	0.0000e+00
1.8003e+00	2.1007e-01	9.7464e-02	0.0000e+00
1.7859e+00	2.1106e-01	9.7501e-02	0.0000e+00
1.7769e+00	2.1216e-01	9.7541e-02	0.0000e+00
1.7714e+00	2.1319e-01	9.7574e-02	0.0000e+00
1.7625e+00	2.1458e-01	9.7604e-02	0.0000e+00
1.7499e+00	2.1619e-01	9.7635e-02	0.0000e+00
1.7359e+00	2.1804e-01	9.7684e-02	0.0000e+00
1.7236e+00	2.1985e-01	9.7715e-02	0.0000e+00
1.7149e+00	2.2150e-01	9.7753e-02	0.0000e+00
1.7102e+00	2.2272e-01	9.7817e-02	0.0000e+00
1.7078e+00	2.2326e-01	9.7894e-02	0.0000e+00
1.7108e+00	2.2289e-01	9.7976e-02	0.0000e+00
1.7202e+00	2.2208e-01	9.8044e-02	0.0000e+00
1.7349e+00	2.2103e-01	9.8091e-02	0.0000e+00
1.7515e+00	2.1987e-01	9.8109e-02	0.0000e+00
1.7659e+00	2.1876e-01	9.8111e-02	0.0000e+00
1.7750e+00	2.1787e-01	9.8107e-02	0.0000e+00
1.7782e+00	2.1749e-01	9.8105e-02	0.0000e+00
1.7798e+00	2.1726e-01	9.8109e-02	0.0000e+00
1.7808e+00	2.1696e-01	9.8130e-02	0.0000e+00
1.7802e+00	2.1676e-01	9.8167e-02	0.0000e+00
1.7762e+00	2.1697e-01	9.8197e-02	0.0000e+00
1.7667e+00	2.1760e-01	9.8230e-02	0.0000e+00
1.7521e+00	2.1853e-01	9.8271e-02	0.0000e+00
1.7358e+00	2.1961e-01	9.8303e-02	0.0000e+00
1.7219e+00	2.2059e-01	9.8305e-02	0.0000e+00
1.7131e+00	2.2123e-01	9.8282e-02	0.0000e+00
1.7091e+00	2.2110e-01	9.8281e-02	0.0000e+00
1.7077e+00	2.1993e-01	9.8306e-02	0.0000e+00
1.7094e+00	2.1799e-01	9.8328e-02	0.0000e+00
1.7142e+00	2.1670e-01	9.8393e-02	0.0000e+00
1.7185e+00	2.1605e-01	9.8453e-02	0.0000e+00
1.7207e+00	2.1567e-01	9.8463e-02	0.0000e+00
1.7205e+00	2.1535e-01	9.8466e-02	0.0000e+00
1.7184e+00	2.1502e-01	9.8476e-02	0.0000e+00
1.7158e+00	2.1482e-01	9.8501e-02	0.0000e+00
1.7128e+00	2.1505e-01	9.8527e-02	0.0000e+00
1.7102e+00	2.1553e-01	9.8549e-02	0.0000e+00
1.7082e+00	2.1619e-01	9.8576e-02	0.0000e+00
1.7062e+00	2.1692e-01	9.8638e-02	0.0000e+00
1.7035e+00	2.1778e-01	9.8775e-02	0.0000e+00
1.7001e+00	2.1881e-01	9.8930e-02	0.0000e+00
1.6970e+00	2.1954e-01	9.9070e-02	0.0000e+00
1.6971e+00	2.1931e-01	9.9195e-02	0.0000e+00
1.7031e+00	2.1846e-01	9.9273e-02	0.0000e+00
1.7148e+00	2.1728e-01	9.9323e-02	0.0000e+00
1.7285e+00	2.1610e-01	9.9354e-02	0.0000e+00
1.7384e+00	2.1530e-01	9.9325e-02	0.0000e+00
1.7417e+00	2.1477e-01	9.9224e-02	0.0000e+00
1.7401e+00	2.1442e-01	9.9117e-02	0.0000e+00
1.7372e+00	2.1414e-01	9.9075e-02	0.0000e+00
1.7366e+00	2.1376e-01	9.9090e-02	0.0000e+00
1.7380e+00	2.1341e-01	9.9163e-02	0.0000e+00
1.7399e+00	2.1307e-01	9.9260e-02	0.0000e+00
1.7407e+00	2.1273e-01	9.9334e-02	0.0000e+00
1.7394e+00	2.1248e-01	9.9377e-02	0.0000e+00
1.7368e+00	2.1233e-01	9.9410e-02	0.0000e+00
1.7344e+00	2.1206e-01	9.9465e-02	0.0000e+00
1.7333e+00	2.1146e-01	9.9536e-02	0.0000e+00
1.7299e+00	2.1165e-01	9.9633e-02	0.0000e+00
1.7188e+00	2.1266e-01	9.9742e-02	0.0000e+00
1.6988e+00	2.1394e-01	9.9857e-02	0.0000e+00
1.6731e+00	2.1524e-01	9.9976e-02	0.0000e+00
1.6464e+00	2.1650e-01	1.0007e-01	0.0000e+00
1.6223e+00	2.1773e-01	1.0013e-01	0.0000e+00
1.6020e+00	2.1882e-01	1.0015e-01	0.0000e+00
1.5826e+00	2.1961e-01	1.0014e-01	0.0000e+00
1.5643e+00	2.2003e-01	1.0012e-01	0.0000e+00
1.5511e+00	2.2016e-01	1.0007e-01	0.0000e+00
1.5455e+00	2.2012e-01	1.0002e-01	0.0000e+00
1.5463e+00	2.1998e-01	9.9968e-02	0.0000e+00
1.5489e+00	2.1982e-01	9.9919e-02	0.0000e+00
1.5540e+00	2.1953e-01	9.9877e-02	0.0000e+00
1.5618e+00	2.1919e-01	9.9830e-02	0.0000e+00
1.5701e+00	2.1888e-01	9.9771e-02	0.0000e+00
1.5771e+00	2.1863e-01	9.9691e-02	0.0000e+00
1.5819e+00	2.1837e-01	9.9619e-02	0.0000e+00
1.5898e+00	2.1779e-01	9.9544e-02	0.0000e+00
1.6061e+00	2.1685e-01	9.9469e-02	0.0000e+00
1.6286e+00	2.1580e-01	9.9379e-02	0.0000e+00
1.6534e+00	2.1462e-01	9.9276e-02	0.0000e+00
1.6756e+00	2.1325e-01	9.9174e-02	0.0000e+00
1.6908e+00	2.1196e-01	9.9078e-02	0.0000e+00
1.6973e+00	2.1108e-01	9.8967e-02	0.0000e+00
1.6990e+00	2.1100e-01	9.8850e-02	0.0000e+00
1.6996e+00	2.1127e-01	9.8740e-02	0.0000e+00
1.6997e+00	2.1165e-01	9.8643e-02	0.0000e+00
1.7000e+00	2.1216e-01	9.8550e-02	0.0000e+00
1.7007e+00	2.1269e-01	9.8431e-02	0.0000e+00
1.7034e+00	2.1286e-01	9.8305e-02	0.0000e+00
1.7116e+00	2.1236e-01	9.8214e-02	0.0000e+00
1.7254e+00	2.1169e-01	9.8154e-02	0.0000e+00
1.7416e+00	2.1115e-01	9.8118e-02	0.0000e+00
1.7566e+00	2.1069e-01	9.8080e-02	0.0000e+00
1.7667e+00	2.1026e-01	9.8018e-02	0.0000e+00
1.7673e+00	2.1001e-01	9.7929e-02	0.0000e+00
1.7572e+00	2.1019e-01	9.7854e-02	0.0000e+00
1.7414e+00	2.1109e-01	9.7778e-02	0.0000e+00
1.7271e+00	2.1213e-01	9.7719e-02	0.0000e+00
1.7173e+00	2.1315e-01	9.7677e-02	0.0000e+00
1.7123e+00	2.1409e-01	9.7655e-02	0.0000e+00
1.7097e+00	2.1506e-01	9.7630e-02	0.0000e+00
1.7076e+00	2.1620e-01	9.7603e-02	0.0000e+00
1.7063e+00	2.1695e-01	9.7551e-02	0.0000e+00
1.7062e+00	2.1703e-01	9.7495e-02	0.0000e+00
1.7063e+00	2.1686e-01	9.7460e-02	0.0000e+00
1.7049e+00	2.1680e-01	9.7447e-02	0.0000e+00
1.7029e+00	2.1674e-01	9.7436e-02	0.0000e+00
1.7012e+00	2.1653e-01	9.7429e-02	0.0000e+00
1.7001e+00	2.1626e-01	9.7424e-02	0.0000e+00
1.6999e+00	2.1605e-01	9.7412e-02	0.0000e+00
1.7001e+00	2.1589e-01	9.7386e-02	0.0000e+00
1.7005e+00	2.1588e-01	9.7379e-02	0.0000e+00
1.7015e+00	2.1610e-01	9.7367e-02	0.0000e+00
1.7014e+00	2.1677e-01	9.7333e-02	0.0000e+00
1.7013e+00	2.1746e-01	9.7314e-02	0.0000e+00
1.7034e+00	2.1794e-01	9.7291e-02	0.0000e+00
1.7079e+00	2.1830e-01	9.7268e-02	0.0000e+00
1.7145e+00	2.1857e-01	9.7254e-02	0.0000e+00
1.7220e+00	2.1876e-01	9.7265e-02	0.0000e+00
1.7284e+00	2.1887e-01	9.7267e-02	0.0000e+00
1.7314e+00	2.1898e-01	9.7246e-02	0.0000e+00
1.7314e+00	2.1915e-01	9.7219e-02	0.0000e+00
1.7313e+00	2.1909e-01	9.7185e-02	0.0000e+00
1.7323e+00	2.1867e-01	9.7140e-02	0.0000e+00
1.7334e+00	2.1803e-01	9.7092e-02	0.0000e+00
1.7303e+00	2.1796e-01	9.7052e-02	0.0000e+00
1.7193e+00	2.1833e-01	9.7039e-02	0.0000e+00
1.7007e+00	2.1897e-01	9.7176e-02	0.0000e+00
1.6782e+00	2.1982e-01	9.7360e-02	0.0000e+00
1.6564e+00	2.2086e-01	9.7480e-02	0.0000e+00
1.6398e+00	2.2201e-01	9.7535e-02	0.0000e+00
1.6307e+00	2.2303e-01	9.7474e-02	0.0000e+00
1.6290e+00	2.2331e-01	9.7374e-02	0.0000e+00
1.6299e+00	2.2296e-01	9.7286e-02	0.0000e+00
1.6267e+00	2.2343e-01	9.7199e-02	0.0000e+00
1.6175e+00	2.2470e-01	9.7098e-02	0.0000e+00
1.6049e+00	2.2603e-01	9.7025e-02	0.0000e+00
1.5933e+00	2.2694e-01	9.6980e-02	0.0000e+00
1.5873e+00	2.2741e-01	9.6950e-02	0.0000e+00
1.5911e+00	2.2730e-01	9.6939e-02	0.0000e+00
1.6062e+00	2.2650e-01	9.6940e-02	0.0000e+00
1.6289e+00	2.2490e-01	9.6942e-02	0.0000e+00
1.6513e+00	2.2359e-01	9.6941e-02	0.0000e+00
1.6689e+00	2.2255e-01	9.6937e-02	0.0000e+00
1.6789e+00	2.2173e-01	9.6927e-02	0.0000e+00
1.6823e+00	2.2141e-01	9.6911e-02	0.0000e+00
1.6838e+00	2.2156e-01	9.6886e-02	0.0000e+00
1.6861e+00	2.2171e-01	9.6860e-02	0.0000e+00
1.6881e+00	2.2194e-01	9.6832e-02	0.0000e+00
1.6888e+00	2.2247e-01	9.6820e-02	0.0000e+00
1.6882e+00	2.2342e-01	9.6811e-02	0.0000e+00
1.6870e+00	2.2475e-01	9.6808e-02	0.0000e+00
1.6871e+00	2.2562e-01	9.6811e-02	0.0000e+00
1.6928e+00	2.2502e-01	9.6815e-02	0.0000e+00
1.7042e+00	2.2365e-01	9.6817e-02	0.0000e+00
1.7206e+00	2.2190e-01	9.6806e-02	0.0000e+00
1.7399e+00	2.2013e-01	9.6787e-02	0.0000e+00
1.7600e+00	2.1840e-01	9.6760e-02	0.0000e+00
1.7782e+00	2.1694e-01	9.6731e-02	0.0000e+00
1.7920e+00	2.1606e-01	9.6718e-02	0.0000e+00
1.7955e+00	2.1607e-01	9.6721e-02	0.0000e+00
1.7873e+00	2.1666e-01	9.6726e-02	0.0000e+00
1.7773e+00	2.1701e-01	9.6726e-02	0.0000e+00
1.7716e+00	2.1709e-01	9.6716e-02	0.0000e+00
1.7734e+00	2.1697e-01	9.6692e-02	0.0000e+00
1.7830e+00	2.1660e-01	9.6661e-02	0.0000e+00
1.7966e+00	2.1584e-01	9.6628e-02	0.0000e+00
1.8068e+00	2.1516e-01	9.6599e-02	0.0000e+00
1.8128e+00	2.1493e-01	9.6592e-02	0.0000e+00
1.8178e+00	2.1492e-01	9.6590e-02	0.0000e+00
1.8229e+00	2.1476e-01	9.6584e-02	0.0000e+00
1.8268e+00	2.1455e-01	9.6590e-02	0.0000e+00
1.8316e+00	2.1421e-01	9.6607e-02	0.0000e+00
1.8431e+00	2.1342e-01	9.6583e-02	0.0000e+00
1.8622e+00	2.1245e-01	9.6543e-02	0.0000e+00
1.8874e+00	2.1132e-01	9.6509e-02	0.0000e+00
1.9147e+00	2.1005e-01	9.6469e-02	0.0000e+00
1.9388e+00	2.0887e-01	9.6417e-02	0.0000e+00
1.9523e+00	2.0843e-01	9.6397e-02	0.0000e+00
1.9510e+00	2.0884e-01	9.6391e-02	0.0000e+00
1.9393e+00	2.0992e-01	9.6398e-02	0.0000e+00
1.9246e+00	2.1115e-01	9.6425e-02	0.0000e+00
1.9110e+00	2.1233e-01	9.6497e-02	0.0000e+00
1.9009e+00	2.1351e-01	9.6579e-02	0.0000e+00
1.8959e+00	2.1437e-01	9.6626e-02	0.0000e+00
1.8952e+00	2.1462e-01	9.6650e-02	0.0000e+00
1.8958e+00	2.1471e-01	9.6672e-02	0.0000e+00
1.8975e+00	2.1453e-01	9.6734e-02	0.0000e+00
1.9012e+00	2.1380e-01	9.6842e-02	0.0000e+00
1.9064e+00	2.1249e-01	9.7012e-02	0.0000e+00
1.9123e+00	2.1067e-01	9.7346e-02	0.0000e+00
1.9183e+00	2.0892e-01	9.7738e-02	0.0000e+00
1.9214e+00	2.0809e-01	9.8149e-02	0.0000e+00
1.9183e+00	2.0799e-01	9.8515e-02	0.0000e+00
1.9092e+00	2.0826e-01	9.8750e-02	0.0000e+00
1.8969e+00	2.0880e-01	9.8979e-02	0.0000e+00
1.8842e+00	2.0983e-01	9.9162e-02	0.0000e+00
1.8738e+00	2.1146e-01	9.9281e-02	0.0000e+00
1.8659e+00	2.1359e-01	9.9398e-02	0.0000e+00
1.8605e+00	2.1536e-01	9.9532e-02	0.0000e+00
1.8551e+00	2.1676e-01	9.9710e-02	0.0000e+00
1.8494e+00	2.1787e-01	9.9872e-02	0.0000e+00
1.8436e+00	2.1885e-01	9.9989e-02	0.0000e+00
1.8389e+00	2.1969e-01	1.0006e-01	0.0000e+00
1.8364e+00	2.2024e-01	1.0009e-01	0.0000e+00
1.8367e+00	2.2036e-01	1.0011e-01	0.0000e+00
1.8385e+00	2.2020e-01	1.0012e-01	0.0000e+00
1.8408e+00	2.1998e-01	1.0015e-01	0.0000e+00
1.8438e+00	2.1953e-01	1.0018e-01	0.0000e+00
1.8473e+00	2.1894e-01	1.0018e-01	0.0000e+00
1.8507e+00	2.1830e-01	1.0019e-01	0.0000e+00
1.8533e+00	2.1772e-01	1.0020e-01	0.0000e+00
1.8541e+00	2.1736e-01	1.0019e-01	0.0000e+00
1.8535e+00	2.1702e-01	1.0019e-01	0.0000e+00
1.8526e+00	2.1649e-01	1.0020e-01	0.0000e+00
1.8516e+00	2.1605e-01	1.0021e-01	0.0000e+00
1.8492e+00	2.1601e-01	1.0021e-01	0.0000e+00
1.8447e+00	2.1636e-01	1.0021e-01	0.0000e+00
1.8394e+00	2.1694e-01	1.0021e-01	0.0000e+00
1.8362e+00	2.1738e-01	1.0019e-01	0.0000e+00
1.8345e+00	2.1755e-01	1.0018e-01	0.0000e+00
1.8310e+00	2.1760e-01	1.0016e-01	0.0000e+00
1.8241e+00	2.1767e-01	1.0018e-01	0.0000e+00
1.8146e+00	2.1784e-01	1.0021e-01	0.0000e+00
1.8042e+00	2.1814e-01	1.0018e-01	0.0000e+00
1.7957e+00	2.1863e-01	1.0012e-01	0.0000e+00
1.7851e+00	2.1969e-01	1.0006e-01	0.0000e+00
1.7659e+00	2.2151e-01	9.9976e-02	0.0000e+00
1.7405e+00	2.2358e-01	9.9920e-02	0.0000e+00
1.7139e+00	2.2547e-01	9.9874e-02	0.0000e+00
1.6910e+00	2.2715e-01	9.9825e-02	0.0000e+00
1.6751e+00	2.2863e-01	9.9794e-02	0.0000e+00
1.6677e+00	2.2951e-01	9.9777e-02	0.0000e+00
1.6649e+00	2.2945e-01	9.9751e-02	0.0000e+00
1.6626e+00	2.2920e-01	9.9737e-02	0.0000e+00
1.6597e+00	2.2916e-01	9.9713e-02	0.0000e+00
1.6560e+00	2.2943e-01	9.9688e-02	0.0000e+00
1.6529e+00	2.2969e-01	9.9669e-02	0.0000e+00
1.6491e+00	2.3013e-01	9.9658e-02	0.0000e+00
1.6411e+00	2.3106e-01	9.9648e-02	0.0000e+00
1.6270e+00	2.3222e-01	9.9656e-02	0.0000e+00
1.6111e+00	2.3300e-01	9.9655e-02	0.0000e+00
1.6029e+00	2.3328e-01	9.9652e-02	0.0000e+00
1.6082e+00	2.3331e-01	9.9644e-02	0.0000e+00
1.6272e+00	2.3313e-01	9.9642e-02	0.0000e+00
1.6550e+00	2.3256e-01	9.9622e-02	0.0000e+00
1.6828e+00	2.3134e-01	9.9588e-02	0.0000e+00
1.7037e+00	2.3008e-01	9.9557e-02	0.0000e+00
1.7208e+00	2.2884e-01	9.9542e-02	0.0000e+00
1.7406e+00	2.2735e-01	9.9550e-02	0.0000e+00
1.7638e+00	2.2549e-01	9.9570e-02	0.0000e+00
1.7873e+00	2.2344e-01	9.9571e-02	0.0000e+00
1.8107e+00	2.2166e-01	9.9538e-02	0.0000e+00
1.8339e+00	2.2031e-01	9.9470e-02	0.0000e+00
1.8556e+00	2.1920e-01	9.9405e-02	0.0000e+00
1.8738e+00	2.1825e-01	9.9341e-02	0.0000e+00
1.8864e+00	2.1752e-01	9.9301e-02	0.0000e+00
1.8931e+00	2.1717e-01	9.9273e-02	0.0000e+00
1.8957e+00	2.1712e-01	9.9238e-02	0.0000e+00
1.8959e+00	2.1736e-01	9.9202e-02	0.0000e+00
1.8942e+00	2.1779e-01	9.9171e-02	0.0000e+00
1.8914e+00	2.1834e-01	9.9149e-02	0.0000e+00
1.8878e+00	2.1894e-01	9.9136e-02	0.0000e+00
1.8831e+00	2.1950e-01	9.9123e-02	0.0000e+00
1.8735e+00	2.2049e-01	9.9123e-02	0.0000e+00
1.8569e+00	2.2190e-01	9.9157e-02	0.0000e+00
1.8356e+00	2.2345e-01	9.9280e-02	0.0000e+00
1.8126e+00	2.2501e-01	9.9401e-02	0.0000e+00
1.7923e+00	2.2646e-01	9.9488e-02	0.0000e+00
1.7778e+00	2.2794e-01	9.9544e-02	0.0000e+00
1.7707e+00	2.2919e-01	9.9571e-02	0.0000e+00
1.7681e+00	2.3023e-01	9.9571e-02	0.0000e+00
1.7662e+00	2.3124e-01	9.9526e-02	0.0000e+00
1.7640e+00	2.3210e-01	9.9409e-02	0.0000e+00
1.7618e+00	2.3282e-01	9.9284e-02	0.0000e+00
1.7593e+00	2.3349e-01	9.9183e-02	0.0000e+00
1.7569e+00	2.3411e-01	9.9150e-02	0.0000e+00
1.7547e+00	2.3469e-01	9.9178e-02	0.0000e+00
1.7526e+00	2.3534e-01	9.9232e-02	0.0000e+00
1.7510e+00	2.3595e-01	9.9308e-02	0.0000e+00
1.7507e+00	2.3618e-01	9.9438e-02	0.0000e+00
1.7520e+00	2.3614e-01	9.9563e-02	0.0000e+00
1.7535e+00	2.3615e-01	9.9603e-02	0.0000e+00
1.7545e+00	2.3627e-01	9.9556e-02	0.0000e+00
1.7557e+00	2.3619e-01	9.9464e-02	0.0000e+00
1.7601e+00	2.3512e-01	9.9375e-02	0.0000e+00
1.7685e+00	2.3374e-01	9.9325e-02	0.0000e+00
1.7780e+00	2.3270e-01	9.9310e-02	0.0000e+00
1.7844e+00	2.3205e-01	9.9320e-02	0.0000e+00
1.7831e+00	2.3189e-01	9.9344e-02	0.0000e+00
1.7728e+00	2.3225e-01	9.9365e-02	0.0000e+00
1.7643e+00	2.3250e-01	9.9390e-02	0.0000e+00
1.7639e+00	2.3259e-01	9.9397e-02	0.0000e+00
1.7734e+00	2.3267e-01	9.9409e-02	0.0000e+00
1.7908e+00	2.3269e-01	9.9481e-02	0.0000e+00
1.8123e+00	2.3235e-01	9.9609e-02	0.0000e+00
1.8293e+00	2.3167e-01	9.9738e-02	0.0000e+00
1.8373e+00	2.3138e-01	9.9784e-02	0.0000e+00
1.8405e+00	2.3160e-01	9.9772e-02	0.0000e+00
1.8433e+00	2.3182e-01	9.9751e-02	0.0000e+00
1.8466e+00	2.3176e-01	9.9725e-02	0.0000e+00
1.8504e+00	2.3143e-01	9.9696e-02	0.0000e+00
1.8534e+00	2.3153e-01	9.9665e-02	0.0000e+00
1.8512e+00	2.3294e-01	9.9633e-02	0.0000e+00
1.8425e+00	2.3506e-01	9.9609e-02	0.0000e+00
1.8280e+00	2.3714e-01	9.9595e-02	0.0000e+00
1.8102e+00	2.3884e-01	9.9597e-02	0.0000e+00
1.7918e+00	2.4030e-01	9.9595e-02	0.0000e+00
1.7753e+00	2.4169e-01	9.9587e-02	0.0000e+00
1.7623e+00	2.4286e-01	9.9587e-02	0.0000e+00
1.7545e+00	2.4357e-01	9.9593e-02	0.0000e+00
1.7515e+00	2.4375e-01	9.9589e-02	0.0000e+00
1.7449e+00	2.4423e-01	9.9578e-02	0.0000e+00
1.7315e+00	2.4533e-01	9.9555e-02	0.0000e+00
1.7137e+00	2.4690e-01	9.9547e-02	0.0000e+00
1.6954e+00	2.4839e-01	9.9541e-02	0.0000e+00
1.6809e+00	2.4954e-01	9.9525e-02	0.0000e+00
1.6724e+00	2.5032e-01	9.9500e-02	0.0000e+00
1.6690e+00	2.5046e-01	9.9484e-02	0.0000e+00
1.6670e+00	2.5024e-01	9.9486e-02	0.0000e+00
1.6671e+00	2.4977e-01	9.9494e-02	0.0000e+00
1.6742e+00	2.4893e-01	9.9489e-02	0.0000e+00
1.6881e+00	2.4794e-01	9.9484e-02	0.0000e+00
1.7017e+00	2.4727e-01	9.9479e-02	0.0000e+00
1.7098e+00	2.4681e-01	9.9477e-02	0.0000e+00
1.7092e+00	2.4654e-01	9.9474e-02	0.0000e+00
1.7004e+00	2.4654e-01	9.9481e-02	0.0000e+00
1.6876e+00	2.4685e-01	9.9486e-02	0.0000e+00
1.6766e+00	2.4747e-01	9.9509e-02	0.0000e+00
1.6696e+00	2.4825e-01	9.9571e-02	0.0000e+00
1.6666e+00	2.4859e-01	9.9665e-02	0.0000e+00
1.6652e+00	2.4862e-01	9.9754e-02	0.0000e+00
1.6657e+00	2.4837e-01	9.9810e-02	0.0000e+00
1.6681e+00	2.4783e-01	9.9843e-02	0.0000e+00
1.6712e+00	2.4725e-01	9.9872e-02	0.0000e+00
1.6746e+00	2.4665e-01	9.9926e-02	0.0000e+00
1.6782e+00	2.4597e-01	9.9961e-02	0.0000e+00
1.6806e+00	2.4544e-01	1.0001e-01	0.0000e+00
1.6810e+00	2.4522e-01	1.0010e-01	0.0000e+00
1.6792e+00	2.4525e-01	1.0018e-01	0.0000e+00
1.6756e+00	2.4564e-01	1.0028e-01	0.0000e+00
1.6707e+00	2.4637e-01	1.0040e-01	0.0000e+00
1.6648e+00	2.4736e-01	1.0052e-01	0.0000e+00
1.6586e+00	2.4839e-01	1.0063e-01	0.0000e+00
1.6530e+00	2.4931e-01	1.0073e-01	0.0000e+00
1.6486e+00	2.4993e-01	1.0081e-01	0.0000e+00
1.6461e+00	2.5003e-01	1.0087e-01	0.0000e+00
1.6455e+00	2.4958e-01	1.0096e-01	0.0000e+00
1.6469e+00	2.4846e-01	1.0105e-01	0.0000e+00
1.6489e+00	2.4744e-01	1.0113e-01	0.0000e+00
1.6511e+00	2.4663e-01	1.0118e-01	0.0000e+00
1.6541e+00	2.4587e-01	1.0121e-01	0.0000e+00
1.6586e+00	2.4492e-01	1.0123e-01	0.0000e+00
1.6653e+00	2.4373e-01	1.0121e-01	0.0000e+00
1.6743e+00	2.4260e-01	1.0117e-01	0.0000e+00
1.6845e+00	2.4170e-01	1.0111e-01	0.0000e+00
1.6944e+00	2.4108e-01	1.0104e-01	0.0000e+00
1.7013e+00	2.4082e-01	1.0097e-01	0.0000e+00
1.7036e+00	2.4090e-01	1.0089e-01	0.0000e+00
1.7013e+00	2.4149e-01	1.0083e-01	0.0000e+00
1.6992e+00	2.4207e-01	1.0077e-01	0.0000e+00
1.7022e+00	2.4196e-01	1.0070e-01	0.0000e+00
1.7117e+00	2.4141e-01	1.0063e-01	0.0000e+00
1.7268e+00	2.4070e-01	1.0055e-01	0.0000e+00
1.7445e+00	2.4016e-01	1.0047e-01	0.0000e+00
1.7624e+00	2.3981e-01	1.0041e-01	0.0000e+00
1.7817e+00	2.3944e-01	1.0035e-01	0.0000e+00
1.8044e+00	2.3894e-01	1.0029e-01	0.0000e+00
1.8275e+00	2.3827e-01	1.0023e-01	0.0000e+00
1.8446e+00	2.3763e-01	1.0018e-01	0.0000e+00
1.8494e+00	2.3737e-01	1.0013e-01	0.0000e+00
1.8402e+00	2.3778e-01	1.0008e-01	0.0000e+00
1.8234e+00	2.3871e-01	1.0004e-01	0.0000e+00
1.8091e+00	2.3915e-01	1.0000e-01	0.0000e+00
1.8009e+00	2.3915e-01	9.9968e-02	0.0000e+00
1.7984e+00	2.3892e-01	9.9944e-02	0.0000e+00
1.7988e+00	2.3841e-01	9.9925e-02	0.0000e+00
1.7990e+00	2.3795e-01	9.9889e-02	0.0000e+00
1.7989e+00	2.3764e-01	9.9842e-02	0.0000e+00
1.8048e+00	2.3666e-01	9.9790e-02	0.0000e+00
1.8194e+00	2.3540e-01	9.9726e-02	0.0000e+00
1.8416e+00	2.3398e-01	9.9674e-02	0.0000e+00
1.8664e+00	2.3262e-01	9.9647e-02	0.0000e+00
1.8882e+00	2.3148e-01	9.9630e-02	0.0000e+00
1.9035e+00	2.3051e-01	9.9626e-02	0.0000e+00
1.9117e+00	2.2968e-01	9.9610e-02	0.0000e+00
1.9146e+00	2.2916e-01	9.9587e-02	0.0000e+00
1.9142e+00	2.2935e-01	9.9572e-02	0.0000e+00
1.9129e+00	2.2988e-01	9.9564e-02	0.0000e+00
1.9106e+00	2.3077e-01	9.9588e-02	0.0000e+00
1.9072e+00	2.3203e-01	9.9647e-02	0.0000e+00
1.9001e+00	2.3388e-01	9.9727e-02	0.0000e+00
1.8840e+00	2.3598e-01	9.9844e-02	0.0000e+00
1.8577e+00	2.3786e-01	1.0001e-01	0.0000e+00
1.8243e+00	2.3964e-01	1.0022e-01	0.0000e+00
1.7911e+00	2.4101e-01	1.0043e-01	0.0000e+00
1.7643e+00	2.4207e-01	1.0064e-01	0.0000e+00
1.7460e+00	2.4291e-01	1.0083e-01	0.0000e+00
1.7313e+00	2.4364e-01	1.0099e-01	0.0000e+00
1.7135e+00	2.4449e-01	1.0114e-01	0.0000e+00
1.6920e+00	2.4552e-01	1.0122e-01	0.0000e+00
1.6704e+00	2.4650e-01	1.0123e-01	0.0000e+00
1.6492e+00	2.4739e-01	1.0123e-01	0.0000e+00
1.6282e+00	2.4825e-01	1.0115e-01	0.0000e+00
1.6115e+00	2.4881e-01	1.0106e-01	0.0000e+00
1.6052e+00	2.4893e-01	1.0101e-01	0.0000e+00
1.6126e+00	2.4865e-01	1.0095e-01	0.0000e+00
1.6316e+00	2.4800e-01	1.0091e-01	0.0000e+00
1.6559e+00	2.4700e-01	1.0086e-01	0.0000e+00
1.6787e+00	2.4564e-01	1.0080e-01	0.0000e+00
1.6946e+00	2.4421e-01	1.0074e-01	0.0000e+00
1.7017e+00	2.4301e-01	1.0066e-01	0.0000e+00
1.7022e+00	2.4252e-01	1.0055e-01	0.0000e+00
1.7015e+00	2.4206e-01	1.0042e-01	0.0000e+00
1.7013e+00	2.4144e-01	1.0030e-01	0.0000e+00
1.7019e+00	2.4060e-01	1.0019e-01	0.0000e+00
1.7030e+00	2.3963e-01	1.0011e-01	0.0000e+00
1.7047e+00	2.3871e-01	1.0003e-01	0.0000e+00
1.7073e+00	2.3791e-01	9.9957e-02	0.0000e+00
1.7107e+00	2.3704e-01	9.9885e-02	0.0000e+00
1.7136e+00	2.3637e-01	9.9816e-02	0.0000e+00
1.7153e+00	2.3588e-01	9.9705e-02	0.0000e+00
1.7153e+00	2.3575e-01	9.9580e-02	0.0000e+00
1.7142e+00	2.3589e-01	9.9495e-02	0.0000e+00
1.7150e+00	2.3562e-01	9.9401e-02	0.0000e+00
1.7207e+00	2.3495e-01	9.9308e-02	0.0000e+00
1.7302e+00	2.3418e-01	9.9225e-02	0.0000e+00
1.7416e+00	2.3332e-01	9.9156e-02	0.0000e+00
1.7535e+00	2.3228e-01	9.9124e-02	0.0000e+00
1.7667e+00	2.3107e-01	9.9110e-02	0.0000e+00
1.7838e+00	2.2987e-01	9.9100e-02	0.0000e+00
1.8037e+00	2.2875e-01	9.9076e-02	0.0000e+00
1.8230e+00	2.2768e-01	9.9045e-02	0.0000e+00
1.8378e+00	2.2674e-01	9.9008e-02	0.0000e+00
1.8460e+00	2.2624e-01	9.8978e-02	0.0000e+00
1.8465e+00	2.2690e-01	9.8948e-02	0.0000e+00
1.8396e+00	2.2859e-01	9.8903e-02	0.0000e+00
1.8287e+00	2.3072e-01	9.8794e-02	0.0000e+00
1.8170e+00	2.3320e-01	9.8695e-02	0.0000e+00
1.8084e+00	2.3552e-01	9.8652e-02	0.0000e+00
1.8033e+00	2.3709e-01	9.8631e-02	0.0000e+00
1.7921e+00	2.3830e-01	9.8640e-02	0.0000e+00
1.7719e+00	2.3932e-01	9.8697e-02	0.0000e+00
1.7450e+00	2.4019e-01	9.8762e-02	0.0000e+00
1.7165e+00	2.4102e-01	9.8843e-02	0.0000e+00
1.6906e+00	2.4202e-01	9.8950e-02	0.0000e+00
1.6716e+00	2.4326e-01	9.9063e-02	0.0000e+00
1.6620e+00	2.4432e-01	9.9177e-02	0.0000e+00
1.6572e+00	2.4485e-01	9.9321e-02	0.0000e+00
1.6529e+00	2.4500e-01	9.9488e-02	0.0000e+00
1.6498e+00	2.4450e-01	9.9656e-02	0.0000e+00
1.6483e+00	2.4339e-01	9.9819e-02	0.0000e+00
1.6476e+00	2.4205e-01	9.9919e-02	0.0000e+00
1.6472e+00	2.4071e-01	9.9964e-02	0.0000e+00
1.6471e+00	2.3946e-01	1.0003e-01	0.0000e+00
1.6479e+00	2.3859e-01	1.0012e-01	0.0000e+00
1.6518e+00	2.3776e-01	1.0020e-01	0.0000e+00
1.6621e+00	2.3667e-01	1.0027e-01	0.0000e+00
1.6804e+00	2.3533e-01	1.0030e-01	0.0000e+00
1.7048e+00	2.3392e-01	1.0031e-01	0.0000e+00
1.7299e+00	2.3267e-01	1.0030e-01	0.0000e+00
1.7503e+00	2.3169e-01	1.0027e-01	0.0000e+00
1.7633e+00	2.3093e-01	1.0024e-01	0.0000e+00
1.7693e+00	2.3037e-01	1.0019e-01	0.0000e+00
1.7721e+00	2.2981e-01	1.0014e-01	0.0000e+00
1.7731e+00	2.2939e-01	1.0010e-01	0.0000e+00
1.7724e+00	2.2931e-01	1.0004e-01	0.0000e+00
1.7703e+00	2.2944e-01	9.9943e-02	0.0000e+00
1.7667e+00	2.2986e-01	9.9858e-02	0.0000e+00
1.7625e+00	2.3050e-01	9.9801e-02	0.0000e+00
1.7565e+00	2.3145e-01	9.9767e-02	0.0000e+00
1.7453e+00	2.3261e-01	9.9760e-02	0.0000e+00
1.7271e+00	2.3391e-01	9.9761e-02	0.0000e+00
1.7032e+00	2.3501e-01	9.9747e-02	0.0000e+00
1.6773e+00	2.3585e-01	9.9717e-02	0.0000e+00
1.6541e+00	2.3672e-01	9.9660e-02	0.0000e+00
1.6373e+00	2.3776e-01	9.9604e-02	0.0000e+00
1.6271e+00	2.3891e-01	9.9553e-02	0.0000e+00
1.6226e+00	2.3982e-01	9.9517e-02	0.0000e+00
1.6270e+00	2.3944e-01	9.9493e-02	0.0000e+00
1.6326e+00	2.3897e-01	9.9475e-02	0.0000e+00
1.6373e+00	2.3873e-01	9.9453e-02	0.0000e+00
1.6410e+00	2.3877e-01	9.9448e-02	0.0000e+00
1.6443e+00	2.3898e-01	9.9446e-02	0.0000e+00
1.6478e+00	2.3919e-01	9.9455e-02	0.0000e+00
1.6514e+00	2.3940e-01	9.9478e-02	0.0000e+00
1.6548e+00	2.3961e-01	9.9498e-02	0.0000e+00
1.6582e+00	2.3977e-01	9.9502e-02	0.0000e+00
1.6622e+00	2.3991e-01	9.9496e-02	0.0000e+00
1.6671e+00	2.3997e-01	9.9473e-02	0.0000e+00
1.6896e+00	2.3869e-01	9.9421e-02	0.0000e+00
1.7059e+00	2.3740e-01	9.9383e-02	0.0000e+00
1.7146e+00	2.3626e-01	9.9348e-02	0.0000e+00
1.7176e+00	2.3585e-01	9.9314e-02	0.0000e+00
1.7189e+00	2.3587e-01	9.9267e-02	0.0000e+00
1.7202e+00	2.3590e-01	9.9216e-02	0.0000e+00
1.7219e+00	2.3576e-01	9.9256e-02	0.0000e+00
1.7237e+00	2.3525e-01	9.9513e-02	0.0000e+00
1.7252e+00	2.3462e-01	9.9793e-02	0.0000e+00
1.7257e+00	2.3416e-01	9.9733e-02	0.0000e+00
1.7253e+00	2.3405e-01	9.9563e-02	0.0000e+00
1.7238e+00	2.3432e-01	9.9397e-02	0.0000e+00
1.7216e+00	2.3478e-01	9.9268e-02	0.0000e+00
1.7181e+00	2.3527e-01	9.9193e-02	0.0000e+00
1.7116e+00	2.3560e-01	9.9147e-02	0.0000e+00
1.7017e+00	2.3588e-01	9.9122e-02	0.0000e+00
1.6906e+00	2.3631e-01	9.9107e-02	0.0000e+00
1.6823e+00	2.3688e-01	9.9112e-02	0.0000e+00
1.6791e+00	2.3744e-01	9.9144e-02	0.0000e+00
1.6807e+00	2.3759e-01	9.9227e-02	0.0000e+00
1.6818e+00	2.3765e-01	9.9285e-02	0.0000e+00
1.6777e+00	2.3821e-01	9.9312e-02	0.0000e+00
1.6673e+00	2.3893e-01	9.9333e-02	0.0000e+00
1.6508e+00	2.3973e-01	9.9383e-02	0.0000e+00
1.6301e+00	2.4057e-01	9.9445e-02	0.0000e+00
1.6080e+00	2.4133e-01	9.9491e-02	0.0000e+00
1.5833e+00	2.4226e-01	9.9527e-02	0.0000e+00
1.5538e+00	2.4346e-01	9.9559e-02	0.0000e+00
1.5230e+00	2.4479e-01	9.9587e-02	0.0000e+00
1.4973e+00	2.4602e-01	9.9615e-02	0.0000e+00
1.4809e+00	2.4703e-01	9.9652e-02	0.0000e+00
1.4744e+00	2.4778e-01	9.9691e-02	0.0000e+00
1.4741e+00	2.4817e-01	9.9740e-02	0.0000e+00
1.4776e+00	2.4858e-01	9.9797e-02	0.0000e+00
1.4802e+00	2.4926e-01	9.9847e-02	0.0000e+00
1.4828e+00	2.4984e-01	9.9884e-02	0.0000e+00
1.4866e+00	2.4999e-01	9.9931e-02	0.0000e+00
1.4919e+00	2.4948e-01	9.9992e-02	0.0000e+00
1.4972e+00	2.4871e-01	1.0003e-01	0.0000e+00
1.4952e+00	2.4898e-01	1.0005e-01	0.0000e+00
1.4828e+00	2.4980e-01	1.0008e-01	0.0000e+00
1.4618e+00	2.5081e-01	1.0010e-01	0.0000e+00
1.4372e+00	2.5189e-01	1.0011e-01	0.0000e+00
1.4153e+00	2.5293e-01	1.0012e-01	0.0000e+00
1.3966e+00	2.5392e-01	1.0015e-01	0.0000e+00
1.3863e+00	2.5473e-01	1.0017e-01	0.0000e+00
1.3827e+00	2.5510e-01	1.0018e-01	0.0000e+00
1.3824e+00	2.5472e-01	1.0019e-01	0.0000e+00
1.3832e+00	2.5396e-01	1.0019e-01	0.0000e+00
1.3906e+00	2.5248e-01	1.0020e-01	0.0000e+00
1.3982e+00	2.5070e-01	1.0022e-01	0.0000e+00
1.4057e+00	2.4879e-01	1.0024e-01	0.0000e+00
1.4129e+00	2.4725e-01	1.0026e-01	0.0000e+00
1.4201e+00	2.4622e-01	1.0029e-01	0.0000e+00
1.4270e+00	2.4542e-01	1.0030e-01	0.0000e+00
1.4324e+00	2.4518e-01	1.0029e-01	0.0000e+00
1.4358e+00	2.4532e-01	1.0028e-01	0.0000e+00
1.4380e+00	2.4562e-01	1.0027e-01	0.0000e+00
1.4405e+00	2.4590e-01	1.0026e-01	0.0000e+00
1.4403e+00	2.4630e-01	1.0015e-01	0.0000e+00
1.4399e+00	2.4647e-01	9.9914e-02	0.0000e+00
1.4374e+00	2.4700e-01	9.9800e-02	0.0000e+00
1.4330e+00	2.4826e-01	9.9804e-02	0.0000e+00
1.4285e+00	2.4992e-01	9.9845e-02	0.0000e+00
1.4224e+00	2.5148e-01	9.9880e-02	0.0000e+00
1.4096e+00	2.5316e-01	9.9925e-02	0.0000e+00
1.3867e+00	2.5487e-01	9.9962e-02	0.0000e+00
1.3586e+00	2.5601e-01	9.9984e-02	0.0000e+00
1.3349e+00	2.5661e-01	9.9993e-02	0.0000e+00
1.3225e+00	2.5691e-01	9.9987e-02	0.0000e+00
1.3236e+00	2.5700e-01	9.9977e-02	0.0000e+00
1.3342e+00	2.5667e-01	9.9974e-02	0.0000e+00
1.3384e+00	2.5653e-01	9.9968e-02	0.0000e+00
1.3434e+00	2.5633e-01	9.9952e-02	0.0000e+00
1.3477e+00	2.5624e-01	9.9936e-02	0.0000e+00
1.3513e+00	2.5630e-01	9.9918e-02	0.0000e+00
1.3543e+00	2.5658e-01	9.9882e-02	0.0000e+00
1.3568e+00	2.5693e-01	9.9829e-02	0.0000e+00
1.3591e+00	2.5729e-01	9.9803e-02	0.0000e+00
1.3618e+00	2.5756e-01	9.9803e-02	0.0000e+00
1.3656e+00	2.5739e-01	9.9830e-02	0.0000e+00
1.3710e+00	2.5679e-01	9.9860e-02	0.0000e+00
1.3746e+00	2.5569e-01	9.9885e-02	0.0000e+00
1.3825e+00	2.5477e-01	9.9896e-02	0.0000e+00
1.3872e+00	2.5483e-01	9.9900e-02	0.0000e+00
1.3853e+00	2.5557e-01	9.9887e-02	0.0000e+00
1.3772e+00	2.5658e-01	9.9888e-02	0.0000e+00
1.3654e+00	2.5768e-01	9.9908e-02	0.0000e+00
1.3523e+00	2.5875e-01	9.9934e-02	0.0000e+00
1.3364e+00	2.5984e-01	9.9956e-02	0.0000e+00
1.3132e+00	2.6114e-01	9.9981e-02	0.0000e+00
1.2841e+00	2.6254e-01	1.0002e-01	0.0000e+00
1.2555e+00	2.6392e-01	1.0006e-01	0.0000e+00
1.2341e+00	2.6506e-01	1.0012e-01	0.0000e+00
1.2241e+00	2.6561e-01	1.0015e-01	0.0000e+00
1.2226e+00	2.6529e-01	1.0008e-01	0.0000e+00
1.2261e+00	2.6398e-01	1.0018e-01	0.0000e+00
1.2311e+00	2.6211e-01	1.0021e-01	0.0000e+00
1.2365e+00	2.5954e-01	1.0017e-01	0.0000e+00
1.2411e+00	2.5686e-01	1.0013e-01	0.0000e+00
1.2445e+00	2.5485e-01	1.0011e-01	0.0000e+00
1.2466e+00	2.5385e-01	1.0021e-01	0.0000e+00
1.2482e+00	2.5358e-01	1.0054e-01	0.0000e+00
1.2505e+00	2.5369e-01	1.0082e-01	0.0000e+00
1.2535e+00	2.5385e-01	1.0082e-01	0.0000e+00
1.2580e+00	2.5368e-01	1.0060e-01	0.0000e+00
1.2642e+00	2.5291e-01	1.0031e-01	0.0000e+00
1.2704e+00	2.5192e-01	1.0009e-01	0.0000e+00
1.2676e+00	2.5272e-01	9.9979e-02	0.0000e+00
1.2659e+00	2.5390e-01	9.9968e-02	0.0000e+00
1.2657e+00	2.5462e-01	1.0005e-01	0.0000e+00
1.2658e+00	2.5484e-01	1.0015e-01	0.0000e+00
1.2665e+00	2.5464e-01	1.0026e-01	0.0000e+00
1.2678e+00	2.5410e-01	1.0040e-01	0.0000e+00
1.2692e+00	2.5348e-01	1.0049e-01	0.0000e+00
1.2704e+00	2.5300e-01	1.0059e-01	0.0000e+00
1.2685e+00	2.5301e-01	1.0068e-01	0.0000e+00
1.2558e+00	2.5373e-01	1.0075e-01	0.0000e+00
1.2287e+00	2.5463e-01	1.0083e-01	0.0000e+00
1.1898e+00	2.5554e-01	1.0090e-01	0.0000e+00
1.1479e+00	2.5644e-01	1.0094e-01	0.0000e+00
1.1144e+00	2.5720e-01	1.0095e-01	0.0000e+00
1.0965e+00	2.5756e-01	1.0089e-01	0.0000e+00
1.0934e+00	2.5711e-01	1.0075e-01	0.0000e+00
1.0950e+00	2.5617e-01	1.0064e-01	0.0000e+00
1.0965e+00	2.5529e-01	1.0059e-01	0.0000e+00
1.0984e+00	2.5444e-01	1.0061e-01	0.0000e+00
1.1039e+00	2.5332e-01	1.0069e-01	0.0000e+00
1.1137e+00	2.5196e-01	1.0078e-01	0.0000e+00
1.1256e+00	2.5059e-01	1.0087e-01	0.0000e+00
1.1365e+00	2.4947e-01	1.0095e-01	0.0000e+00
1.1433e+00	2.4897e-01	1.0103e-01	0.0000e+00
1.1454e+00	2.4910e-01	1.0107e-01	0.0000e+00
1.1451e+00	2.4979e-01	1.0110e-01	0.0000e+00
1.1450e+00	2.5057e-01	1.0111e-01	0.0000e+00
1.1474e+00	2.5082e-01	1.0110e-01	0.0000e+00
1.1552e+00	2.5022e-01	1.0108e-01	0.0000e+00
1.1706e+00	2.4872e-01	1.0105e-01	0.0000e+00
1.1901e+00	2.4682e-01	1.0103e-01	0.0000e+00
1.2061e+00	2.4608e-01	1.0099e-01	0.0000e+00
1.2207e+00	2.4526e-01	1.0098e-01	0.0000e+00
1.2380e+00	2.4422e-01	1.0014e-01	0.0000e+00
1.2585e+00	2.4311e-01	9.8541e-02	0.0000e+00
1.2585e+00	2.4311e-01	9.7877e-02	0.0000e+00
1.2585e+00	2.4311e-01	9.8661e-02	0.0000e+00
1.2585e+00	2.4311e-01	1.0039e-01	0.0000e+00
1.2585e+00	2.4311e-01	1.0213e-01	0.0000e+00
1.2585e+00	2.4311e-01	1.0333e-01	0.0000e+00
1.2585e+00	2.4311e-01	1.0396e-01	0.0000e+00
1.2585e+00	2.4311e-01	1.0418e-01	0.0000e+00
1.2271e+00	2.4501e-01	1.0421e-01	0.0000e+00
1.2057e+00	2.4683e-01	1.0425e-01	0.0000e+00
1.1974e+00	2.4822e-01	1.0427e-01	0.0000e+00
1.2265e+00	2.4658e-01	1.0428e-01	0.0000e+00
1.2748e+00	2.4410e-01	1.0428e-01	0.0000e+00
1.3306e+00	2.4166e-01	1.0429e-01	0.0000e+00
1.3350e+00	2.4151e-01	1.0434e-01	0.0000e+00
1.3386e+00	2.4170e-01	1.0442e-01	0.0000e+00
1.3426e+00	2.4210e-01	1.0452e-01	0.0000e+00
1.3475e+00	2.4243e-01	1.0462e-01	0.0000e+00
