WL	EN	AR	Marker
1.2396e+00	2.6224e-01	1.8110e+00	0.0000e+00
1.2406e+00	2.6195e-01	1.8067e+00	0.0000e+00
1.2412e+00	2.6139e-01	1.8028e+00	0.0000e+00
1.2397e+00	2.6110e-01	1.7980e+00	0.0000e+00
1.2366e+00	2.6092e-01	1.7935e+00	0.0000e+00
1.2357e+00	2.6030e-01	1.7900e+00	0.0000e+00
1.2414e+00	2.5920e-01	1.7878e+00	0.0000e+00
1.2534e+00	2.5769e-01	1.7877e+00	0.0000e+00
1.2686e+00	2.5587e-01	1.7910e+00	0.0000e+00
1.2834e+00	2.5408e-01	1.7984e+00	0.0000e+00
1.2947e+00	2.5242e-01	1.8097e+00	0.0000e+00
1.3009e+00	2.5080e-01	1.8246e+00	0.0000e+00
1.3027e+00	2.4923e-01	1.8424e+00	0.0000e+00
1.3047e+00	2.4775e-01	1.8619e+00	0.0000e+00
1.3115e+00	2.4596e-01	1.8813e+00	0.0000e+00
1.3228e+00	2.4338e-01	1.8988e+00	0.0000e+00
1.3365e+00	2.3974e-01	1.9132e+00	0.0000e+00
1.3487e+00	2.3605e-01	1.9265e+00	0.0000e+00
1.3566e+00	2.3294e-01	1.9359e+00	0.0000e+00
1.3593e+00	2.3092e-01	1.9410e+00	0.0000e+00
1.3582e+00	2.3028e-01	1.9443e+00	0.0000e+00
1.3556e+00	2.3067e-01	1.9466e+00	0.0000e+00
1.3502e+00	2.3204e-01	1.9486e+00	0.0000e+00
1.3413e+00	2.3412e-01	1.9509e+00	0.0000e+00
1.3306e+00	2.3631e-01	1.9538e+00	0.0000e+00
1.3217e+00	2.3740e-01	1.9581e+00	0.0000e+00
1.3181e+00	2.3756e-01	1.9639e+00	0.0000e+00
1.3211e+00	2.3730e-01	1.9702e+00	0.0000e+00
1.3292e+00	2.3658e-01	1.9760e+00	0.0000e+00
1.3388e+00	2.3555e-01	1.9808e+00	0.0000e+00
1.3473e+00	2.3433e-01	1.9838e+00	0.0000e+00
1.3529e+00	2.3305e-01	1.9845e+00	0.0000e+00
1.3547e+00	2.3235e-01	1.9758e+00	0.0000e+00
1.3544e+00	2.3244e-01	1.9580e+00	0.0000e+00
1.3533e+00	2.3294e-01	1.9330e+00	0.0000e+00
1.3504e+00	2.3357e-01	1.9029e+00	0.0000e+00
1.3461e+00	2.3406e-01	1.8751e+00	0.0000e+00
1.3415e+00	2.3445e-01	1.8540e+00	0.0000e+00
1.3371e+00	2.3485e-01	1.8375e+00	0.0000e+00
1.3327e+00	2.3558e-01	1.8296e+00	0.0000e+00
1.3281e+00	2.3671e-01	1.8321e+00	0.0000e+00
1.3228e+00	2.3788e-01	1.8366e+00	0.0000e+00
1.3169e+00	2.3874e-01	1.8360e+00	0.0000e+00
1.3110e+00	2.3921e-01	1.8326e+00	0.0000e+00
1.3062e+00	2.3946e-01	1.8301e+00	0.0000e+00
1.3034e+00	2.3938e-01	1.8299e+00	0.0000e+00
1.3029e+00	2.3903e-01	1.8313e+00	0.0000e+00
1.3031e+00	2.3853e-01	1.8327e+00	0.0000e+00
1.3018e+00	2.3810e-01	1.8333e+00	0.0000e+00
1.2985e+00	2.3778e-01	1.8346e+00	0.0000e+00
1.2933e+00	2.3756e-01	1.8429e+00	0.0000e+00
1.2861e+00	2.3748e-01	1.8610e+00	0.0000e+00
1.2760e+00	2.3761e-01	1.8861e+00	0.0000e+00
1.2630e+00	2.3797e-01	1.9145e+00	0.0000e+00
1.2509e+00	2.3732e-01	1.9408e+00	0.0000e+00
1.2432e+00	2.3566e-01	1.9633e+00	0.0000e+00
1.2409e+00	2.3332e-01	1.9820e+00	0.0000e+00
1.2427e+00	2.3069e-01	1.9971e+00	0.0000e+00
1.2471e+00	2.2790e-01	2.0088e+00	0.0000e+00
1.2505e+00	2.2522e-01	2.0210e+00	0.0000e+00
1.2509e+00	2.2353e-01	2.0288e+00	0.0000e+00
1.2498e+00	2.2285e-01	2.0352e+00	0.0000e+00
1.2506e+00	2.2247e-01	2.0472e+00	0.0000e+00
1.2538e+00	2.2226e-01	2.0655e+00	0.0000e+00
1.2585e+00	2.2211e-01	2.0858e+00	0.0000e+00
1.2634e+00	2.2190e-01	2.1003e+00	0.0000e+00
1.2677e+00	2.2143e-01	2.1159e+00	0.0000e+00
1.2704e+00	2.2053e-01	2.1459e+00	0.0000e+00
1.2713e+00	2.1982e-01	2.1854e+00	0.0000e+00
1.2720e+00	2.1975e-01	2.2231e+00	0.0000e+00
1.2717e+00	2.2015e-01	2.2520e+00	0.0000e+00
1.2686e+00	2.2094e-01	2.2693e+00	0.0000e+00
1.2634e+00	2.2156e-01	2.2698e+00	0.0000e+00
1.2589e+00	2.2137e-01	2.2574e+00	0.0000e+00
1.2568e+00	2.2061e-01	2.2421e+00	0.0000e+00
1.2570e+00	2.1968e-01	2.2303e+00	0.0000e+00
1.2575e+00	2.1891e-01	2.2242e+00	0.0000e+00
1.2552e+00	2.1840e-01	2.2240e+00	0.0000e+00
1.2490e+00	2.1814e-01	2.2276e+00	0.0000e+00
1.2402e+00	2.1800e-01	2.2350e+00	0.0000e+00
1.2321e+00	2.1763e-01	2.2516e+00	0.0000e+00
1.2283e+00	2.1639e-01	2.2698e+00	0.0000e+00
1.2278e+00	2.1473e-01	2.2818e+00	0.0000e+00
1.2281e+00	2.1313e-01	2.2910e+00	0.0000e+00
1.2280e+00	2.1175e-01	2.2929e+00	0.0000e+00
1.2262e+00	2.1082e-01	2.2812e+00	0.0000e+00
1.2220e+00	2.1049e-01	2.2641e+00	0.0000e+00
1.2163e+00	2.1056e-01	2.2476e+00	0.0000e+00
1.2110e+00	2.1050e-01	2.2345e+00	0.0000e+00
1.2092e+00	2.0999e-01	2.2252e+00	0.0000e+00
1.2121e+00	2.0927e-01	2.2200e+00	0.0000e+00
1.2188e+00	2.0861e-01	2.2167e+00	0.0000e+00
1.2245e+00	2.0839e-01	2.2151e+00	0.0000e+00
1.2271e+00	2.0845e-01	2.2190e+00	0.0000e+00
1.2261e+00	2.0865e-01	2.2253e+00	0.0000e+00
1.2226e+00	2.0892e-01	2.2356e+00	0.0000e+00
1.2178e+00	2.0924e-01	2.2459e+00	0.0000e+00
1.2131e+00	2.0966e-01	2.2498e+00	0.0000e+00
1.2095e+00	2.1039e-01	2.2491e+00	0.0000e+00
1.2087e+00	2.1082e-01	2.2453e+00	0.0000e+00
1.2110e+00	2.1044e-01	2.2399e+00	0.0000e+00
1.2174e+00	2.0972e-01	2.2342e+00	0.0000e+00
1.2263e+00	2.0900e-01	2.2315e+00	0.0000e+00
1.2338e+00	2.0844e-01	2.2307e+00	0.0000e+00
1.2372e+00	2.0805e-01	2.2320e+00	0.0000e+00
1.2352e+00	2.0802e-01	2.2364e+00	0.0000e+00
1.2292e+00	2.0855e-01	2.2455e+00	0.0000e+00
1.2239e+00	2.0948e-01	2.2604e+00	0.0000e+00
1.2217e+00	2.1029e-01	2.2817e+00	0.0000e+00
1.2222e+00	2.1073e-01	2.3083e+00	0.0000e+00
1.2223e+00	2.1090e-01	2.3379e+00	0.0000e+00
1.2215e+00	2.1093e-01	2.3686e+00	0.0000e+00
1.2211e+00	2.1090e-01	2.3987e+00	0.0000e+00
1.2215e+00	2.1080e-01	2.4268e+00	0.0000e+00
1.2217e+00	2.1093e-01	2.4520e+00	0.0000e+00
1.2195e+00	2.1138e-01	2.4729e+00	0.0000e+00
1.2118e+00	2.1225e-01	2.4924e+00	0.0000e+00
1.1989e+00	2.1351e-01	2.5065e+00	0.0000e+00
1.1834e+00	2.1523e-01	2.5145e+00	0.0000e+00
1.1689e+00	2.1752e-01	2.5192e+00	0.0000e+00
1.1584e+00	2.2049e-01	2.5169e+00	0.0000e+00
1.1527e+00	2.2347e-01	2.5096e+00	0.0000e+00
1.1489e+00	2.2554e-01	2.5001e+00	0.0000e+00
1.1447e+00	2.2690e-01	2.4896e+00	0.0000e+00
1.1413e+00	2.2784e-01	2.4811e+00	0.0000e+00
1.1395e+00	2.2840e-01	2.4696e+00	0.0000e+00
1.1393e+00	2.2878e-01	2.4564e+00	0.0000e+00
1.1402e+00	2.2880e-01	2.4483e+00	0.0000e+00
1.1415e+00	2.2838e-01	2.4419e+00	0.0000e+00
1.1425e+00	2.2779e-01	2.4362e+00	0.0000e+00
1.1422e+00	2.2756e-01	2.4307e+00	0.0000e+00
1.1414e+00	2.2763e-01	2.4257e+00	0.0000e+00
1.1404e+00	2.2774e-01	2.4212e+00	0.0000e+00
1.1387e+00	2.2789e-01	2.4173e+00	0.0000e+00
1.1363e+00	2.2801e-01	2.4138e+00	0.0000e+00
1.1316e+00	2.2851e-01	2.4106e+00	0.0000e+00
1.1235e+00	2.2944e-01	2.4072e+00	0.0000e+00
1.1125e+00	2.3068e-01	2.4040e+00	0.0000e+00
1.1005e+00	2.3209e-01	2.4022e+00	0.0000e+00
1.0915e+00	2.3294e-01	2.3987e+00	0.0000e+00
1.0895e+00	2.3330e-01	2.3920e+00	0.0000e+00
1.0947e+00	2.3330e-01	2.3825e+00	0.0000e+00
1.1042e+00	2.3255e-01	2.3710e+00	0.0000e+00
1.1134e+00	2.3094e-01	2.3626e+00	0.0000e+00
1.1198e+00	2.2953e-01	2.3582e+00	0.0000e+00
1.1234e+00	2.2851e-01	2.3568e+00	0.0000e+00
1.1252e+00	2.2786e-01	2.3568e+00	0.0000e+00
1.1259e+00	2.2768e-01	2.3575e+00	0.0000e+00
1.1253e+00	2.2789e-01	2.3584e+00	0.0000e+00
1.1239e+00	2.2827e-01	2.3598e+00	0.0000e+00
1.1222e+00	2.2855e-01	2.3616e+00	0.0000e+00
1.1204e+00	2.2872e-01	2.3639e+00	0.0000e+00
1.1189e+00	2.2889e-01	2.3669e+00	0.0000e+00
1.1191e+00	2.2887e-01	2.3710e+00	0.0000e+00
1.1236e+00	2.2853e-01	2.3759e+00	0.0000e+00
1.1303e+00	2.2851e-01	2.3814e+00	0.0000e+00
1.1343e+00	2.2883e-01	2.3896e+00	0.0000e+00
1.1332e+00	2.2924e-01	2.3986e+00	0.0000e+00
1.1264e+00	2.2971e-01	2.4058e+00	0.0000e+00
1.1156e+00	2.3033e-01	2.4120e+00	0.0000e+00
1.1036e+00	2.3147e-01	2.4162e+00	0.0000e+00
1.0940e+00	2.3358e-01	2.4186e+00	0.0000e+00
1.0889e+00	2.3551e-01	2.4205e+00	0.0000e+00
1.0836e+00	2.3720e-01	2.4216e+00	0.0000e+00
1.0742e+00	2.3899e-01	2.4219e+00	0.0000e+00
1.0611e+00	2.4095e-01	2.4214e+00	0.0000e+00
1.0464e+00	2.4327e-01	2.4201e+00	1.0000e+00
1.0333e+00	2.4553e-01	2.4179e+00	0.0000e+00
1.0244e+00	2.4747e-01	2.4146e+00	0.0000e+00
1.0205e+00	2.4888e-01	2.4104e+00	0.0000e+00
1.0205e+00	2.4936e-01	2.4059e+00	0.0000e+00
1.0216e+00	2.4931e-01	2.4012e+00	0.0000e+00
1.0235e+00	2.4891e-01	2.3965e+00	0.0000e+00
1.0261e+00	2.4811e-01	2.3919e+00	0.0000e+00
1.0291e+00	2.4734e-01	2.3875e+00	0.0000e+00
1.0307e+00	2.4772e-01	2.3835e+00	0.0000e+00
1.0291e+00	2.4889e-01	2.3790e+00	0.0000e+00
1.0231e+00	2.5026e-01	2.3756e+00	0.0000e+00
1.0130e+00	2.5175e-01	2.3725e+00	0.0000e+00
1.0015e+00	2.5323e-01	2.3689e+00	0.0000e+00
9.9374e-01	2.5389e-01	2.3662e+00	0.0000e+00
9.9307e-01	2.5405e-01	2.3635e+00	0.0000e+00
9.9956e-01	2.5364e-01	2.3608e+00	0.0000e+00
1.0095e+00	2.5275e-01	2.3581e+00	0.0000e+00
1.0199e+00	2.5190e-01	2.3555e+00	0.0000e+00
1.0309e+00	2.5114e-01	2.3534e+00	0.0000e+00
1.0434e+00	2.5051e-01	2.3522e+00	0.0000e+00
1.0566e+00	2.5000e-01	2.3515e+00	0.0000e+00
1.0680e+00	2.4960e-01	2.3507e+00	0.0000e+00
1.0758e+00	2.4909e-01	2.3495e+00	0.0000e+00
1.0813e+00	2.4823e-01	2.3478e+00	0.0000e+00
1.0880e+00	2.4703e-01	2.3456e+00	0.0000e+00
1.0987e+00	2.4590e-01	2.3426e+00	0.0000e+00
1.1124e+00	2.4507e-01	2.3399e+00	0.0000e+00
1.1273e+00	2.4438e-01	2.3377e+00	0.0000e+00
1.1391e+00	2.4395e-01	2.3360e+00	0.0000e+00
1.1438e+00	2.4388e-01	2.3346e+00	0.0000e+00
1.1403e+00	2.4451e-01	2.3344e+00	0.0000e+00
1.1310e+00	2.4624e-01	2.3360e+00	0.0000e+00
1.1208e+00	2.4809e-01	2.3385e+00	0.0000e+00
1.1150e+00	2.4896e-01	2.3399e+00	0.0000e+00
1.1164e+00	2.4937e-01	2.3416e+00	0.0000e+00
1.1243e+00	2.4937e-01	2.3428e+00	0.0000e+00
1.1351e+00	2.4882e-01	2.3428e+00	0.0000e+00
1.1410e+00	2.4876e-01	2.3424e+00	0.0000e+00
1.1375e+00	2.4921e-01	2.3416e+00	0.0000e+00
1.1252e+00	2.5032e-01	2.3406e+00	0.0000e+00
1.1089e+00	2.5210e-01	2.3396e+00	0.0000e+00
1.0940e+00	2.5396e-01	2.3385e+00	0.0000e+00
1.0832e+00	2.5577e-01	2.3373e+00	0.0000e+00
1.0762e+00	2.5738e-01	2.3361e+00	0.0000e+00
1.0684e+00	2.5919e-01	2.3347e+00	0.0000e+00
1.0560e+00	2.6153e-01	2.3330e+00	0.0000e+00
1.0395e+00	2.6391e-01	2.3311e+00	0.0000e+00
1.0218e+00	2.6643e-01	2.3291e+00	0.0000e+00
1.0061e+00	2.6898e-01	2.3270e+00	0.0000e+00
9.9512e-01	2.7082e-01	2.3248e+00	0.0000e+00
9.8934e-01	2.7162e-01	2.3225e+00	0.0000e+00
9.8709e-01	2.7144e-01	2.3203e+00	0.0000e+00
9.8553e-01	2.7083e-01	2.3178e+00	0.0000e+00
9.8591e-01	2.6978e-01	2.3153e+00	0.0000e+00
9.9061e-01	2.6804e-01	2.3134e+00	0.0000e+00
9.9925e-01	2.6606e-01	2.3116e+00	0.0000e+00
1.0089e+00	2.6460e-01	2.3101e+00	0.0000e+00
1.0169e+00	2.6357e-01	2.3084e+00	0.0000e+00
1.0206e+00	2.6285e-01	2.3055e+00	0.0000e+00
1.0190e+00	2.6247e-01	2.3024e+00	0.0000e+00
1.0134e+00	2.6259e-01	2.3004e+00	0.0000e+00
1.0071e+00	2.6339e-01	2.2995e+00	0.0000e+00
1.0028e+00	2.6466e-01	2.2993e+00	0.0000e+00
1.0004e+00	2.6598e-01	2.2996e+00	0.0000e+00
9.9701e-01	2.6810e-01	2.3007e+00	0.0000e+00
9.9243e-01	2.7046e-01	2.3011e+00	0.0000e+00
9.8794e-01	2.7242e-01	2.2989e+00	0.0000e+00
9.8460e-01	2.7380e-01	2.2948e+00	0.0000e+00
9.8290e-01	2.7469e-01	2.2916e+00	0.0000e+00
9.8241e-01	2.7528e-01	2.2897e+00	0.0000e+00
9.8223e-01	2.7569e-01	2.2896e+00	0.0000e+00
9.8143e-01	2.7615e-01	2.2916e+00	0.0000e+00
9.7863e-01	2.7696e-01	2.2953e+00	0.0000e+00
9.7253e-01	2.7796e-01	2.2996e+00	0.0000e+00
9.6331e-01	2.7896e-01	2.3048e+00	0.0000e+00
9.5199e-01	2.7983e-01	2.3083e+00	0.0000e+00
9.3978e-01	2.8063e-01	2.3111e+00	0.0000e+00
9.2845e-01	2.8141e-01	2.3134e+00	0.0000e+00
9.1886e-01	2.8235e-01	2.3145e+00	0.0000e+00
9.1166e-01	2.8363e-01	2.3151e+00	0.0000e+00
9.0735e-01	2.8508e-01	2.3153e+00	0.0000e+00
9.0620e-01	2.8601e-01	2.3156e+00	0.0000e+00
9.0603e-01	2.8600e-01	2.3161e+00	0.0000e+00
9.0569e-01	2.8592e-01	2.3162e+00	0.0000e+00
9.0446e-01	2.8598e-01	2.3158e+00	0.0000e+00
9.0204e-01	2.8610e-01	2.3151e+00	0.0000e+00
8.9866e-01	2.8621e-01	2.3140e+00	0.0000e+00
8.9471e-01	2.8624e-01	2.3126e+00	0.0000e+00
8.9060e-01	2.8614e-01	2.3111e+00	0.0000e+00
8.8674e-01	2.8604e-01	2.3094e+00	0.0000e+00
8.8198e-01	2.8656e-01	2.3075e+00	0.0000e+00
8.7697e-01	2.8775e-01	2.3055e+00	0.0000e+00
8.7233e-01	2.8897e-01	2.3035e+00	0.0000e+00
8.6889e-01	2.8993e-01	2.3003e+00	0.0000e+00
8.6686e-01	2.9046e-01	2.2961e+00	0.0000e+00
8.6525e-01	2.9049e-01	2.2924e+00	0.0000e+00
8.6313e-01	2.9053e-01	2.2909e+00	0.0000e+00
8.6032e-01	2.9104e-01	2.2905e+00	0.0000e+00
8.5768e-01	2.9194e-01	2.2905e+00	0.0000e+00
8.5850e-01	2.9175e-01	2.2908e+00	0.0000e+00
8.6480e-01	2.9089e-01	2.2915e+00	0.0000e+00
8.7584e-01	2.8954e-01	2.2928e+00	0.0000e+00
8.8914e-01	2.8765e-01	2.2936e+00	0.0000e+00
9.0170e-01	2.8509e-01	2.2932e+00	0.0000e+00
9.1097e-01	2.8235e-01	2.2936e+00	0.0000e+00
9.1560e-01	2.8050e-01	2.2963e+00	0.0000e+00
9.1644e-01	2.8009e-01	2.3008e+00	0.0000e+00
9.1556e-01	2.8037e-01	2.3072e+00	0.0000e+00
9.1358e-01	2.8114e-01	2.3152e+00	0.0000e+00
9.1126e-01	2.8205e-01	2.3246e+00	0.0000e+00
9.0897e-01	2.8323e-01	2.3351e+00	0.0000e+00
9.0679e-01	2.8444e-01	2.3465e+00	0.0000e+00
9.0532e-01	2.8503e-01	2.3581e+00	0.0000e+00
9.0466e-01	2.8508e-01	2.3689e+00	0.0000e+00
9.0429e-01	2.8486e-01	2.3785e+00	0.0000e+00
9.0359e-01	2.8472e-01	2.3885e+00	0.0000e+00
9.0257e-01	2.8487e-01	2.3950e+00	0.0000e+00
9.0119e-01	2.8524e-01	2.4004e+00	0.0000e+00
9.0008e-01	2.8564e-01	2.4065e+00	0.0000e+00
8.9931e-01	2.8601e-01	2.4101e+00	0.0000e+00
8.9890e-01	2.8628e-01	2.4123e+00	0.0000e+00
8.9959e-01	2.8608e-01	2.4134e+00	0.0000e+00
9.0224e-01	2.8568e-01	2.4135e+00	0.0000e+00
9.0535e-01	2.8537e-01	2.4128e+00	0.0000e+00
9.0796e-01	2.8500e-01	2.4113e+00	0.0000e+00
9.0981e-01	2.8458e-01	2.4088e+00	0.0000e+00
9.1101e-01	2.8407e-01	2.4050e+00	0.0000e+00
9.1162e-01	2.8352e-01	2.4011e+00	0.0000e+00
9.1128e-01	2.8297e-01	2.3984e+00	0.0000e+00
9.1219e-01	2.8212e-01	2.3965e+00	0.0000e+00
9.1684e-01	2.8103e-01	2.3948e+00	0.0000e+00
9.2437e-01	2.7980e-01	2.3932e+00	0.0000e+00
9.3297e-01	2.7846e-01	2.3911e+00	0.0000e+00
9.4122e-01	2.7722e-01	2.3886e+00	0.0000e+00
9.4962e-01	2.7624e-01	2.3857e+00	0.0000e+00
9.5880e-01	2.7536e-01	2.3820e+00	0.0000e+00
9.6721e-01	2.7467e-01	2.3787e+00	0.0000e+00
9.7011e-01	2.7437e-01	2.3764e+00	0.0000e+00
9.6541e-01	2.7449e-01	2.3742e+00	0.0000e+00
9.5452e-01	2.7524e-01	2.3724e+00	0.0000e+00
9.4195e-01	2.7632e-01	2.3716e+00	0.0000e+00
9.3174e-01	2.7740e-01	2.3720e+00	0.0000e+00
9.2528e-01	2.7851e-01	2.3738e+00	0.0000e+00
9.2246e-01	2.7913e-01	2.3774e+00	0.0000e+00
9.2197e-01	2.7871e-01	2.3829e+00	0.0000e+00
9.2196e-01	2.7814e-01	2.3903e+00	0.0000e+00
9.2220e-01	2.7756e-01	2.4001e+00	0.0000e+00
9.2256e-01	2.7699e-01	2.4128e+00	0.0000e+00
9.2308e-01	2.7632e-01	2.4280e+00	0.0000e+00
9.2403e-01	2.7534e-01	2.4448e+00	0.0000e+00
9.2548e-01	2.7435e-01	2.4622e+00	0.0000e+00
9.2882e-01	2.7310e-01	2.4789e+00	0.0000e+00
9.3576e-01	2.7168e-01	2.4943e+00	0.0000e+00
9.4607e-01	2.7039e-01	2.5076e+00	0.0000e+00
9.5790e-01	2.6937e-01	2.5183e+00	0.0000e+00
9.6862e-01	2.6845e-01	2.5265e+00	0.0000e+00
9.7600e-01	2.6758e-01	2.5332e+00	0.0000e+00
9.7983e-01	2.6697e-01	2.5363e+00	1.0000e+00
9.8211e-01	2.6716e-01	2.5370e+00	0.0000e+00
9.8589e-01	2.6826e-01	2.5355e+00	0.0000e+00
9.9164e-01	2.7003e-01	2.5329e+00	0.0000e+00
9.9938e-01	2.7175e-01	2.5303e+00	0.0000e+00
1.0088e+00	2.7313e-01	2.5294e+00	0.0000e+00
1.0180e+00	2.7461e-01	2.5313e+00	0.0000e+00
1.0247e+00	2.7583e-01	2.5369e+00	0.0000e+00
1.0274e+00	2.7660e-01	2.5459e+00	0.0000e+00
1.0280e+00	2.7706e-01	2.5571e+00	0.0000e+00
1.0294e+00	2.7719e-01	2.5694e+00	0.0000e+00
1.0310e+00	2.7725e-01	2.5816e+00	0.0000e+00
1.0300e+00	2.7741e-01	2.5927e+00	0.0000e+00
1.0252e+00	2.7775e-01	2.6017e+00	0.0000e+00
1.0181e+00	2.7848e-01	2.6087e+00	0.0000e+00
1.0118e+00	2.7988e-01	2.6139e+00	0.0000e+00
1.0077e+00	2.8138e-01	2.6179e+00	0.0000e+00
1.0028e+00	2.8315e-01	2.6205e+00	0.0000e+00
9.9475e-01	2.8511e-01	2.6216e+00	0.0000e+00
9.8406e-01	2.8722e-01	2.6216e+00	0.0000e+00
9.7255e-01	2.8934e-01	2.6206e+00	0.0000e+00
9.6311e-01	2.9109e-01	2.6188e+00	0.0000e+00
9.5895e-01	2.9184e-01	2.6170e+00	0.0000e+00
9.6212e-01	2.9179e-01	2.6150e+00	0.0000e+00
9.7142e-01	2.9069e-01	2.6115e+00	0.0000e+00
9.8243e-01	2.8956e-01	2.6079e+00	0.0000e+00
9.8999e-01	2.8948e-01	2.6054e+00	0.0000e+00
9.9219e-01	2.8981e-01	2.6044e+00	0.0000e+00
9.8992e-01	2.9029e-01	2.6037e+00	0.0000e+00
9.8643e-01	2.9074e-01	2.6030e+00	0.0000e+00
9.8376e-01	2.9120e-01	2.6026e+00	0.0000e+00
9.8259e-01	2.9166e-01	2.6024e+00	0.0000e+00
9.8379e-01	2.9164e-01	2.6028e+00	0.0000e+00
9.8862e-01	2.9047e-01	2.6038e+00	0.0000e+00
9.9727e-01	2.8879e-01	2.6053e+00	0.0000e+00
1.0094e+00	2.8686e-01	2.6066e+00	0.0000e+00
1.0232e+00	2.8482e-01	2.6067e+00	0.0000e+00
1.0362e+00	2.8260e-01	2.6058e+00	0.0000e+00
1.0466e+00	2.8026e-01	2.6045e+00	0.0000e+00
1.0536e+00	2.7825e-01	2.6026e+00	0.0000e+00
1.0582e+00	2.7652e-01	2.6006e+00	0.0000e+00
1.0617e+00	2.7522e-01	2.5982e+00	0.0000e+00
1.0639e+00	2.7514e-01	2.5943e+00	0.0000e+00
1.0654e+00	2.7630e-01	2.5893e+00	0.0000e+00
1.0670e+00	2.7770e-01	2.5850e+00	0.0000e+00
1.0689e+00	2.7880e-01	2.5806e+00	0.0000e+00
1.0700e+00	2.7948e-01	2.5760e+00	0.0000e+00
1.0674e+00	2.8007e-01	2.5713e+00	0.0000e+00
1.0616e+00	2.8061e-01	2.5671e+00	0.0000e+00
1.0548e+00	2.8101e-01	2.5632e+00	0.0000e+00
1.0496e+00	2.8123e-01	2.5593e+00	0.0000e+00
1.0481e+00	2.8126e-01	2.5554e+00	0.0000e+00
1.0504e+00	2.8107e-01	2.5516e+00	0.0000e+00
1.0550e+00	2.8055e-01	2.5481e+00	0.0000e+00
1.0595e+00	2.7963e-01	2.5447e+00	0.0000e+00
1.0632e+00	2.7848e-01	2.5414e+00	0.0000e+00
1.0691e+00	2.7688e-01	2.5380e+00	0.0000e+00
1.0796e+00	2.7468e-01	2.5346e+00	0.0000e+00
1.0932e+00	2.7236e-01	2.5313e+00	0.0000e+00
1.1070e+00	2.7039e-01	2.5282e+00	0.0000e+00
1.1184e+00	2.6880e-01	2.5251e+00	0.0000e+00
1.1254e+00	2.6745e-01	2.5214e+00	0.0000e+00
1.1282e+00	2.6649e-01	2.5178e+00	0.0000e+00
1.1295e+00	2.6587e-01	2.5151e+00	0.0000e+00
1.1308e+00	2.6534e-01	2.5122e+00	0.0000e+00
1.1314e+00	2.6483e-01	2.5095e+00	0.0000e+00
1.1312e+00	2.6436e-01	2.5061e+00	0.0000e+00
1.1303e+00	2.6415e-01	2.5020e+00	0.0000e+00
1.1294e+00	2.6436e-01	2.4980e+00	0.0000e+00
1.1306e+00	2.6440e-01	2.4944e+00	0.0000e+00
1.1353e+00	2.6387e-01	2.4915e+00	0.0000e+00
1.1437e+00	2.6293e-01	2.4888e+00	0.0000e+00
1.1543e+00	2.6154e-01	2.4857e+00	0.0000e+00
1.1648e+00	2.5984e-01	2.4796e+00	0.0000e+00
1.1728e+00	2.5823e-01	2.4716e+00	0.0000e+00
1.1768e+00	2.5759e-01	2.4646e+00	0.0000e+00
1.1753e+00	2.5832e-01	2.4600e+00	0.0000e+00
1.1698e+00	2.5955e-01	2.4577e+00	0.0000e+00
1.1619e+00	2.6079e-01	2.4578e+00	0.0000e+00
1.1537e+00	2.6191e-01	2.4600e+00	0.0000e+00
1.1470e+00	2.6298e-01	2.4630e+00	0.0000e+00
1.1437e+00	2.6390e-01	2.4659e+00	0.0000e+00
1.1437e+00	2.6433e-01	2.4684e+00	0.0000e+00
1.1453e+00	2.6379e-01	2.4705e+00	0.0000e+00
1.1469e+00	2.6261e-01	2.4713e+00	0.0000e+00
1.1480e+00	2.6137e-01	2.4715e+00	0.0000e+00
1.1490e+00	2.6034e-01	2.4713e+00	0.0000e+00
1.1497e+00	2.5983e-01	2.4711e+00	0.0000e+00
1.1501e+00	2.5976e-01	2.4715e+00	0.0000e+00
1.1506e+00	2.5971e-01	2.4736e+00	0.0000e+00
1.1514e+00	2.5919e-01	2.4780e+00	0.0000e+00
1.1524e+00	2.5827e-01	2.4851e+00	0.0000e+00
1.1508e+00	2.5836e-01	2.4947e+00	0.0000e+00
1.1451e+00	2.5884e-01	2.5066e+00	0.0000e+00
1.1356e+00	2.5943e-01	2.5196e+00	0.0000e+00
1.1241e+00	2.6004e-01	2.5328e+00	0.0000e+00
1.1147e+00	2.6020e-01	2.5448e+00	0.0000e+00
1.1107e+00	2.5979e-01	2.5548e+00	0.0000e+00
1.1126e+00	2.5887e-01	2.5636e+00	0.0000e+00
1.1193e+00	2.5726e-01	2.5683e+00	0.0000e+00
1.1298e+00	2.5533e-01	2.5704e+00	0.0000e+00
1.1434e+00	2.5312e-01	2.5718e+00	0.0000e+00
1.1579e+00	2.5070e-01	2.5719e+00	0.0000e+00
1.1703e+00	2.4815e-01	2.5712e+00	0.0000e+00
1.1791e+00	2.4596e-01	2.5697e+00	0.0000e+00
1.1830e+00	2.4498e-01	2.5670e+00	0.0000e+00
1.1851e+00	2.4482e-01	2.5637e+00	0.0000e+00
1.1875e+00	2.4460e-01	2.5612e+00	0.0000e+00
1.1899e+00	2.4425e-01	2.5592e+00	0.0000e+00
1.1914e+00	2.4372e-01	2.5581e+00	0.0000e+00
1.1921e+00	2.4312e-01	2.5577e+00	0.0000e+00
1.1939e+00	2.4240e-01	2.5580e+00	0.0000e+00
1.1992e+00	2.4127e-01	2.5587e+00	0.0000e+00
1.2087e+00	2.3982e-01	2.5594e+00	0.0000e+00
1.2207e+00	2.3867e-01	2.5597e+00	0.0000e+00
1.2300e+00	2.3826e-01	2.5595e+00	0.0000e+00
1.2338e+00	2.3826e-01	2.5587e+00	0.0000e+00
1.2316e+00	2.3858e-01	2.5572e+00	0.0000e+00
1.2248e+00	2.3934e-01	2.5550e+00	0.0000e+00
1.2167e+00	2.4049e-01	2.5524e+00	0.0000e+00
1.2119e+00	2.4123e-01	2.5503e+00	0.0000e+00
1.2114e+00	2.4152e-01	2.5498e+00	0.0000e+00
1.2119e+00	2.4175e-01	2.5524e+00	0.0000e+00
1.2095e+00	2.4222e-01	2.5590e+00	0.0000e+00
1.2043e+00	2.4287e-01	2.5731e+00	0.0000e+00
1.1973e+00	2.4384e-01	2.5915e+00	0.0000e+00
1.1891e+00	2.4519e-01	2.6081e+00	0.0000e+00
1.1793e+00	2.4680e-01	2.6243e+00	0.0000e+00
1.1686e+00	2.4809e-01	2.6389e+00	0.0000e+00
1.1583e+00	2.4916e-01	2.6509e+00	0.0000e+00
1.1507e+00	2.5022e-01	2.6601e+00	0.0000e+00
1.1472e+00	2.5113e-01	2.6665e+00	0.0000e+00
1.1471e+00	2.5152e-01	2.6708e+00	0.0000e+00
1.1481e+00	2.5165e-01	2.6734e+00	0.0000e+00
1.1487e+00	2.5181e-01	2.6747e+00	0.0000e+00
1.1487e+00	2.5177e-01	2.6745e+00	0.0000e+00
1.1488e+00	2.5149e-01	2.6727e+00	0.0000e+00
1.1492e+00	2.5086e-01	2.6696e+00	0.0000e+00
1.1499e+00	2.5016e-01	2.6655e+00	0.0000e+00
1.1505e+00	2.4978e-01	2.6610e+00	0.0000e+00
1.1512e+00	2.4951e-01	2.6562e+00	0.0000e+00
1.1522e+00	2.4917e-01	2.6515e+00	0.0000e+00
1.1531e+00	2.4884e-01	2.6472e+00	0.0000e+00
1.1552e+00	2.4817e-01	2.6434e+00	0.0000e+00
1.1583e+00	2.4765e-01	2.6405e+00	0.0000e+00
1.1602e+00	2.4725e-01	2.6373e+00	0.0000e+00
1.1592e+00	2.4688e-01	2.6339e+00	0.0000e+00
1.1549e+00	2.4649e-01	2.6315e+00	0.0000e+00
1.1485e+00	2.4625e-01	2.6269e+00	0.0000e+00
1.1418e+00	2.4646e-01	2.6206e+00	0.0000e+00
1.1362e+00	2.4714e-01	2.6157e+00	0.0000e+00
1.1313e+00	2.4727e-01	2.6124e+00	0.0000e+00
1.1251e+00	2.4624e-01	2.6104e+00	0.0000e+00
1.1186e+00	2.4422e-01	2.6091e+00	0.0000e+00
1.1118e+00	2.4207e-01	2.6077e+00	0.0000e+00
1.1039e+00	2.4025e-01	2.6063e+00	0.0000e+00
1.0939e+00	2.3911e-01	2.6037e+00	0.0000e+00
1.0827e+00	2.3869e-01	2.5998e+00	0.0000e+00
1.0731e+00	2.3860e-01	2.5985e+00	0.0000e+00
1.0668e+00	2.3836e-01	2.5982e+00	0.0000e+00
1.0635e+00	2.3812e-01	2.5973e+00	0.0000e+00
1.0631e+00	2.3783e-01	2.5968e+00	0.0000e+00
1.0649e+00	2.3745e-01	2.5978e+00	0.0000e+00
1.0680e+00	2.3693e-01	2.6000e+00	0.0000e+00
1.0710e+00	2.3611e-01	2.6043e+00	0.0000e+00
1.0723e+00	2.3515e-01	2.6105e+00	0.0000e+00
1.0715e+00	2.3510e-01	2.6167e+00	0.0000e+00
1.0701e+00	2.3519e-01	2.6236e+00	0.0000e+00
1.0679e+00	2.3503e-01	2.6313e+00	0.0000e+00
1.0651e+00	2.3454e-01	2.6414e+00	0.0000e+00
1.0621e+00	2.3399e-01	2.6581e+00	0.0000e+00
1.0587e+00	2.3371e-01	2.6828e+00	0.0000e+00
1.0544e+00	2.3429e-01	2.7153e+00	0.0000e+00
1.0478e+00	2.3539e-01	2.7536e+00	0.0000e+00
1.0384e+00	2.3662e-01	2.7940e+00	0.0000e+00
1.0275e+00	2.3785e-01	2.8338e+00	0.0000e+00
1.0195e+00	2.3797e-01	2.8696e+00	0.0000e+00
1.0168e+00	2.3754e-01	2.8990e+00	0.0000e+00
1.0194e+00	2.3698e-01	2.9211e+00	0.0000e+00
1.0240e+00	2.3649e-01	2.9370e+00	0.0000e+00
1.0287e+00	2.3601e-01	2.9495e+00	0.0000e+00
1.0329e+00	2.3551e-01	2.9620e+00	0.0000e+00
1.0350e+00	2.3520e-01	2.9771e+00	0.0000e+00
1.0320e+00	2.3588e-01	2.9948e+00	0.0000e+00
1.0239e+00	2.3694e-01	3.0136e+00	0.0000e+00
1.0127e+00	2.3797e-01	3.0326e+00	0.0000e+00
1.0008e+00	2.3901e-01	3.0533e+00	0.0000e+00
9.9070e-01	2.4002e-01	3.0678e+00	0.0000e+00
9.8392e-01	2.4096e-01	3.0800e+00	0.0000e+00
9.8080e-01	2.4171e-01	3.0920e+00	0.0000e+00
9.8011e-01	2.4209e-01	3.0998e+00	0.0000e+00
9.8026e-01	2.4194e-01	3.1077e+00	0.0000e+00
9.8077e-01	2.4121e-01	3.1158e+00	0.0000e+00
9.8177e-01	2.4002e-01	3.1219e+00	0.0000e+00
9.8338e-01	2.3892e-01	3.1255e+00	0.0000e+00
9.8536e-01	2.3802e-01	3.1273e+00	0.0000e+00
9.8678e-01	2.3753e-01	3.1274e+00	0.0000e+00
9.8734e-01	2.3761e-01	3.1254e+00	0.0000e+00
9.8640e-01	2.3816e-01	3.1225e+00	0.0000e+00
9.8286e-01	2.3909e-01	3.1184e+00	0.0000e+00
9.7558e-01	2.4054e-01	3.1107e+00	0.0000e+00
9.6504e-01	2.4308e-01	3.0942e+00	0.0000e+00
9.5390e-01	2.4639e-01	3.0703e+00	0.0000e+00
9.4476e-01	2.4972e-01	3.0480e+00	0.0000e+00
9.3904e-01	2.5248e-01	3.0308e+00	0.0000e+00
9.3586e-01	2.5440e-01	3.0185e+00	0.0000e+00
9.3152e-01	2.5580e-01	3.0099e+00	0.0000e+00
9.2383e-01	2.5699e-01	3.0037e+00	0.0000e+00
9.1341e-01	2.5814e-01	2.9970e+00	0.0000e+00
9.0210e-01	2.5932e-01	2.9896e+00	0.0000e+00
8.9219e-01	2.6056e-01	2.9827e+00	0.0000e+00
8.8571e-01	2.6187e-01	2.9755e+00	0.0000e+00
8.8313e-01	2.6318e-01	2.9681e+00	0.0000e+00
8.8228e-01	2.6447e-01	2.9608e+00	0.0000e+00
8.8177e-01	2.6553e-01	2.9536e+00	0.0000e+00
8.8295e-01	2.6652e-01	2.9465e+00	0.0000e+00
8.8643e-01	2.6783e-01	2.9391e+00	0.0000e+00
8.9170e-01	2.6929e-01	2.9308e+00	0.0000e+00
8.9755e-01	2.7074e-01	2.9221e+00	0.0000e+00
9.0156e-01	2.7261e-01	2.9136e+00	0.0000e+00
9.0128e-01	2.7504e-01	2.9053e+00	0.0000e+00
8.9650e-01	2.7712e-01	2.8971e+00	0.0000e+00
8.8826e-01	2.7867e-01	2.8894e+00	0.0000e+00
8.7871e-01	2.8030e-01	2.8821e+00	0.0000e+00
8.7049e-01	2.8215e-01	2.8748e+00	0.0000e+00
8.6539e-01	2.8389e-01	2.8675e+00	0.0000e+00
8.6384e-01	2.8486e-01	2.8598e+00	0.0000e+00
8.6362e-01	2.8546e-01	2.8517e+00	0.0000e+00
8.6353e-01	2.8609e-01	2.8439e+00	0.0000e+00
8.6350e-01	2.8672e-01	2.8326e+00	0.0000e+00
8.6509e-01	2.8663e-01	2.8208e+00	0.0000e+00
8.6836e-01	2.8613e-01	2.8128e+00	0.0000e+00
8.7244e-01	2.8550e-01	2.8060e+00	0.0000e+00
8.7652e-01	2.8486e-01	2.8008e+00	0.0000e+00
8.7970e-01	2.8435e-01	2.7967e+00	0.0000e+00
8.8131e-01	2.8435e-01	2.7931e+00	0.0000e+00
8.8235e-01	2.8446e-01	2.7896e+00	0.0000e+00
8.8593e-01	2.8376e-01	2.7861e+00	0.0000e+00
8.9356e-01	2.8260e-01	2.7822e+00	0.0000e+00
9.0450e-01	2.8118e-01	2.7776e+00	0.0000e+00
9.1623e-01	2.7983e-01	2.7723e+00	0.0000e+00
9.2569e-01	2.7873e-01	2.7662e+00	0.0000e+00
9.3082e-01	2.7792e-01	2.7604e+00	0.0000e+00
9.3111e-01	2.7765e-01	2.7549e+00	0.0000e+00
9.2914e-01	2.7815e-01	2.7493e+00	0.0000e+00
9.2730e-01	2.7882e-01	2.7438e+00	0.0000e+00
9.2411e-01	2.7996e-01	2.7386e+00	0.0000e+00
9.1889e-01	2.8148e-01	2.7323e+00	0.0000e+00
9.1229e-01	2.8304e-01	2.7268e+00	0.0000e+00
9.0483e-01	2.8424e-01	2.7231e+00	0.0000e+00
8.9796e-01	2.8482e-01	2.7200e+00	0.0000e+00
8.9274e-01	2.8509e-01	2.7176e+00	0.0000e+00
8.9084e-01	2.8527e-01	2.7156e+00	0.0000e+00
8.9304e-01	2.8537e-01	2.7140e+00	0.0000e+00
8.9831e-01	2.8528e-01	2.7125e+00	0.0000e+00
9.0454e-01	2.8482e-01	2.7116e+00	0.0000e+00
9.0752e-01	2.8423e-01	2.7118e+00	0.0000e+00
9.0614e-01	2.8441e-01	2.7137e+00	0.0000e+00
9.0617e-01	2.8447e-01	2.7172e+00	0.0000e+00
9.1151e-01	2.8402e-01	2.7220e+00	0.0000e+00
9.2165e-01	2.8325e-01	2.7275e+00	0.0000e+00
9.3218e-01	2.8252e-01	2.7333e+00	0.0000e+00
9.3790e-01	2.8217e-01	2.7387e+00	0.0000e+00
9.3588e-01	2.8223e-01	2.7436e+00	0.0000e+00
9.2646e-01	2.8269e-01	2.7481e+00	0.0000e+00
9.1327e-01	2.8376e-01	2.7529e+00	0.0000e+00
9.0114e-01	2.8474e-01	2.7595e+00	0.0000e+00
8.9261e-01	2.8519e-01	2.7696e+00	0.0000e+00
8.9075e-01	2.8478e-01	2.7846e+00	0.0000e+00
8.9626e-01	2.8374e-01	2.8098e+00	0.0000e+00
9.0549e-01	2.8301e-01	2.8386e+00	0.0000e+00
9.1545e-01	2.8257e-01	2.8626e+00	0.0000e+00
9.2331e-01	2.8227e-01	2.8859e+00	0.0000e+00
9.2690e-01	2.8219e-01	2.9064e+00	0.0000e+00
9.2679e-01	2.8240e-01	2.9225e+00	0.0000e+00
9.2595e-01	2.8278e-01	2.9337e+00	0.0000e+00
9.2598e-01	2.8313e-01	2.9375e+00	0.0000e+00
9.2658e-01	2.8372e-01	2.9331e+00	0.0000e+00
9.2666e-01	2.8464e-01	2.9258e+00	0.0000e+00
9.2650e-01	2.8511e-01	2.9179e+00	0.0000e+00
9.2621e-01	2.8521e-01	2.9105e+00	0.0000e+00
9.2569e-01	2.8525e-01	2.9031e+00	0.0000e+00
9.2507e-01	2.8547e-01	2.8962e+00	0.0000e+00
9.2471e-01	2.8584e-01	2.8901e+00	0.0000e+00
9.2553e-01	2.8586e-01	2.8845e+00	0.0000e+00
9.2771e-01	2.8573e-01	2.8776e+00	0.0000e+00
9.3042e-01	2.8580e-01	2.8670e+00	0.0000e+00
9.3257e-01	2.8630e-01	2.8556e+00	0.0000e+00
9.3398e-01	2.8702e-01	2.8477e+00	0.0000e+00
9.3535e-01	2.8738e-01	2.8400e+00	0.0000e+00
9.3854e-01	2.8689e-01	2.8324e+00	0.0000e+00
9.4518e-01	2.8610e-01	2.8252e+00	0.0000e+00
9.5468e-01	2.8521e-01	2.8180e+00	0.0000e+00
9.6342e-01	2.8466e-01	2.8104e+00	0.0000e+00
9.6762e-01	2.8441e-01	2.8018e+00	0.0000e+00
9.6620e-01	2.8440e-01	2.7930e+00	0.0000e+00
9.6029e-01	2.8480e-01	2.7852e+00	0.0000e+00
9.5261e-01	2.8614e-01	2.7793e+00	0.0000e+00
9.4673e-01	2.8803e-01	2.7753e+00	0.0000e+00
9.4370e-01	2.8941e-01	2.7735e+00	0.0000e+00
9.4275e-01	2.8953e-01	2.7737e+00	0.0000e+00
9.4277e-01	2.8899e-01	2.7755e+00	0.0000e+00
9.4272e-01	2.8863e-01	2.7783e+00	0.0000e+00
9.4152e-01	2.8866e-01	2.7814e+00	0.0000e+00
9.3962e-01	2.8881e-01	2.7843e+00	0.0000e+00
9.3911e-01	2.8841e-01	2.7865e+00	0.0000e+00
9.4186e-01	2.8768e-01	2.7877e+00	0.0000e+00
9.4773e-01	2.8679e-01	2.7873e+00	0.0000e+00
9.5455e-01	2.8605e-01	2.7853e+00	0.0000e+00
9.5873e-01	2.8578e-01	2.7828e+00	0.0000e+00
9.5854e-01	2.8582e-01	2.7797e+00	0.0000e+00
9.5490e-01	2.8592e-01	2.7759e+00	0.0000e+00
9.5117e-01	2.8597e-01	2.7717e+00	0.0000e+00
9.4894e-01	2.8590e-01	2.7669e+00	0.0000e+00
9.4874e-01	2.8563e-01	2.7617e+00	0.0000e+00
9.5006e-01	2.8480e-01	2.7565e+00	0.0000e+00
9.5212e-01	2.8317e-01	2.7517e+00	0.0000e+00
9.5364e-01	2.8172e-01	2.7473e+00	0.0000e+00
9.5477e-01	2.8076e-01	2.7431e+00	0.0000e+00
9.5617e-01	2.8031e-01	2.7389e+00	0.0000e+00
9.5772e-01	2.8026e-01	2.7342e+00	0.0000e+00
9.5896e-01	2.8072e-01	2.7277e+00	0.0000e+00
9.5937e-01	2.8187e-01	2.7190e+00	0.0000e+00
9.5890e-01	2.8371e-01	2.7114e+00	0.0000e+00
9.5843e-01	2.8534e-01	2.7083e+00	0.0000e+00
9.5813e-01	2.8627e-01	2.7098e+00	0.0000e+00
9.5523e-01	2.8756e-01	2.7161e+00	0.0000e+00
9.4797e-01	2.8884e-01	2.7272e+00	0.0000e+00
9.3667e-01	2.9010e-01	2.7425e+00	0.0000e+00
9.2342e-01	2.9138e-01	2.7657e+00	0.0000e+00
9.1141e-01	2.9251e-01	2.7905e+00	0.0000e+00
9.0342e-01	2.9316e-01	2.8048e+00	0.0000e+00
9.0032e-01	2.9328e-01	2.8222e+00	0.0000e+00
9.0102e-01	2.9282e-01	2.8408e+00	0.0000e+00
9.0237e-01	2.9249e-01	2.8526e+00	0.0000e+00
9.0213e-01	2.9270e-01	2.8612e+00	0.0000e+00
8.9994e-01	2.9342e-01	2.8668e+00	0.0000e+00
8.9779e-01	2.9367e-01	2.8697e+00	0.0000e+00
8.9865e-01	2.9295e-01	2.8701e+00	0.0000e+00
9.0359e-01	2.9179e-01	2.8685e+00	0.0000e+00
9.1195e-01	2.9053e-01	2.8648e+00	0.0000e+00
9.2169e-01	2.8943e-01	2.8594e+00	0.0000e+00
9.3030e-01	2.8854e-01	2.8527e+00	0.0000e+00
9.3494e-01	2.8808e-01	2.8457e+00	0.0000e+00
9.3501e-01	2.8823e-01	2.8385e+00	0.0000e+00
9.3398e-01	2.8842e-01	2.8311e+00	0.0000e+00
9.3608e-01	2.8801e-01	2.8232e+00	0.0000e+00
9.4203e-01	2.8717e-01	2.8152e+00	0.0000e+00
9.5008e-01	2.8606e-01	2.8051e+00	0.0000e+00
9.5801e-01	2.8484e-01	2.7942e+00	0.0000e+00
9.6454e-01	2.8344e-01	2.7854e+00	0.0000e+00
9.6870e-01	2.8133e-01	2.7771e+00	0.0000e+00
9.7070e-01	2.7877e-01	2.7693e+00	0.0000e+00
9.7203e-01	2.7609e-01	2.7601e+00	0.0000e+00
9.7297e-01	2.7364e-01	2.7470e+00	0.0000e+00
9.7320e-01	2.7183e-01	2.7336e+00	0.0000e+00
9.7233e-01	2.7109e-01	2.7230e+00	0.0000e+00
9.7029e-01	2.7114e-01	2.7154e+00	0.0000e+00
9.6785e-01	2.7147e-01	2.7113e+00	0.0000e+00
9.6579e-01	2.7176e-01	2.7098e+00	0.0000e+00
9.6496e-01	2.7169e-01	2.7091e+00	0.0000e+00
9.6583e-01	2.7115e-01	2.7085e+00	0.0000e+00
9.6785e-01	2.7009e-01	2.7080e+00	0.0000e+00
9.7006e-01	2.6867e-01	2.7073e+00	0.0000e+00
9.7098e-01	2.6768e-01	2.7061e+00	0.0000e+00
9.6922e-01	2.6696e-01	2.7043e+00	0.0000e+00
9.6487e-01	2.6607e-01	2.7019e+00	0.0000e+00
9.5942e-01	2.6497e-01	2.6993e+00	0.0000e+00
9.5397e-01	2.6385e-01	2.6965e+00	0.0000e+00
9.4913e-01	2.6294e-01	2.6933e+00	0.0000e+00
9.4485e-01	2.6225e-01	2.6902e+00	0.0000e+00
9.4255e-01	2.6158e-01	2.6878e+00	0.0000e+00
9.4446e-01	2.6058e-01	2.6854e+00	0.0000e+00
9.5116e-01	2.5900e-01	2.6831e+00	0.0000e+00
9.6113e-01	2.5693e-01	2.6809e+00	0.0000e+00
9.7221e-01	2.5469e-01	2.6787e+00	0.0000e+00
9.8196e-01	2.5281e-01	2.6762e+00	0.0000e+00
9.9005e-01	2.5131e-01	2.6736e+00	0.0000e+00
1.0012e+00	2.4968e-01	2.6708e+00	0.0000e+00
1.0163e+00	2.4805e-01	2.6678e+00	0.0000e+00
1.0314e+00	2.4716e-01	2.6647e+00	0.0000e+00
1.0426e+00	2.4676e-01	2.6617e+00	0.0000e+00
1.0477e+00	2.4665e-01	2.6587e+00	0.0000e+00
1.0471e+00	2.4683e-01	2.6547e+00	0.0000e+00
1.0438e+00	2.4743e-01	2.6467e+00	0.0000e+00
1.0414e+00	2.4778e-01	2.6348e+00	0.0000e+00
1.0404e+00	2.4781e-01	2.6244e+00	0.0000e+00
1.0381e+00	2.4832e-01	2.6177e+00	0.0000e+00
1.0330e+00	2.4899e-01	2.6150e+00	0.0000e+00
1.0253e+00	2.4968e-01	2.6160e+00	0.0000e+00
1.0171e+00	2.5030e-01	2.6175e+00	0.0000e+00
1.0108e+00	2.5073e-01	2.6182e+00	0.0000e+00
1.0078e+00	2.5093e-01	2.6179e+00	0.0000e+00
1.0080e+00	2.5089e-01	2.6167e+00	0.0000e+00
1.0095e+00	2.5036e-01	2.6148e+00	0.0000e+00
1.0109e+00	2.4970e-01	2.6112e+00	0.0000e+00
1.0133e+00	2.4883e-01	2.6049e+00	0.0000e+00
1.0169e+00	2.4784e-01	2.5981e+00	0.0000e+00
1.0206e+00	2.4701e-01	2.5924e+00	0.0000e+00
1.0228e+00	2.4667e-01	2.5890e+00	0.0000e+00
1.0224e+00	2.4668e-01	2.5882e+00	0.0000e+00
1.0213e+00	2.4660e-01	2.5896e+00	0.0000e+00
1.0199e+00	2.4655e-01	2.5913e+00	0.0000e+00
1.0184e+00	2.4654e-01	2.5929e+00	0.0000e+00
1.0166e+00	2.4657e-01	2.5941e+00	0.0000e+00
1.0149e+00	2.4662e-01	2.5946e+00	0.0000e+00
1.0139e+00	2.4658e-01	2.5943e+00	0.0000e+00
1.0140e+00	2.4623e-01	2.5938e+00	0.0000e+00
1.0129e+00	2.4627e-01	2.5936e+00	0.0000e+00
1.0076e+00	2.4692e-01	2.5941e+00	0.0000e+00
9.9789e-01	2.4784e-01	2.5956e+00	0.0000e+00
9.8618e-01	2.4877e-01	2.5986e+00	0.0000e+00
9.7514e-01	2.4977e-01	2.6025e+00	0.0000e+00
9.6714e-01	2.5109e-01	2.6057e+00	0.0000e+00
9.6320e-01	2.5241e-01	2.6086e+00	0.0000e+00
9.6267e-01	2.5290e-01	2.6111e+00	0.0000e+00
9.6609e-01	2.5241e-01	2.6130e+00	0.0000e+00
9.7438e-01	2.5180e-01	2.6142e+00	0.0000e+00
9.8462e-01	2.5146e-01	2.6146e+00	0.0000e+00
9.9261e-01	2.5125e-01	2.6145e+00	0.0000e+00
9.9585e-01	2.5101e-01	2.6138e+00	0.0000e+00
9.9383e-01	2.5079e-01	2.6129e+00	0.0000e+00
9.8807e-01	2.5072e-01	2.6118e+00	0.0000e+00
9.8192e-01	2.5116e-01	2.6106e+00	0.0000e+00
9.7869e-01	2.5161e-01	2.6090e+00	0.0000e+00
9.7697e-01	2.5173e-01	2.6071e+00	0.0000e+00
9.7574e-01	2.5142e-01	2.6045e+00	0.0000e+00
9.7538e-01	2.5027e-01	2.6012e+00	0.0000e+00
9.7542e-01	2.4900e-01	2.5969e+00	0.0000e+00
9.7481e-01	2.4855e-01	2.5943e+00	0.0000e+00
9.7368e-01	2.4864e-01	2.5917e+00	0.0000e+00
9.7259e-01	2.4876e-01	2.5895e+00	0.0000e+00
9.7190e-01	2.4862e-01	2.5890e+00	0.0000e+00
9.7132e-01	2.4836e-01	2.5894e+00	0.0000e+00
9.6969e-01	2.4866e-01	2.5906e+00	0.0000e+00
9.6690e-01	2.4963e-01	2.5923e+00	0.0000e+00
9.6433e-01	2.5061e-01	2.5944e+00	0.0000e+00
9.6350e-01	2.5074e-01	2.5962e+00	0.0000e+00
9.6417e-01	2.5035e-01	2.5975e+00	0.0000e+00
9.6479e-01	2.5005e-01	2.5980e+00	0.0000e+00
9.6253e-01	2.5068e-01	2.5973e+00	0.0000e+00
9.5561e-01	2.5179e-01	2.5952e+00	0.0000e+00
9.4524e-01	2.5283e-01	2.5927e+00	0.0000e+00
9.3353e-01	2.5382e-01	2.5906e+00	0.0000e+00
9.2280e-01	2.5483e-01	2.5889e+00	0.0000e+00
9.1488e-01	2.5571e-01	2.5874e+00	0.0000e+00
9.1084e-01	2.5619e-01	2.5860e+00	0.0000e+00
9.1146e-01	2.5542e-01	2.5844e+00	0.0000e+00
9.1681e-01	2.5340e-01	2.5828e+00	0.0000e+00
9.2690e-01	2.5103e-01	2.5817e+00	0.0000e+00
9.4042e-01	2.4905e-01	2.5808e+00	0.0000e+00
9.5489e-01	2.4750e-01	2.5800e+00	0.0000e+00
9.6796e-01	2.4623e-01	2.5790e+00	0.0000e+00
9.7781e-01	2.4519e-01	2.5777e+00	0.0000e+00
9.8335e-01	2.4457e-01	2.5766e+00	0.0000e+00
9.8382e-01	2.4515e-01	2.5758e+00	0.0000e+00
9.7940e-01	2.4681e-01	2.5750e+00	0.0000e+00
9.7164e-01	2.4909e-01	2.5741e+00	0.0000e+00
9.6230e-01	2.5148e-01	2.5729e+00	0.0000e+00
9.5327e-01	2.5332e-01	2.5717e+00	0.0000e+00
9.4543e-01	2.5443e-01	2.5712e+00	0.0000e+00
9.3831e-01	2.5534e-01	2.5719e+00	0.0000e+00
9.3042e-01	2.5660e-01	2.5745e+00	0.0000e+00
9.2275e-01	2.5826e-01	2.5799e+00	0.0000e+00
9.1741e-01	2.5978e-01	2.5883e+00	0.0000e+00
9.1541e-01	2.6088e-01	2.5998e+00	0.0000e+00
9.1524e-01	2.6158e-01	2.6137e+00	0.0000e+00
9.1535e-01	2.6208e-01	2.6337e+00	0.0000e+00
9.1505e-01	2.6251e-01	2.6550e+00	0.0000e+00
9.1427e-01	2.6274e-01	2.6719e+00	0.0000e+00
9.1389e-01	2.6265e-01	2.6875e+00	0.0000e+00
9.1403e-01	2.6220e-01	2.7005e+00	0.0000e+00
9.1451e-01	2.6129e-01	2.7104e+00	0.0000e+00
9.1503e-01	2.5973e-01	2.7169e+00	0.0000e+00
9.1495e-01	2.5825e-01	2.7201e+00	0.0000e+00
9.1410e-01	2.5733e-01	2.7132e+00	0.0000e+00
9.1284e-01	2.5687e-01	2.6918e+00	0.0000e+00
9.1217e-01	2.5649e-01	2.6665e+00	0.0000e+00
9.1262e-01	2.5591e-01	2.6429e+00	0.0000e+00
9.1384e-01	2.5521e-01	2.6267e+00	0.0000e+00
9.1481e-01	2.5473e-01	2.6196e+00	0.0000e+00
9.1426e-01	2.5494e-01	2.6189e+00	0.0000e+00
9.1223e-01	2.5568e-01	2.6213e+00	0.0000e+00
9.0975e-01	2.5647e-01	2.6248e+00	0.0000e+00
9.0824e-01	2.5690e-01	2.6332e+00	0.0000e+00
9.0832e-01	2.5690e-01	2.6466e+00	0.0000e+00
9.0948e-01	2.5655e-01	2.6627e+00	0.0000e+00
9.0941e-01	2.5703e-01	2.6801e+00	0.0000e+00
9.0570e-01	2.5874e-01	2.6994e+00	0.0000e+00
8.9817e-01	2.6053e-01	2.7269e+00	0.0000e+00
8.9022e-01	2.6155e-01	2.7562e+00	0.0000e+00
8.8526e-01	2.6202e-01	2.7806e+00	0.0000e+00
8.8505e-01	2.6208e-01	2.8049e+00	0.0000e+00
8.8955e-01	2.6172e-01	2.8273e+00	0.0000e+00
8.9657e-01	2.6084e-01	2.8461e+00	0.0000e+00
9.0088e-01	2.6012e-01	2.8605e+00	0.0000e+00
8.9847e-01	2.6033e-01	2.8716e+00	0.0000e+00
8.9080e-01	2.6142e-01	2.8810e+00	0.0000e+00
8.8135e-01	2.6287e-01	2.8894e+00	0.0000e+00
8.7272e-01	2.6395e-01	2.8956e+00	0.0000e+00
8.6632e-01	2.6455e-01	2.8983e+00	0.0000e+00
8.6288e-01	2.6507e-01	2.8994e+00	0.0000e+00
8.6173e-01	2.6600e-01	2.8995e+00	0.0000e+00
8.6091e-01	2.6747e-01	2.8980e+00	0.0000e+00
8.5992e-01	2.6898e-01	2.8948e+00	0.0000e+00
8.5935e-01	2.6987e-01	2.8898e+00	0.0000e+00
8.5933e-01	2.7007e-01	2.8832e+00	0.0000e+00
8.5958e-01	2.6976e-01	2.8751e+00	0.0000e+00
8.5935e-01	2.6967e-01	2.8662e+00	0.0000e+00
8.5985e-01	2.6960e-01	2.8572e+00	0.0000e+00
8.6303e-01	2.6926e-01	2.8463e+00	0.0000e+00
8.6886e-01	2.6889e-01	2.8358e+00	0.0000e+00
8.7671e-01	2.6838e-01	2.8285e+00	0.0000e+00
8.8527e-01	2.6777e-01	2.8224e+00	0.0000e+00
8.9297e-01	2.6709e-01	2.8169e+00	0.0000e+00
8.9840e-01	2.6644e-01	2.8113e+00	0.0000e+00
9.0090e-01	2.6603e-01	2.8045e+00	0.0000e+00
9.0109e-01	2.6617e-01	2.7967e+00	0.0000e+00
9.0045e-01	2.6627e-01	2.7886e+00	0.0000e+00
8.9946e-01	2.6595e-01	2.7808e+00	0.0000e+00
8.9875e-01	2.6538e-01	2.7735e+00	0.0000e+00
8.9720e-01	2.6522e-01	2.7669e+00	0.0000e+00
8.9276e-01	2.6608e-01	2.7608e+00	0.0000e+00
8.8502e-01	2.6759e-01	2.7552e+00	0.0000e+00
8.7516e-01	2.6942e-01	2.7498e+00	0.0000e+00
8.6466e-01	2.7144e-01	2.7441e+00	0.0000e+00
8.5532e-01	2.7350e-01	2.7382e+00	0.0000e+00
8.4737e-01	2.7535e-01	2.7314e+00	0.0000e+00
8.3641e-01	2.7734e-01	2.7226e+00	0.0000e+00
8.2269e-01	2.7877e-01	2.7096e+00	0.0000e+00
8.1087e-01	2.7933e-01	2.6940e+00	0.0000e+00
8.0590e-01	2.7945e-01	2.6879e+00	0.0000e+00
8.0976e-01	2.7934e-01	2.6876e+00	0.0000e+00
8.2085e-01	2.7900e-01	2.6902e+00	0.0000e+00
8.3444e-01	2.7816e-01	2.6933e+00	0.0000e+00
8.4526e-01	2.7730e-01	2.6959e+00	0.0000e+00
8.5073e-01	2.7690e-01	2.6978e+00	0.0000e+00
8.5133e-01	2.7687e-01	2.6996e+00	0.0000e+00
8.5035e-01	2.7692e-01	2.7018e+00	0.0000e+00
8.4927e-01	2.7699e-01	2.7043e+00	0.0000e+00
8.4792e-01	2.7718e-01	2.7068e+00	0.0000e+00
8.4584e-01	2.7756e-01	2.7090e+00	0.0000e+00
8.4357e-01	2.7810e-01	2.7110e+00	0.0000e+00
8.4165e-01	2.7866e-01	2.7124e+00	0.0000e+00
8.3990e-01	2.7943e-01	2.7130e+00	0.0000e+00
8.3782e-01	2.8045e-01	2.7126e+00	0.0000e+00
8.3603e-01	2.8071e-01	2.7109e+00	0.0000e+00
8.3484e-01	2.8057e-01	2.7089e+00	0.0000e+00
8.3444e-01	2.8033e-01	2.7073e+00	0.0000e+00
8.3546e-01	2.8012e-01	2.7049e+00	0.0000e+00
8.3841e-01	2.8018e-01	2.7005e+00	0.0000e+00
8.4034e-01	2.8052e-01	2.6967e+00	0.0000e+00
8.3973e-01	2.8083e-01	2.6946e+00	0.0000e+00
8.3659e-01	2.8108e-01	2.6943e+00	0.0000e+00
8.3317e-01	2.8124e-01	2.6941e+00	0.0000e+00
8.3395e-01	2.8121e-01	2.6943e+00	0.0000e+00
8.4121e-01	2.8087e-01	2.6948e+00	0.0000e+00
8.5266e-01	2.8019e-01	2.6951e+00	0.0000e+00
8.6304e-01	2.7940e-01	2.6951e+00	0.0000e+00
8.7045e-01	2.7863e-01	2.6946e+00	0.0000e+00
8.7505e-01	2.7799e-01	2.6932e+00	0.0000e+00
8.7813e-01	2.7756e-01	2.6911e+00	0.0000e+00
8.8147e-01	2.7698e-01	2.6888e+00	0.0000e+00
8.8480e-01	2.7603e-01	2.6860e+00	0.0000e+00
8.8723e-01	2.7501e-01	2.6849e+00	0.0000e+00
8.8789e-01	2.7460e-01	2.6884e+00	0.0000e+00
8.8435e-01	2.7568e-01	2.7025e+00	0.0000e+00
8.7514e-01	2.7723e-01	2.7243e+00	0.0000e+00
8.6133e-01	2.7871e-01	2.7463e+00	0.0000e+00
8.4585e-01	2.8005e-01	2.7740e+00	0.0000e+00
8.3177e-01	2.8139e-01	2.8060e+00	0.0000e+00
8.2160e-01	2.8292e-01	2.8388e+00	0.0000e+00
8.1647e-01	2.8461e-01	2.8688e+00	0.0000e+00
8.1525e-01	2.8594e-01	2.8940e+00	0.0000e+00
8.1536e-01	2.8652e-01	2.9120e+00	0.0000e+00
8.1708e-01	2.8668e-01	2.9226e+00	0.0000e+00
8.2034e-01	2.8677e-01	2.9267e+00	0.0000e+00
8.2416e-01	2.8706e-01	2.9255e+00	0.0000e+00
8.2769e-01	2.8743e-01	2.9192e+00	0.0000e+00
8.3017e-01	2.8771e-01	2.9093e+00	0.0000e+00
8.3137e-01	2.8775e-01	2.8988e+00	0.0000e+00
8.3226e-01	2.8725e-01	2.8906e+00	0.0000e+00
8.3358e-01	2.8669e-01	2.8868e+00	0.0000e+00
8.3658e-01	2.8600e-01	2.8870e+00	0.0000e+00
8.4375e-01	2.8468e-01	2.8894e+00	0.0000e+00
8.5471e-01	2.8270e-01	2.8921e+00	0.0000e+00
8.6664e-01	2.8064e-01	2.8938e+00	0.0000e+00
8.7610e-01	2.7936e-01	2.8932e+00	0.0000e+00
8.8149e-01	2.7868e-01	2.8898e+00	0.0000e+00
8.8336e-01	2.7856e-01	2.8860e+00	0.0000e+00
8.8426e-01	2.7884e-01	2.8840e+00	0.0000e+00
8.8688e-01	2.7884e-01	2.8856e+00	0.0000e+00
8.9027e-01	2.7888e-01	2.8926e+00	0.0000e+00
8.9352e-01	2.7894e-01	2.9076e+00	0.0000e+00
8.9611e-01	2.7896e-01	2.9285e+00	0.0000e+00
8.9747e-01	2.7917e-01	2.9525e+00	0.0000e+00
8.9722e-01	2.7971e-01	2.9718e+00	0.0000e+00
8.9503e-01	2.8074e-01	2.9908e+00	0.0000e+00
8.8919e-01	2.8266e-01	3.0135e+00	0.0000e+00
8.7881e-01	2.8527e-01	3.0324e+00	0.0000e+00
8.6525e-01	2.8834e-01	3.0468e+00	0.0000e+00
8.5072e-01	2.9174e-01	3.0570e+00	0.0000e+00
8.3734e-01	2.9526e-01	3.0634e+00	0.0000e+00
8.2710e-01	2.9876e-01	3.0663e+00	0.0000e+00
8.2101e-01	3.0202e-01	3.0664e+00	0.0000e+00
8.1849e-01	3.0447e-01	3.0639e+00	0.0000e+00
8.1791e-01	3.0604e-01	3.0591e+00	0.0000e+00
8.1802e-01	3.0640e-01	3.0523e+00	0.0000e+00
8.1900e-01	3.0547e-01	3.0407e+00	0.0000e+00
8.2056e-01	3.0436e-01	3.0275e+00	0.0000e+00
8.2198e-01	3.0376e-01	3.0168e+00	0.0000e+00
8.2257e-01	3.0345e-01	3.0070e+00	0.0000e+00
8.2224e-01	3.0314e-01	2.9989e+00	0.0000e+00
8.2144e-01	3.0289e-01	2.9932e+00	0.0000e+00
8.1995e-01	3.0312e-01	2.9916e+00	0.0000e+00
8.1807e-01	3.0395e-01	2.9949e+00	0.0000e+00
8.1617e-01	3.0511e-01	3.0028e+00	0.0000e+00
8.1485e-01	3.0598e-01	3.0144e+00	0.0000e+00
8.1418e-01	3.0663e-01	3.0283e+00	0.0000e+00
8.1386e-01	3.0722e-01	3.0426e+00	0.0000e+00
8.1345e-01	3.0758e-01	3.0558e+00	0.0000e+00
8.1323e-01	3.0766e-01	3.0671e+00	0.0000e+00
8.1347e-01	3.0750e-01	3.0758e+00	0.0000e+00
8.1427e-01	3.0727e-01	3.0820e+00	0.0000e+00
8.1533e-01	3.0724e-01	3.0859e+00	0.0000e+00
8.1644e-01	3.0725e-01	3.0877e+00	0.0000e+00
8.1747e-01	3.0725e-01	3.0877e+00	0.0000e+00
8.1768e-01	3.0752e-01	3.0858e+00	0.0000e+00
8.1670e-01	3.0830e-01	3.0818e+00	0.0000e+00
8.1501e-01	3.0960e-01	3.0757e+00	0.0000e+00
8.1344e-01	3.1084e-01	3.0659e+00	0.0000e+00
8.1254e-01	3.1139e-01	3.0546e+00	0.0000e+00
8.1239e-01	3.1139e-01	3.0472e+00	0.0000e+00
8.1254e-01	3.1130e-01	3.0367e+00	0.0000e+00
8.1221e-01	3.1154e-01	3.0196e+00	0.0000e+00
8.1140e-01	3.1193e-01	3.0018e+00	0.0000e+00
8.1087e-01	3.1205e-01	2.9857e+00	0.0000e+00
8.1131e-01	3.1161e-01	2.9741e+00	0.0000e+00
8.1250e-01	3.1072e-01	2.9659e+00	0.0000e+00
8.1362e-01	3.1004e-01	2.9593e+00	0.0000e+00
8.1205e-01	3.1013e-01	2.9533e+00	0.0000e+00
8.0619e-01	3.1069e-01	2.9463e+00	0.0000e+00
7.9672e-01	3.1155e-01	2.9361e+00	0.0000e+00
7.8556e-01	3.1272e-01	2.9245e+00	0.0000e+00
7.7578e-01	3.1385e-01	2.9147e+00	0.0000e+00
7.6987e-01	3.1441e-01	2.9096e+00	0.0000e+00
7.6803e-01	3.1450e-01	2.9099e+00	0.0000e+00
7.6848e-01	3.1402e-01	2.9140e+00	0.0000e+00
7.6888e-01	3.1349e-01	2.9182e+00	0.0000e+00
7.6904e-01	3.1374e-01	2.9203e+00	0.0000e+00
7.6952e-01	3.1443e-01	2.9161e+00	0.0000e+00
7.7079e-01	3.1464e-01	2.9083e+00	0.0000e+00
7.7267e-01	3.1399e-01	2.9087e+00	0.0000e+00
7.7510e-01	3.1283e-01	2.9156e+00	0.0000e+00
7.7793e-01	3.1169e-01	2.9235e+00	0.0000e+00
7.8016e-01	3.1123e-01	2.9300e+00	0.0000e+00
7.8148e-01	3.1138e-01	2.9343e+00	0.0000e+00
7.8249e-01	3.1153e-01	2.9357e+00	0.0000e+00
7.8372e-01	3.1120e-01	2.9345e+00	0.0000e+00
7.8391e-01	3.1087e-01	2.9312e+00	0.0000e+00
7.8038e-01	3.1119e-01	2.9265e+00	0.0000e+00
7.7317e-01	3.1184e-01	2.9207e+00	0.0000e+00
7.6580e-01	3.1210e-01	2.9138e+00	0.0000e+00
7.6177e-01	3.1215e-01	2.9070e+00	0.0000e+00
7.6248e-01	3.1211e-01	2.9009e+00	0.0000e+00
7.6751e-01	3.1195e-01	2.8954e+00	0.0000e+00
7.7483e-01	3.1143e-01	2.8903e+00	0.0000e+00
7.8170e-01	3.1028e-01	2.8856e+00	0.0000e+00
7.8874e-01	3.0887e-01	2.8813e+00	0.0000e+00
7.9868e-01	3.0715e-01	2.8774e+00	0.0000e+00
8.1130e-01	3.0535e-01	2.8732e+00	0.0000e+00
8.2426e-01	3.0367e-01	2.8703e+00	0.0000e+00
8.3513e-01	3.0196e-01	2.8679e+00	0.0000e+00
8.4195e-01	3.0022e-01	2.8648e+00	0.0000e+00
8.4423e-01	2.9891e-01	2.8622e+00	0.0000e+00
8.4456e-01	2.9822e-01	2.8596e+00	0.0000e+00
8.4526e-01	2.9728e-01	2.8568e+00	0.0000e+00
8.4621e-01	2.9635e-01	2.8538e+00	0.0000e+00
8.4711e-01	2.9553e-01	2.8505e+00	0.0000e+00
8.4688e-01	2.9552e-01	2.8471e+00	0.0000e+00
8.4284e-01	2.9657e-01	2.8435e+00	0.0000e+00
8.3308e-01	2.9819e-01	2.8396e+00	0.0000e+00
8.1842e-01	2.9993e-01	2.8357e+00	0.0000e+00
8.0187e-01	3.0137e-01	2.8315e+00	0.0000e+00
7.8725e-01	3.0245e-01	2.8257e+00	0.0000e+00
7.7698e-01	3.0326e-01	2.8186e+00	0.0000e+00
7.7177e-01	3.0378e-01	2.8120e+00	0.0000e+00
7.7048e-01	3.0401e-01	2.8064e+00	0.0000e+00
7.6987e-01	3.0430e-01	2.8020e+00	0.0000e+00
7.6885e-01	3.0492e-01	2.7984e+00	0.0000e+00
7.6839e-01	3.0573e-01	2.7954e+00	0.0000e+00
7.6964e-01	3.0624e-01	2.7930e+00	0.0000e+00
7.7281e-01	3.0642e-01	2.7901e+00	0.0000e+00
7.7711e-01	3.0626e-01	2.7856e+00	0.0000e+00
7.8186e-01	3.0559e-01	2.7815e+00	0.0000e+00
7.8610e-01	3.0458e-01	2.7783e+00	0.0000e+00
7.8834e-01	3.0446e-01	2.7766e+00	0.0000e+00
7.8796e-01	3.0516e-01	2.7754e+00	0.0000e+00
7.8600e-01	3.0625e-01	2.7751e+00	0.0000e+00
7.8323e-01	3.0708e-01	2.7746e+00	0.0000e+00
7.7787e-01	3.0785e-01	2.7735e+00	0.0000e+00
7.6965e-01	3.0878e-01	2.7725e+00	0.0000e+00
7.5979e-01	3.1008e-01	2.7732e+00	0.0000e+00
7.5010e-01	3.1173e-01	2.7755e+00	0.0000e+00
7.4113e-01	3.1361e-01	2.7782e+00	0.0000e+00
7.3105e-01	3.1554e-01	2.7806e+00	0.0000e+00
7.1870e-01	3.1743e-01	2.7809e+00	0.0000e+00
7.0576e-01	3.1904e-01	2.7775e+00	0.0000e+00
6.9488e-01	3.2019e-01	2.7730e+00	0.0000e+00
6.8748e-01	3.2119e-01	2.7697e+00	0.0000e+00
6.8328e-01	3.2223e-01	2.7677e+00	0.0000e+00
6.8062e-01	3.2340e-01	2.7672e+00	0.0000e+00
6.7807e-01	3.2473e-01	2.7683e+00	0.0000e+00
6.7640e-01	3.2570e-01	2.7706e+00	0.0000e+00
6.7610e-01	3.2605e-01	2.7725e+00	0.0000e+00
6.7680e-01	3.2573e-01	2.7730e+00	0.0000e+00
6.7790e-01	3.2477e-01	2.7729e+00	0.0000e+00
6.7905e-01	3.2387e-01	2.7727e+00	0.0000e+00
6.8005e-01	3.2369e-01	2.7723e+00	0.0000e+00
6.8109e-01	3.2419e-01	2.7712e+00	0.0000e+00
6.8289e-01	3.2470e-01	2.7691e+00	0.0000e+00
6.8571e-01	3.2461e-01	2.7663e+00	0.0000e+00
6.8939e-01	3.2380e-01	2.7631e+00	0.0000e+00
6.9407e-01	3.2238e-01	2.7599e+00	0.0000e+00
6.9890e-01	3.2121e-01	2.7568e+00	0.0000e+00
7.0204e-01	3.2052e-01	2.7539e+00	0.0000e+00
7.0271e-01	3.2034e-01	2.7514e+00	0.0000e+00
7.0141e-01	3.2064e-01	2.7498e+00	0.0000e+00
6.9939e-01	3.2127e-01	2.7498e+00	0.0000e+00
6.9808e-01	3.2177e-01	2.7513e+00	0.0000e+00
6.9806e-01	3.2200e-01	2.7540e+00	0.0000e+00
6.9830e-01	3.2256e-01	2.7582e+00	0.0000e+00
6.9850e-01	3.2310e-01	2.7636e+00	0.0000e+00
6.9838e-01	3.2355e-01	2.7713e+00	0.0000e+00
6.9724e-01	3.2402e-01	2.7784e+00	0.0000e+00
6.9573e-01	3.2432e-01	2.7826e+00	0.0000e+00
6.9524e-01	3.2435e-01	2.7868e+00	0.0000e+00
6.9662e-01	3.2418e-01	2.7904e+00	0.0000e+00
6.9963e-01	3.2383e-01	2.7921e+00	0.0000e+00
7.0271e-01	3.2319e-01	2.7929e+00	0.0000e+00
7.0343e-01	3.2249e-01	2.7934e+00	0.0000e+00
7.0067e-01	3.2256e-01	2.7937e+00	0.0000e+00
6.9688e-01	3.2261e-01	2.7939e+00	0.0000e+00
6.9342e-01	3.2244e-01	2.7939e+00	0.0000e+00
6.9069e-01	3.2238e-01	2.7929e+00	0.0000e+00
6.8935e-01	3.2233e-01	2.7896e+00	0.0000e+00
6.8952e-01	3.2214e-01	2.7845e+00	0.0000e+00
6.9005e-01	3.2186e-01	2.7785e+00	0.0000e+00
6.9038e-01	3.2133e-01	2.7713e+00	0.0000e+00
6.9138e-01	3.2013e-01	2.7615e+00	0.0000e+00
6.9550e-01	3.1776e-01	2.7520e+00	0.0000e+00
7.0357e-01	3.1461e-01	2.7454e+00	0.0000e+00
7.1494e-01	3.1113e-01	2.7407e+00	0.0000e+00
7.2774e-01	3.0747e-01	2.7379e+00	0.0000e+00
7.3966e-01	3.0375e-01	2.7356e+00	0.0000e+00
7.4859e-01	3.0045e-01	2.7336e+00	0.0000e+00
7.5359e-01	2.9762e-01	2.7319e+00	0.0000e+00
7.5490e-01	2.9610e-01	2.7300e+00	0.0000e+00
7.5370e-01	2.9667e-01	2.7286e+00	0.0000e+00
7.5201e-01	2.9768e-01	2.7280e+00	0.0000e+00
7.5015e-01	2.9873e-01	2.7278e+00	0.0000e+00
7.4856e-01	2.9976e-01	2.7277e+00	0.0000e+00
7.4759e-01	3.0069e-01	2.7275e+00	0.0000e+00
7.4678e-01	3.0166e-01	2.7272e+00	0.0000e+00
7.4624e-01	3.0229e-01	2.7264e+00	0.0000e+00
7.4565e-01	3.0244e-01	2.7251e+00	0.0000e+00
7.4504e-01	3.0218e-01	2.7220e+00	0.0000e+00
7.4455e-01	3.0192e-01	2.7167e+00	0.0000e+00
7.4534e-01	3.0119e-01	2.7114e+00	0.0000e+00
7.4994e-01	2.9956e-01	2.7083e+00	0.0000e+00
7.5870e-01	2.9779e-01	2.7070e+00	0.0000e+00
7.7035e-01	2.9616e-01	2.7069e+00	0.0000e+00
7.8275e-01	2.9451e-01	2.7072e+00	0.0000e+00
7.9382e-01	2.9272e-01	2.7073e+00	0.0000e+00
8.0204e-01	2.9082e-01	2.7067e+00	0.0000e+00
8.0653e-01	2.8944e-01	2.7040e+00	0.0000e+00
8.0791e-01	2.8925e-01	2.7004e+00	0.0000e+00
8.0781e-01	2.9040e-01	2.6976e+00	0.0000e+00
8.0766e-01	2.9157e-01	2.6931e+00	0.0000e+00
8.0754e-01	2.9207e-01	2.6873e+00	0.0000e+00
8.0749e-01	2.9216e-01	2.6817e+00	0.0000e+00
8.0784e-01	2.9220e-01	2.6761e+00	0.0000e+00
8.0842e-01	2.9236e-01	2.6709e+00	0.0000e+00
8.0921e-01	2.9255e-01	2.6669e+00	0.0000e+00
8.1067e-01	2.9243e-01	2.6647e+00	0.0000e+00
8.1298e-01	2.9198e-01	2.6641e+00	0.0000e+00
8.1561e-01	2.9156e-01	2.6626e+00	0.0000e+00
8.1794e-01	2.9134e-01	2.6613e+00	0.0000e+00
8.1939e-01	2.9124e-01	2.6607e+00	0.0000e+00
8.1969e-01	2.9116e-01	2.6618e+00	0.0000e+00
8.1872e-01	2.9114e-01	2.6644e+00	0.0000e+00
8.1711e-01	2.9127e-01	2.6663e+00	0.0000e+00
8.1590e-01	2.9153e-01	2.6666e+00	0.0000e+00
8.1552e-01	2.9164e-01	2.6651e+00	0.0000e+00
8.1534e-01	2.9191e-01	2.6622e+00	0.0000e+00
8.1467e-01	2.9270e-01	2.6595e+00	0.0000e+00
8.1394e-01	2.9347e-01	2.6577e+00	0.0000e+00
8.1370e-01	2.9398e-01	2.6567e+00	0.0000e+00
8.1411e-01	2.9415e-01	2.6582e+00	0.0000e+00
8.1446e-01	2.9400e-01	2.6630e+00	0.0000e+00
8.1436e-01	2.9403e-01	2.6708e+00	0.0000e+00
8.1357e-01	2.9465e-01	2.6801e+00	0.0000e+00
8.1225e-01	2.9538e-01	2.6899e+00	0.0000e+00
8.1080e-01	2.9581e-01	2.7006e+00	0.0000e+00
8.0990e-01	2.9594e-01	2.7098e+00	0.0000e+00
8.0975e-01	2.9595e-01	2.7156e+00	0.0000e+00
8.1004e-01	2.9590e-01	2.7179e+00	0.0000e+00
8.1010e-01	2.9607e-01	2.7178e+00	0.0000e+00
8.0972e-01	2.9637e-01	2.7171e+00	0.0000e+00
8.0898e-01	2.9666e-01	2.7161e+00	0.0000e+00
8.0854e-01	2.9688e-01	2.7149e+00	0.0000e+00
8.0800e-01	2.9728e-01	2.7131e+00	0.0000e+00
8.0460e-01	2.9873e-01	2.7102e+00	0.0000e+00
7.9718e-01	3.0061e-01	2.7064e+00	0.0000e+00
7.8774e-01	3.0166e-01	2.7021e+00	0.0000e+00
7.7883e-01	3.0212e-01	2.6987e+00	0.0000e+00
7.7279e-01	3.0233e-01	2.6969e+00	0.0000e+00
7.7068e-01	3.0236e-01	2.6952e+00	0.0000e+00
7.6913e-01	3.0240e-01	2.6915e+00	0.0000e+00
7.6394e-01	3.0287e-01	2.6876e+00	0.0000e+00
7.5421e-01	3.0391e-01	2.6853e+00	0.0000e+00
7.4206e-01	3.0574e-01	2.6857e+00	0.0000e+00
7.3158e-01	3.0765e-01	2.6896e+00	0.0000e+00
7.2528e-01	3.0906e-01	2.6996e+00	0.0000e+00
7.2350e-01	3.0967e-01	2.7187e+00	0.0000e+00
7.2355e-01	3.0941e-01	2.7467e+00	0.0000e+00
7.2287e-01	3.0933e-01	2.7828e+00	0.0000e+00
7.2168e-01	3.0949e-01	2.8251e+00	0.0000e+00
7.2165e-01	3.0941e-01	2.8694e+00	0.0000e+00
7.2403e-01	3.0881e-01	2.9098e+00	0.0000e+00
7.2958e-01	3.0772e-01	2.9431e+00	0.0000e+00
7.3824e-01	3.0621e-01	2.9682e+00	0.0000e+00
7.4984e-01	3.0446e-01	2.9831e+00	0.0000e+00
7.6393e-01	3.0280e-01	2.9877e+00	0.0000e+00
7.7818e-01	3.0137e-01	2.9863e+00	0.0000e+00
7.8961e-01	3.0020e-01	2.9847e+00	0.0000e+00
7.9633e-01	2.9947e-01	2.9866e+00	0.0000e+00
7.9797e-01	2.9969e-01	2.9910e+00	0.0000e+00
7.9655e-01	3.0123e-01	2.9958e+00	0.0000e+00
7.9550e-01	3.0219e-01	2.9969e+00	0.0000e+00
7.9442e-01	3.0272e-01	2.9954e+00	0.0000e+00
7.9218e-01	3.0346e-01	2.9910e+00	0.0000e+00
7.8824e-01	3.0447e-01	2.9835e+00	0.0000e+00
7.8321e-01	3.0562e-01	2.9763e+00	0.0000e+00
7.7817e-01	3.0678e-01	2.9682e+00	0.0000e+00
7.7445e-01	3.0753e-01	2.9592e+00	0.0000e+00
7.7217e-01	3.0782e-01	2.9499e+00	0.0000e+00
7.7114e-01	3.0775e-01	2.9406e+00	0.0000e+00
7.7051e-01	3.0766e-01	2.9317e+00	0.0000e+00
7.6936e-01	3.0816e-01	2.9233e+00	0.0000e+00
7.6739e-01	3.0894e-01	2.9154e+00	0.0000e+00
7.6507e-01	3.0972e-01	2.9079e+00	0.0000e+00
7.6307e-01	3.1049e-01	2.9005e+00	0.0000e+00
7.6176e-01	3.1129e-01	2.8928e+00	0.0000e+00
7.6121e-01	3.1198e-01	2.8842e+00	0.0000e+00
7.6105e-01	3.1233e-01	2.8759e+00	0.0000e+00
7.6073e-01	3.1263e-01	2.8683e+00	0.0000e+00
7.5975e-01	3.1354e-01	2.8612e+00	0.0000e+00
7.5797e-01	3.1533e-01	2.8527e+00	0.0000e+00
7.5568e-01	3.1713e-01	2.8453e+00	0.0000e+00
7.5334e-01	3.1846e-01	2.8404e+00	0.0000e+00
7.5152e-01	3.1904e-01	2.8362e+00	0.0000e+00
7.5019e-01	3.1896e-01	2.8323e+00	0.0000e+00
7.4881e-01	3.1904e-01	2.8287e+00	0.0000e+00
7.4714e-01	3.1962e-01	2.8252e+00	0.0000e+00
7.4540e-01	3.2076e-01	2.8215e+00	0.0000e+00
7.4366e-01	3.2241e-01	2.8178e+00	0.0000e+00
7.4219e-01	3.2419e-01	2.8145e+00	0.0000e+00
7.4072e-01	3.2587e-01	2.8111e+00	0.0000e+00
7.3880e-01	3.2747e-01	2.8077e+00	0.0000e+00
7.3601e-01	3.2944e-01	2.8040e+00	0.0000e+00
7.3250e-01	3.3154e-01	2.8004e+00	0.0000e+00
7.2855e-01	3.3361e-01	2.7968e+00	0.0000e+00
7.2381e-01	3.3556e-01	2.7931e+00	0.0000e+00
7.1859e-01	3.3709e-01	2.7895e+00	0.0000e+00
7.1384e-01	3.3793e-01	2.7861e+00	0.0000e+00
7.1080e-01	3.3805e-01	2.7827e+00	0.0000e+00
7.1222e-01	3.3696e-01	2.7793e+00	0.0000e+00
7.1897e-01	3.3507e-01	2.7759e+00	0.0000e+00
7.2943e-01	3.3314e-01	2.7717e+00	0.0000e+00
7.4072e-01	3.3154e-01	2.7674e+00	0.0000e+00
7.5036e-01	3.3024e-01	2.7641e+00	0.0000e+00
7.5636e-01	3.2939e-01	2.7611e+00	0.0000e+00
7.5778e-01	3.2918e-01	2.7583e+00	0.0000e+00
7.5433e-01	3.2978e-01	2.7554e+00	0.0000e+00
7.4733e-01	3.3079e-01	2.7524e+00	0.0000e+00
7.3774e-01	3.3207e-01	2.7494e+00	0.0000e+00
7.2704e-01	3.3352e-01	2.7464e+00	0.0000e+00
7.1779e-01	3.3489e-01	2.7434e+00	0.0000e+00
7.1175e-01	3.3633e-01	2.7402e+00	0.0000e+00
7.0927e-01	3.3792e-01	2.7371e+00	0.0000e+00
7.0872e-01	3.3960e-01	2.7340e+00	0.0000e+00
7.0832e-01	3.4149e-01	2.7309e+00	0.0000e+00
7.0813e-01	3.4296e-01	2.7270e+00	0.0000e+00
7.0850e-01	3.4373e-01	2.7215e+00	0.0000e+00
7.0904e-01	3.4403e-01	2.7152e+00	0.0000e+00
7.0935e-01	3.4422e-01	2.7092e+00	0.0000e+00
7.0956e-01	3.4445e-01	2.7046e+00	0.0000e+00
7.0998e-01	3.4461e-01	2.7012e+00	0.0000e+00
7.0951e-01	3.4514e-01	2.6989e+00	0.0000e+00
7.0566e-01	3.4650e-01	2.6968e+00	0.0000e+00
6.9787e-01	3.4816e-01	2.6953e+00	0.0000e+00
6.8758e-01	3.4940e-01	2.6944e+00	0.0000e+00
6.7934e-01	3.4980e-01	2.6936e+00	0.0000e+00
6.7674e-01	3.4981e-01	2.6938e+00	0.0000e+00
6.8084e-01	3.4957e-01	2.6951e+00	0.0000e+00
6.9025e-01	3.4905e-01	2.6977e+00	0.0000e+00
7.0170e-01	3.4800e-01	2.7004e+00	0.0000e+00
7.1100e-01	3.4626e-01	2.7037e+00	0.0000e+00
7.1523e-01	3.4530e-01	2.7074e+00	0.0000e+00
7.1532e-01	3.4582e-01	2.7111e+00	0.0000e+00
7.1398e-01	3.4689e-01	2.7148e+00	0.0000e+00
7.1287e-01	3.4716e-01	2.7181e+00	0.0000e+00
7.1285e-01	3.4657e-01	2.7206e+00	0.0000e+00
7.1400e-01	3.4562e-01	2.7221e+00	0.0000e+00
7.1597e-01	3.4483e-01	2.7228e+00	0.0000e+00
7.1816e-01	3.4441e-01	2.7230e+00	0.0000e+00
7.2010e-01	3.4436e-01	2.7227e+00	0.0000e+00
7.2102e-01	3.4488e-01	2.7225e+00	0.0000e+00
7.1963e-01	3.4548e-01	2.7238e+00	0.0000e+00
7.1689e-01	3.4586e-01	2.7266e+00	0.0000e+00
7.1407e-01	3.4615e-01	2.7314e+00	0.0000e+00
7.1348e-01	3.4637e-01	2.7392e+00	0.0000e+00
7.1647e-01	3.4656e-01	2.7468e+00	0.0000e+00
7.2263e-01	3.4668e-01	2.7543e+00	0.0000e+00
7.3020e-01	3.4654e-01	2.7608e+00	0.0000e+00
7.3662e-01	3.4574e-01	2.7659e+00	0.0000e+00
