WL	EN	AR	Marker
6.0876e-01	2.9852e-01	1.2785e+01	0.0000e+00
6.1226e-01	2.9837e-01	1.2773e+01	0.0000e+00
6.1076e-01	2.9895e-01	1.2760e+01	0.0000e+00
6.0874e-01	2.9975e-01	1.2746e+01	0.0000e+00
6.0715e-01	3.0047e-01	1.2733e+01	0.0000e+00
6.0678e-01	3.0085e-01	1.2720e+01	0.0000e+00
6.0741e-01	3.0092e-01	1.2707e+01	0.0000e+00
6.0817e-01	3.0111e-01	1.2694e+01	0.0000e+00
6.0856e-01	3.0135e-01	1.2679e+01	0.0000e+00
6.0854e-01	3.0160e-01	1.2661e+01	0.0000e+00
6.0825e-01	3.0182e-01	1.2650e+01	0.0000e+00
6.0837e-01	3.0171e-01	1.2654e+01	0.0000e+00
6.0910e-01	3.0124e-01	1.2644e+01	0.0000e+00
6.0997e-01	3.0088e-01	1.2619e+01	0.0000e+00
6.1064e-01	3.0077e-01	1.2623e+01	0.0000e+00
6.1128e-01	3.0076e-01	1.2627e+01	0.0000e+00
6.1179e-01	3.0092e-01	1.2627e+01	0.0000e+00
6.1188e-01	3.0129e-01	1.2557e+01	0.0000e+00
6.1104e-01	3.0194e-01	1.2438e+01	0.0000e+00
6.0933e-01	3.0275e-01	1.2338e+01	0.0000e+00
6.0714e-01	3.0361e-01	1.2279e+01	0.0000e+00
6.0442e-01	3.0451e-01	1.2267e+01	0.0000e+00
6.0135e-01	3.0543e-01	1.2277e+01	0.0000e+00
5.9834e-01	3.0633e-01	1.2288e+01	0.0000e+00
5.9635e-01	3.0714e-01	1.2301e+01	0.0000e+00
5.9590e-01	3.0767e-01	1.2314e+01	0.0000e+00
5.9611e-01	3.0800e-01	1.2325e+01	0.0000e+00
5.9591e-01	3.0831e-01	1.2337e+01	0.0000e+00
5.9544e-01	3.0863e-01	1.2355e+01	0.0000e+00
5.9524e-01	3.0892e-01	1.2381e+01	0.0000e+00
5.9500e-01	3.0933e-01	1.2413e+01	0.0000e+00
5.9451e-01	3.0980e-01	1.2447e+01	0.0000e+00
6.0209e-01	3.0937e-01	1.2471e+01	0.0000e+00
6.1018e-01	3.0865e-01	1.2484e+01	0.0000e+00
6.2060e-01	3.0752e-01	1.2474e+01	0.0000e+00
6.3385e-01	3.0606e-01	1.2319e+01	0.0000e+00
6.5023e-01	3.0449e-01	1.2077e+01	0.0000e+00
6.7183e-01	3.0298e-01	1.1852e+01	0.0000e+00
6.9874e-01	3.0157e-01	1.1702e+01	0.0000e+00
7.2754e-01	3.0028e-01	1.1628e+01	0.0000e+00
7.5382e-01	2.9900e-01	1.1618e+01	0.0000e+00
7.7389e-01	2.9742e-01	1.1662e+01	0.0000e+00
7.8641e-01	2.9554e-01	1.1756e+01	0.0000e+00
7.9338e-01	2.9376e-01	1.1897e+01	0.0000e+00
8.0145e-01	2.9232e-01	1.2059e+01	0.0000e+00
8.1164e-01	2.9136e-01	1.2193e+01	0.0000e+00
8.2398e-01	2.9064e-01	1.2298e+01	0.0000e+00
8.4024e-01	2.8970e-01	1.2401e+01	0.0000e+00
8.6035e-01	2.8865e-01	1.2496e+01	0.0000e+00
8.8403e-01	2.8752e-01	1.2577e+01	0.0000e+00
9.0888e-01	2.8628e-01	1.2641e+01	0.0000e+00
9.3086e-01	2.8513e-01	1.2698e+01	0.0000e+00
9.4693e-01	2.8426e-01	1.2741e+01	0.0000e+00
9.5688e-01	2.8387e-01	1.2763e+01	0.0000e+00
9.6746e-01	2.8326e-01	1.2760e+01	0.0000e+00
9.8141e-01	2.8207e-01	1.2745e+01	0.0000e+00
1.0007e+00	2.8038e-01	1.2718e+01	0.0000e+00
1.0267e+00	2.7887e-01	1.2678e+01	0.0000e+00
1.0296e+00	2.7926e-01	1.2632e+01	0.0000e+00
1.0321e+00	2.7983e-01	1.2574e+01	0.0000e+00
1.0344e+00	2.8044e-01	1.2525e+01	0.0000e+00
1.0368e+00	2.8096e-01	1.2499e+01	0.0000e+00
1.0395e+00	2.8128e-01	1.2489e+01	0.0000e+00
1.0426e+00	2.8151e-01	1.2485e+01	0.0000e+00
1.0459e+00	2.8170e-01	1.2482e+01	0.0000e+00
1.0493e+00	2.8174e-01	1.2482e+01	0.0000e+00
1.0530e+00	2.8150e-01	1.2482e+01	0.0000e+00
1.0572e+00	2.8097e-01	1.2477e+01	0.0000e+00
1.0631e+00	2.8009e-01	1.2465e+01	0.0000e+00
1.0682e+00	2.7941e-01	1.2445e+01	0.0000e+00
1.0722e+00	2.7884e-01	1.2424e+01	0.0000e+00
1.0746e+00	2.7828e-01	1.2407e+01	0.0000e+00
1.0752e+00	2.7801e-01	1.2397e+01	0.0000e+00
1.0743e+00	2.7845e-01	1.2395e+01	0.0000e+00
1.0730e+00	2.7986e-01	1.2405e+01	0.0000e+00
1.0725e+00	2.8118e-01	1.2421e+01	0.0000e+00
1.0729e+00	2.8145e-01	1.2431e+01	0.0000e+00
1.0738e+00	2.8099e-01	1.2434e+01	0.0000e+00
1.0742e+00	2.8094e-01	1.2432e+01	0.0000e+00
1.0739e+00	2.8173e-01	1.2433e+01	0.0000e+00
1.0724e+00	2.8384e-01	1.2442e+01	0.0000e+00
1.0696e+00	2.8670e-01	1.2458e+01	0.0000e+00
1.0664e+00	2.8938e-01	1.2481e+01	0.0000e+00
1.0627e+00	2.9182e-01	1.2507e+01	0.0000e+00
1.0591e+00	2.9409e-01	1.2534e+01	0.0000e+00
1.0558e+00	2.9635e-01	1.2559e+01	0.0000e+00
1.0529e+00	2.9856e-01	1.2580e+01	0.0000e+00
1.0505e+00	3.0062e-01	1.2595e+01	0.0000e+00
1.0484e+00	3.0267e-01	1.2604e+01	0.0000e+00
1.0472e+00	3.0368e-01	1.2608e+01	0.0000e+00
1.0491e+00	3.0328e-01	1.2609e+01	0.0000e+00
1.0567e+00	3.0202e-01	1.2608e+01	0.0000e+00
1.0717e+00	3.0047e-01	1.2606e+01	0.0000e+00
1.0920e+00	2.9930e-01	1.2602e+01	0.0000e+00
1.1147e+00	2.9816e-01	1.2593e+01	0.0000e+00
1.1390e+00	2.9672e-01	1.2579e+01	0.0000e+00
1.1676e+00	2.9472e-01	1.2564e+01	0.0000e+00
1.2007e+00	2.9247e-01	1.2551e+01	0.0000e+00
1.2344e+00	2.9052e-01	1.2543e+01	0.0000e+00
1.2630e+00	2.8912e-01	1.2533e+01	0.0000e+00
1.2830e+00	2.8818e-01	1.2523e+01	0.0000e+00
1.2938e+00	2.8770e-01	1.2512e+01	0.0000e+00
1.2978e+00	2.8764e-01	1.2500e+01	0.0000e+00
1.3001e+00	2.8759e-01	1.2488e+01	0.0000e+00
1.3033e+00	2.8746e-01	1.2476e+01	0.0000e+00
1.3070e+00	2.8750e-01	1.2464e+01	0.0000e+00
1.3101e+00	2.8780e-01	1.2451e+01	0.0000e+00
1.3127e+00	2.8822e-01	1.2437e+01	0.0000e+00
1.3155e+00	2.8829e-01	1.2419e+01	0.0000e+00
1.3191e+00	2.8773e-01	1.2397e+01	0.0000e+00
1.3234e+00	2.8639e-01	1.2365e+01	0.0000e+00
1.3274e+00	2.8445e-01	1.2321e+01	0.0000e+00
1.3302e+00	2.8238e-01	1.2279e+01	0.0000e+00
1.3312e+00	2.8057e-01	1.2245e+01	0.0000e+00
1.3311e+00	2.7913e-01	1.2228e+01	0.0000e+00
1.3306e+00	2.7801e-01	1.2224e+01	0.0000e+00
1.3306e+00	2.7700e-01	1.2220e+01	0.0000e+00
1.3327e+00	2.7556e-01	1.2207e+01	0.0000e+00
1.3373e+00	2.7369e-01	1.2195e+01	0.0000e+00
1.3439e+00	2.7196e-01	1.2181e+01	0.0000e+00
1.3505e+00	2.7095e-01	1.2158e+01	0.0000e+00
1.3561e+00	2.7047e-01	1.2127e+01	0.0000e+00
1.3605e+00	2.7008e-01	1.2099e+01	0.0000e+00
1.3640e+00	2.6936e-01	1.2084e+01	0.0000e+00
1.3674e+00	2.6801e-01	1.2075e+01	0.0000e+00
1.3714e+00	2.6617e-01	1.2069e+01	0.0000e+00
1.3769e+00	2.6410e-01	1.2067e+01	0.0000e+00
1.3831e+00	2.6179e-01	1.2068e+01	0.0000e+00
1.3887e+00	2.5917e-01	1.2069e+01	0.0000e+00
1.3922e+00	2.5676e-01	1.2069e+01	0.0000e+00
1.3932e+00	2.5530e-01	1.2066e+01	0.0000e+00
1.3929e+00	2.5471e-01	1.2057e+01	0.0000e+00
1.3933e+00	2.5427e-01	1.2043e+01	0.0000e+00
1.3947e+00	2.5380e-01	1.2029e+01	0.0000e+00
1.3957e+00	2.5359e-01	1.2011e+01	0.0000e+00
1.3951e+00	2.5375e-01	1.1993e+01	0.0000e+00
1.3927e+00	2.5406e-01	1.1977e+01	0.0000e+00
1.3866e+00	2.5465e-01	1.1942e+01	0.0000e+00
1.3775e+00	2.5544e-01	1.1919e+01	0.0000e+00
1.3669e+00	2.5647e-01	1.1907e+01	0.0000e+00
1.3567e+00	2.5792e-01	1.1907e+01	0.0000e+00
1.3491e+00	2.5964e-01	1.1915e+01	0.0000e+00
1.3444e+00	2.6079e-01	1.1923e+01	0.0000e+00
1.3405e+00	2.6142e-01	1.1927e+01	0.0000e+00
1.3375e+00	2.6151e-01	1.1914e+01	0.0000e+00
1.3362e+00	2.6118e-01	1.1893e+01	0.0000e+00
1.3364e+00	2.6004e-01	1.1893e+01	0.0000e+00
1.3357e+00	2.5863e-01	1.1928e+01	0.0000e+00
1.3319e+00	2.5811e-01	1.1986e+01	0.0000e+00
1.3263e+00	2.5805e-01	1.2054e+01	0.0000e+00
1.3208e+00	2.5803e-01	1.2114e+01	0.0000e+00
1.3152e+00	2.5831e-01	1.2155e+01	0.0000e+00
1.3095e+00	2.5838e-01	1.2180e+01	0.0000e+00
1.3049e+00	2.5833e-01	1.2198e+01	0.0000e+00
1.3009e+00	2.5809e-01	1.2222e+01	0.0000e+00
1.2964e+00	2.5781e-01	1.2244e+01	0.0000e+00
1.2906e+00	2.5768e-01	1.2256e+01	0.0000e+00
1.2835e+00	2.5812e-01	1.2262e+01	0.0000e+00
1.2757e+00	2.5925e-01	1.2254e+01	0.0000e+00
1.2676e+00	2.6084e-01	1.2240e+01	0.0000e+00
1.2595e+00	2.6265e-01	1.2221e+01	0.0000e+00
1.2513e+00	2.6425e-01	1.2202e+01	0.0000e+00
1.2433e+00	2.6523e-01	1.2183e+01	0.0000e+00
1.2358e+00	2.6553e-01	1.2168e+01	0.0000e+00
1.2294e+00	2.6547e-01	1.2158e+01	0.0000e+00
1.2239e+00	2.6531e-01	1.2151e+01	0.0000e+00
1.2191e+00	2.6532e-01	1.2145e+01	0.0000e+00
1.2149e+00	2.6545e-01	1.2138e+01	0.0000e+00
1.2107e+00	2.6557e-01	1.2131e+01	0.0000e+00
1.2062e+00	2.6577e-01	1.2114e+01	0.0000e+00
1.2013e+00	2.6605e-01	1.2074e+01	1.0000e+00
1.1960e+00	2.6652e-01	1.2033e+01	0.0000e+00
1.1907e+00	2.6695e-01	1.2006e+01	0.0000e+00
1.1857e+00	2.6712e-01	1.1991e+01	0.0000e+00
1.1809e+00	2.6723e-01	1.1985e+01	0.0000e+00
1.1762e+00	2.6726e-01	1.1987e+01	0.0000e+00
1.1717e+00	2.6716e-01	1.1991e+01	0.0000e+00
1.1671e+00	2.6707e-01	1.1990e+01	0.0000e+00
1.1621e+00	2.6705e-01	1.1984e+01	0.0000e+00
1.1571e+00	2.6682e-01	1.1981e+01	0.0000e+00
1.1529e+00	2.6630e-01	1.1979e+01	0.0000e+00
1.1492e+00	2.6567e-01	1.1975e+01	0.0000e+00
1.1422e+00	2.6556e-01	1.1973e+01	0.0000e+00
1.1352e+00	2.6575e-01	1.1973e+01	0.0000e+00
1.1273e+00	2.6612e-01	1.1968e+01	0.0000e+00
1.1181e+00	2.6660e-01	1.1938e+01	0.0000e+00
1.1066e+00	2.6735e-01	1.1901e+01	0.0000e+00
1.0895e+00	2.6877e-01	1.1866e+01	0.0000e+00
1.0660e+00	2.7104e-01	1.1840e+01	0.0000e+00
1.0395e+00	2.7378e-01	1.1826e+01	0.0000e+00
1.0146e+00	2.7603e-01	1.1826e+01	0.0000e+00
9.9541e-01	2.7787e-01	1.1838e+01	0.0000e+00
9.8415e-01	2.7918e-01	1.1865e+01	0.0000e+00
9.7936e-01	2.7997e-01	1.1911e+01	0.0000e+00
9.7446e-01	2.8050e-01	1.1979e+01	0.0000e+00
9.6767e-01	2.8076e-01	1.2081e+01	0.0000e+00
9.5917e-01	2.8099e-01	1.2163e+01	0.0000e+00
9.4783e-01	2.8167e-01	1.2241e+01	0.0000e+00
9.3293e-01	2.8295e-01	1.2327e+01	0.0000e+00
9.1409e-01	2.8481e-01	1.2377e+01	0.0000e+00
8.9331e-01	2.8696e-01	1.2411e+01	0.0000e+00
8.7447e-01	2.8884e-01	1.2434e+01	0.0000e+00
8.6058e-01	2.9025e-01	1.2452e+01	0.0000e+00
8.5180e-01	2.9122e-01	1.2471e+01	0.0000e+00
8.4231e-01	2.9243e-01	1.2493e+01	0.0000e+00
8.2958e-01	2.9424e-01	1.2519e+01	0.0000e+00
8.1190e-01	2.9665e-01	1.2556e+01	0.0000e+00
7.8796e-01	2.9930e-01	1.2605e+01	0.0000e+00
7.8532e-01	3.0016e-01	1.2628e+01	0.0000e+00
7.8299e-01	3.0078e-01	1.2625e+01	0.0000e+00
7.8083e-01	3.0120e-01	1.2591e+01	0.0000e+00
7.7891e-01	3.0142e-01	1.2530e+01	0.0000e+00
7.7735e-01	3.0149e-01	1.2463e+01	0.0000e+00
7.7581e-01	3.0157e-01	1.2405e+01	0.0000e+00
7.7423e-01	3.0163e-01	1.2345e+01	0.0000e+00
7.7407e-01	3.0116e-01	1.2275e+01	0.0000e+00
7.7639e-01	3.0028e-01	1.2235e+01	0.0000e+00
7.8157e-01	2.9930e-01	1.2216e+01	0.0000e+00
7.8619e-01	2.9870e-01	1.2195e+01	0.0000e+00
7.9256e-01	2.9818e-01	1.2189e+01	0.0000e+00
7.9878e-01	2.9782e-01	1.2186e+01	0.0000e+00
8.0379e-01	2.9763e-01	1.2201e+01	0.0000e+00
8.0785e-01	2.9734e-01	1.2226e+01	0.0000e+00
8.1161e-01	2.9671e-01	1.2244e+01	0.0000e+00
8.1617e-01	2.9525e-01	1.2258e+01	0.0000e+00
8.2088e-01	2.9342e-01	1.2267e+01	0.0000e+00
8.2482e-01	2.9184e-01	1.2274e+01	0.0000e+00
8.2738e-01	2.9059e-01	1.2278e+01	0.0000e+00
8.2862e-01	2.8958e-01	1.2280e+01	0.0000e+00
8.2947e-01	2.8829e-01	1.2278e+01	0.0000e+00
8.3009e-01	2.8649e-01	1.2273e+01	0.0000e+00
8.3050e-01	2.8461e-01	1.2266e+01	0.0000e+00
8.3086e-01	2.8313e-01	1.2258e+01	0.0000e+00
8.3120e-01	2.8196e-01	1.2249e+01	0.0000e+00
8.3150e-01	2.8087e-01	1.2240e+01	0.0000e+00
8.3250e-01	2.7942e-01	1.2228e+01	0.0000e+00
8.3424e-01	2.7765e-01	1.2216e+01	0.0000e+00
8.3624e-01	2.7593e-01	1.2199e+01	0.0000e+00
8.3812e-01	2.7443e-01	1.2182e+01	0.0000e+00
8.4022e-01	2.7384e-01	1.2168e+01	0.0000e+00
8.4197e-01	2.7404e-01	1.2156e+01	0.0000e+00
8.4115e-01	2.7440e-01	1.2146e+01	0.0000e+00
8.3519e-01	2.7487e-01	1.2139e+01	1.0000e+00
8.2509e-01	2.7520e-01	1.2135e+01	0.0000e+00
8.1531e-01	2.7525e-01	1.2133e+01	0.0000e+00
8.0796e-01	2.7534e-01	1.2132e+01	0.0000e+00
8.0205e-01	2.7558e-01	1.2130e+01	0.0000e+00
7.9623e-01	2.7579e-01	1.2126e+01	0.0000e+00
7.8983e-01	2.7593e-01	1.2119e+01	0.0000e+00
7.8337e-01	2.7609e-01	1.2110e+01	0.0000e+00
7.7763e-01	2.7642e-01	1.2099e+01	0.0000e+00
7.7510e-01	2.7674e-01	1.2089e+01	0.0000e+00
7.7817e-01	2.7670e-01	1.2078e+01	0.0000e+00
7.8347e-01	2.7660e-01	1.2067e+01	0.0000e+00
7.8784e-01	2.7667e-01	1.2055e+01	0.0000e+00
7.8982e-01	2.7695e-01	1.2047e+01	0.0000e+00
7.8975e-01	2.7742e-01	1.2054e+01	0.0000e+00
7.8824e-01	2.7790e-01	1.2086e+01	0.0000e+00
7.8565e-01	2.7835e-01	1.2126e+01	0.0000e+00
7.8257e-01	2.7878e-01	1.2151e+01	0.0000e+00
7.8015e-01	2.7883e-01	1.2191e+01	0.0000e+00
7.8064e-01	2.7875e-01	1.2262e+01	0.0000e+00
7.8577e-01	2.7855e-01	1.2345e+01	0.0000e+00
7.9498e-01	2.7822e-01	1.2441e+01	0.0000e+00
8.0597e-01	2.7787e-01	1.2528e+01	0.0000e+00
8.1582e-01	2.7755e-01	1.2590e+01	0.0000e+00
8.2244e-01	2.7740e-01	1.2657e+01	0.0000e+00
8.2508e-01	2.7762e-01	1.2723e+01	0.0000e+00
8.2601e-01	2.7796e-01	1.2779e+01	0.0000e+00
8.2634e-01	2.7815e-01	1.2823e+01	0.0000e+00
8.2630e-01	2.7822e-01	1.2857e+01	0.0000e+00
8.2615e-01	2.7828e-01	1.2889e+01	0.0000e+00
8.2686e-01	2.7829e-01	1.2916e+01	0.0000e+00
8.3016e-01	2.7800e-01	1.2931e+01	0.0000e+00
8.3887e-01	2.7739e-01	1.2943e+01	0.0000e+00
8.5374e-01	2.7663e-01	1.2956e+01	0.0000e+00
8.7228e-01	2.7583e-01	1.2965e+01	0.0000e+00
8.9170e-01	2.7500e-01	1.2972e+01	0.0000e+00
9.0992e-01	2.7415e-01	1.2972e+01	0.0000e+00
9.2469e-01	2.7332e-01	1.2963e+01	0.0000e+00
9.3583e-01	2.7249e-01	1.2951e+01	0.0000e+00
9.4325e-01	2.7152e-01	1.2932e+01	0.0000e+00
9.4863e-01	2.7059e-01	1.2904e+01	0.0000e+00
9.5300e-01	2.6968e-01	1.2882e+01	0.0000e+00
9.5606e-01	2.6887e-01	1.2860e+01	0.0000e+00
9.5761e-01	2.6836e-01	1.2838e+01	0.0000e+00
9.5797e-01	2.6829e-01	1.2815e+01	0.0000e+00
9.5857e-01	2.6831e-01	1.2791e+01	0.0000e+00
9.5954e-01	2.6831e-01	1.2767e+01	0.0000e+00
9.6129e-01	2.6815e-01	1.2742e+01	0.0000e+00
9.6364e-01	2.6761e-01	1.2718e+01	0.0000e+00
9.6592e-01	2.6665e-01	1.2694e+01	0.0000e+00
9.6757e-01	2.6584e-01	1.2671e+01	0.0000e+00
9.6863e-01	2.6534e-01	1.2650e+01	0.0000e+00
9.6919e-01	2.6512e-01	1.2629e+01	0.0000e+00
9.7038e-01	2.6510e-01	1.2610e+01	0.0000e+00
9.7340e-01	2.6511e-01	1.2592e+01	0.0000e+00
9.7814e-01	2.6511e-01	1.2577e+01	0.0000e+00
9.8317e-01	2.6509e-01	1.2563e+01	0.0000e+00
9.8705e-01	2.6502e-01	1.2550e+01	0.0000e+00
9.8916e-01	2.6499e-01	1.2543e+01	0.0000e+00
9.9045e-01	2.6497e-01	1.2547e+01	0.0000e+00
9.9206e-01	2.6487e-01	1.2560e+01	0.0000e+00
9.9705e-01	2.6440e-01	1.2580e+01	0.0000e+00
1.0071e+00	2.6393e-01	1.2618e+01	0.0000e+00
1.0221e+00	2.6342e-01	1.2645e+01	0.0000e+00
1.0393e+00	2.6277e-01	1.2554e+01	0.0000e+00
1.0552e+00	2.6172e-01	1.2448e+01	0.0000e+00
1.0663e+00	2.6028e-01	1.2385e+01	0.0000e+00
1.0724e+00	2.5870e-01	1.2389e+01	0.0000e+00
1.0748e+00	2.5747e-01	1.2431e+01	0.0000e+00
1.0760e+00	2.5692e-01	1.2481e+01	0.0000e+00
1.0773e+00	2.5678e-01	1.2515e+01	0.0000e+00
1.0790e+00	2.5674e-01	1.2521e+01	0.0000e+00
1.0813e+00	2.5664e-01	1.2514e+01	0.0000e+00
1.0835e+00	2.5649e-01	1.2507e+01	0.0000e+00
1.0850e+00	2.5625e-01	1.2500e+01	0.0000e+00
1.0851e+00	2.5618e-01	1.2492e+01	0.0000e+00
1.0840e+00	2.5659e-01	1.2483e+01	0.0000e+00
1.0837e+00	2.5707e-01	1.2471e+01	0.0000e+00
1.0842e+00	2.5757e-01	1.2456e+01	0.0000e+00
1.0852e+00	2.5799e-01	1.2439e+01	0.0000e+00
1.0858e+00	2.5855e-01	1.2420e+01	0.0000e+00
1.0853e+00	2.5958e-01	1.2385e+01	0.0000e+00
1.0843e+00	2.6079e-01	1.2340e+01	0.0000e+00
1.0840e+00	2.6142e-01	1.2310e+01	0.0000e+00
1.0853e+00	2.6134e-01	1.2295e+01	0.0000e+00
1.0893e+00	2.6076e-01	1.2290e+01	0.0000e+00
1.0965e+00	2.5999e-01	1.2288e+01	0.0000e+00
1.1055e+00	2.5938e-01	1.2286e+01	0.0000e+00
1.1144e+00	2.5902e-01	1.2274e+01	0.0000e+00
1.1216e+00	2.5879e-01	1.2264e+01	0.0000e+00
1.1260e+00	2.5850e-01	1.2267e+01	0.0000e+00
1.1269e+00	2.5823e-01	1.2266e+01	0.0000e+00
1.1256e+00	2.5834e-01	1.2264e+01	0.0000e+00
1.1239e+00	2.5870e-01	1.2270e+01	0.0000e+00
1.1223e+00	2.5890e-01	1.2275e+01	0.0000e+00
1.1215e+00	2.5873e-01	1.2265e+01	0.0000e+00
1.1215e+00	2.5812e-01	1.2221e+01	0.0000e+00
1.1219e+00	2.5746e-01	1.2167e+01	0.0000e+00
1.1226e+00	2.5743e-01	1.2121e+01	0.0000e+00
1.1235e+00	2.5743e-01	1.2115e+01	0.0000e+00
1.1237e+00	2.5752e-01	1.2133e+01	0.0000e+00
1.1230e+00	2.5777e-01	1.2155e+01	0.0000e+00
1.1217e+00	2.5820e-01	1.2175e+01	0.0000e+00
1.1203e+00	2.5873e-01	1.2195e+01	0.0000e+00
1.1184e+00	2.5918e-01	1.2211e+01	0.0000e+00
1.1160e+00	2.5952e-01	1.2210e+01	0.0000e+00
1.1134e+00	2.5962e-01	1.2179e+01	0.0000e+00
1.1120e+00	2.5918e-01	1.2137e+01	0.0000e+00
1.1123e+00	2.5824e-01	1.2112e+01	0.0000e+00
1.1136e+00	2.5738e-01	1.2109e+01	0.0000e+00
1.1151e+00	2.5695e-01	1.2119e+01	0.0000e+00
1.1163e+00	2.5690e-01	1.2137e+01	0.0000e+00
1.1176e+00	2.5675e-01	1.2156e+01	0.0000e+00
1.1192e+00	2.5617e-01	1.2171e+01	0.0000e+00
1.1209e+00	2.5500e-01	1.2179e+01	0.0000e+00
1.1226e+00	2.5351e-01	1.2175e+01	0.0000e+00
1.1234e+00	2.5221e-01	1.2147e+01	0.0000e+00
1.1235e+00	2.5116e-01	1.2107e+01	0.0000e+00
1.1233e+00	2.5053e-01	1.2065e+01	0.0000e+00
1.1230e+00	2.5013e-01	1.2028e+01	0.0000e+00
1.1224e+00	2.4980e-01	1.2015e+01	0.0000e+00
1.1218e+00	2.4949e-01	1.2026e+01	0.0000e+00
1.1217e+00	2.4915e-01	1.2048e+01	0.0000e+00
1.1212e+00	2.4925e-01	1.2068e+01	0.0000e+00
1.1193e+00	2.4960e-01	1.2082e+01	0.0000e+00
1.1148e+00	2.4998e-01	1.2089e+01	0.0000e+00
1.1070e+00	2.5034e-01	1.2091e+01	0.0000e+00
1.0970e+00	2.5079e-01	1.2093e+01	0.0000e+00
1.0868e+00	2.5145e-01	1.2096e+01	0.0000e+00
1.0787e+00	2.5217e-01	1.2099e+01	0.0000e+00
1.0735e+00	2.5271e-01	1.2101e+01	0.0000e+00
1.0701e+00	2.5327e-01	1.2102e+01	0.0000e+00
1.0672e+00	2.5388e-01	1.2098e+01	0.0000e+00
1.0649e+00	2.5448e-01	1.2090e+01	0.0000e+00
1.0634e+00	2.5509e-01	1.2073e+01	0.0000e+00
1.0628e+00	2.5552e-01	1.2042e+01	0.0000e+00
1.0629e+00	2.5566e-01	1.2019e+01	0.0000e+00
1.0628e+00	2.5559e-01	1.2007e+01	0.0000e+00
1.0626e+00	2.5531e-01	1.1997e+01	0.0000e+00
1.0627e+00	2.5488e-01	1.1991e+01	0.0000e+00
1.0637e+00	2.5439e-01	1.1985e+01	0.0000e+00
1.0668e+00	2.5374e-01	1.1976e+01	0.0000e+00
1.0737e+00	2.5286e-01	1.1957e+01	0.0000e+00
1.0844e+00	2.5201e-01	1.1930e+01	0.0000e+00
1.0970e+00	2.5116e-01	1.1918e+01	0.0000e+00
1.1094e+00	2.5025e-01	1.1912e+01	0.0000e+00
1.1193e+00	2.4932e-01	1.1907e+01	0.0000e+00
1.1242e+00	2.4840e-01	1.1900e+01	0.0000e+00
1.1242e+00	2.4769e-01	1.1890e+01	0.0000e+00
1.1228e+00	2.4710e-01	1.1882e+01	0.0000e+00
1.1219e+00	2.4665e-01	1.1886e+01	0.0000e+00
1.1206e+00	2.4661e-01	1.1899e+01	0.0000e+00
1.1165e+00	2.4715e-01	1.1914e+01	0.0000e+00
1.1084e+00	2.4801e-01	1.1926e+01	0.0000e+00
1.0954e+00	2.4903e-01	1.1931e+01	0.0000e+00
1.0788e+00	2.5015e-01	1.1931e+01	0.0000e+00
1.0613e+00	2.5134e-01	1.1927e+01	0.0000e+00
1.0460e+00	2.5250e-01	1.1928e+01	0.0000e+00
1.0350e+00	2.5345e-01	1.1943e+01	0.0000e+00
1.0279e+00	2.5375e-01	1.1963e+01	0.0000e+00
1.0212e+00	2.5379e-01	1.1976e+01	0.0000e+00
1.0144e+00	2.5379e-01	1.1999e+01	0.0000e+00
1.0086e+00	2.5378e-01	1.2037e+01	0.0000e+00
1.0046e+00	2.5358e-01	1.2089e+01	0.0000e+00
1.0030e+00	2.5293e-01	1.2153e+01	0.0000e+00
1.0036e+00	2.5202e-01	1.2223e+01	0.0000e+00
1.0061e+00	2.5109e-01	1.2295e+01	0.0000e+00
1.0092e+00	2.5030e-01	1.2370e+01	0.0000e+00
1.0109e+00	2.5018e-01	1.2445e+01	0.0000e+00
1.0092e+00	2.5052e-01	1.2513e+01	0.0000e+00
1.0031e+00	2.5117e-01	1.2556e+01	0.0000e+00
9.9428e-01	2.5176e-01	1.2592e+01	0.0000e+00
9.8523e-01	2.5207e-01	1.2636e+01	0.0000e+00
9.7793e-01	2.5229e-01	1.2677e+01	0.0000e+00
9.7324e-01	2.5244e-01	1.2714e+01	0.0000e+00
9.7106e-01	2.5252e-01	1.2737e+01	0.0000e+00
9.6942e-01	2.5253e-01	1.2765e+01	0.0000e+00
9.6769e-01	2.5254e-01	1.2781e+01	0.0000e+00
9.6644e-01	2.5257e-01	1.2777e+01	0.0000e+00
9.6560e-01	2.5254e-01	1.2769e+01	0.0000e+00
9.6523e-01	2.5235e-01	1.2761e+01	0.0000e+00
9.6356e-01	2.5230e-01	1.2754e+01	0.0000e+00
9.5656e-01	2.5263e-01	1.2746e+01	0.0000e+00
9.4226e-01	2.5339e-01	1.2735e+01	0.0000e+00
9.2220e-01	2.5456e-01	1.2711e+01	0.0000e+00
8.9978e-01	2.5602e-01	1.2670e+01	0.0000e+00
8.7841e-01	2.5752e-01	1.2627e+01	0.0000e+00
8.6126e-01	2.5895e-01	1.2592e+01	0.0000e+00
8.4878e-01	2.6001e-01	1.2566e+01	0.0000e+00
8.4105e-01	2.6047e-01	1.2542e+01	0.0000e+00
8.3546e-01	2.6074e-01	1.2486e+01	0.0000e+00
8.3070e-01	2.6113e-01	1.2406e+01	0.0000e+00
8.2703e-01	2.6158e-01	1.2364e+01	0.0000e+00
8.2461e-01	2.6201e-01	1.2344e+01	0.0000e+00
8.2304e-01	2.6219e-01	1.2331e+01	0.0000e+00
8.2098e-01	2.6243e-01	1.2324e+01	0.0000e+00
8.1831e-01	2.6287e-01	1.2327e+01	0.0000e+00
8.1593e-01	2.6339e-01	1.2336e+01	0.0000e+00
8.1501e-01	2.6376e-01	1.2347e+01	0.0000e+00
8.1532e-01	2.6405e-01	1.2347e+01	0.0000e+00
8.1595e-01	2.6415e-01	1.2325e+01	0.0000e+00
8.1595e-01	2.6410e-01	1.2322e+01	0.0000e+00
8.1438e-01	2.6413e-01	1.2333e+01	0.0000e+00
8.1047e-01	2.6452e-01	1.2345e+01	0.0000e+00
8.0462e-01	2.6508e-01	1.2356e+01	0.0000e+00
7.9836e-01	2.6542e-01	1.2372e+01	0.0000e+00
7.9277e-01	2.6569e-01	1.2399e+01	0.0000e+00
7.8859e-01	2.6593e-01	1.2423e+01	0.0000e+00
7.8573e-01	2.6629e-01	1.2420e+01	0.0000e+00
7.8298e-01	2.6680e-01	1.2403e+01	0.0000e+00
7.7906e-01	2.6760e-01	1.2396e+01	0.0000e+00
7.7064e-01	2.6898e-01	1.2413e+01	0.0000e+00
7.5644e-01	2.7071e-01	1.2456e+01	0.0000e+00
7.3806e-01	2.7266e-01	1.2521e+01	0.0000e+00
7.1909e-01	2.7459e-01	1.2604e+01	0.0000e+00
7.0306e-01	2.7668e-01	1.2696e+01	0.0000e+00
6.9228e-01	2.7886e-01	1.2787e+01	0.0000e+00
6.8679e-01	2.8075e-01	1.2850e+01	0.0000e+00
6.8524e-01	2.8173e-01	1.2869e+01	0.0000e+00
6.8548e-01	2.8162e-01	1.2858e+01	0.0000e+00
6.8572e-01	2.8137e-01	1.2842e+01	0.0000e+00
6.8504e-01	2.8151e-01	1.2822e+01	0.0000e+00
6.8298e-01	2.8190e-01	1.2809e+01	0.0000e+00
6.8022e-01	2.8228e-01	1.2814e+01	0.0000e+00
6.7761e-01	2.8250e-01	1.2840e+01	0.0000e+00
6.7616e-01	2.8252e-01	1.2866e+01	0.0000e+00
6.7627e-01	2.8206e-01	1.2880e+01	0.0000e+00
6.7629e-01	2.8147e-01	1.2884e+01	0.0000e+00
6.7570e-01	2.8084e-01	1.2882e+01	0.0000e+00
6.7456e-01	2.8039e-01	1.2874e+01	0.0000e+00
6.7360e-01	2.8016e-01	1.2859e+01	0.0000e+00
6.7348e-01	2.7995e-01	1.2841e+01	0.0000e+00
6.7385e-01	2.7945e-01	1.2822e+01	0.0000e+00
6.7343e-01	2.7930e-01	1.2790e+01	0.0000e+00
6.7120e-01	2.7967e-01	1.2738e+01	0.0000e+00
6.6643e-01	2.8027e-01	1.2710e+01	0.0000e+00
6.5960e-01	2.8067e-01	1.2704e+01	0.0000e+00
6.5128e-01	2.8104e-01	1.2715e+01	0.0000e+00
6.4248e-01	2.8165e-01	1.2769e+01	0.0000e+00
6.3519e-01	2.8242e-01	1.2848e+01	0.0000e+00
6.3080e-01	2.8320e-01	1.2900e+01	0.0000e+00
6.2956e-01	2.8365e-01	1.2935e+01	0.0000e+00
6.2965e-01	2.8350e-01	1.2955e+01	0.0000e+00
6.2961e-01	2.8301e-01	1.2962e+01	0.0000e+00
6.3001e-01	2.8235e-01	1.2958e+01	0.0000e+00
6.3207e-01	2.8150e-01	1.2954e+01	0.0000e+00
6.3638e-01	2.8055e-01	1.2955e+01	0.0000e+00
6.4237e-01	2.7946e-01	1.2959e+01	0.0000e+00
6.4889e-01	2.7824e-01	1.2960e+01	0.0000e+00
6.5421e-01	2.7738e-01	1.2957e+01	0.0000e+00
6.5737e-01	2.7689e-01	1.2949e+01	0.0000e+00
6.5838e-01	2.7658e-01	1.2938e+01	0.0000e+00
6.5844e-01	2.7627e-01	1.2926e+01	0.0000e+00
6.5850e-01	2.7566e-01	1.2913e+01	0.0000e+00
6.5881e-01	2.7489e-01	1.2905e+01	0.0000e+00
6.5949e-01	2.7402e-01	1.2894e+01	0.0000e+00
6.6045e-01	2.7312e-01	1.2878e+01	0.0000e+00
6.6123e-01	2.7239e-01	1.2855e+01	0.0000e+00
6.6166e-01	2.7194e-01	1.2820e+01	0.0000e+00
6.6193e-01	2.7160e-01	1.2781e+01	0.0000e+00
6.6224e-01	2.7106e-01	1.2747e+01	0.0000e+00
6.6227e-01	2.7029e-01	1.2710e+01	0.0000e+00
6.6149e-01	2.6969e-01	1.2677e+01	0.0000e+00
6.6042e-01	2.6939e-01	1.2661e+01	0.0000e+00
6.5896e-01	2.6968e-01	1.2661e+01	0.0000e+00
6.5728e-01	2.7041e-01	1.2676e+01	0.0000e+00
6.5604e-01	2.7129e-01	1.2702e+01	0.0000e+00
6.5571e-01	2.7201e-01	1.2718e+01	0.0000e+00
6.5629e-01	2.7230e-01	1.2732e+01	0.0000e+00
6.5743e-01	2.7237e-01	1.2763e+01	0.0000e+00
6.5866e-01	2.7244e-01	1.2810e+01	0.0000e+00
6.5946e-01	2.7252e-01	1.2861e+01	0.0000e+00
6.5937e-01	2.7275e-01	1.2906e+01	0.0000e+00
6.5824e-01	2.7318e-01	1.2931e+01	0.0000e+00
6.5641e-01	2.7393e-01	1.2924e+01	0.0000e+00
6.5454e-01	2.7486e-01	1.2891e+01	0.0000e+00
6.5331e-01	2.7578e-01	1.2856e+01	0.0000e+00
6.5367e-01	2.7612e-01	1.2833e+01	0.0000e+00
6.5588e-01	2.7579e-01	1.2823e+01	0.0000e+00
6.5892e-01	2.7512e-01	1.2823e+01	0.0000e+00
6.6140e-01	2.7457e-01	1.2847e+01	0.0000e+00
6.6382e-01	2.7392e-01	1.2875e+01	0.0000e+00
6.6769e-01	2.7311e-01	1.2893e+01	0.0000e+00
6.7375e-01	2.7235e-01	1.2900e+01	0.0000e+00
6.8179e-01	2.7156e-01	1.2886e+01	0.0000e+00
6.9100e-01	2.7078e-01	1.2874e+01	0.0000e+00
7.0002e-01	2.7007e-01	1.2875e+01	0.0000e+00
7.0764e-01	2.6949e-01	1.2888e+01	0.0000e+00
7.1293e-01	2.6906e-01	1.2904e+01	0.0000e+00
7.1559e-01	2.6883e-01	1.2915e+01	0.0000e+00
7.1643e-01	2.6905e-01	1.2917e+01	0.0000e+00
7.1482e-01	2.6984e-01	1.2908e+01	0.0000e+00
7.0939e-01	2.7089e-01	1.2894e+01	0.0000e+00
6.9974e-01	2.7195e-01	1.2877e+01	0.0000e+00
6.8690e-01	2.7302e-01	1.2841e+01	0.0000e+00
6.7356e-01	2.7412e-01	1.2796e+01	0.0000e+00
6.6292e-01	2.7527e-01	1.2764e+01	0.0000e+00
6.5683e-01	2.7633e-01	1.2741e+01	0.0000e+00
6.5454e-01	2.7704e-01	1.2733e+01	0.0000e+00
6.5330e-01	2.7741e-01	1.2742e+01	0.0000e+00
6.5222e-01	2.7756e-01	1.2756e+01	0.0000e+00
6.5168e-01	2.7766e-01	1.2768e+01	0.0000e+00
6.5155e-01	2.7777e-01	1.2769e+01	0.0000e+00
6.5152e-01	2.7790e-01	1.2755e+01	0.0000e+00
6.5080e-01	2.7812e-01	1.2740e+01	0.0000e+00
6.4946e-01	2.7824e-01	1.2722e+01	0.0000e+00
6.4902e-01	2.7803e-01	1.2714e+01	0.0000e+00
6.5007e-01	2.7758e-01	1.2716e+01	0.0000e+00
6.5203e-01	2.7707e-01	1.2718e+01	0.0000e+00
6.5344e-01	2.7696e-01	1.2705e+01	0.0000e+00
6.5394e-01	2.7714e-01	1.2672e+01	0.0000e+00
6.5382e-01	2.7744e-01	1.2645e+01	0.0000e+00
6.5318e-01	2.7762e-01	1.2640e+01	0.0000e+00
6.5224e-01	2.7768e-01	1.2649e+01	0.0000e+00
6.5106e-01	2.7775e-01	1.2662e+01	0.0000e+00
6.4894e-01	2.7801e-01	1.2665e+01	0.0000e+00
6.4594e-01	2.7847e-01	1.2656e+01	0.0000e+00
6.4347e-01	2.7882e-01	1.2652e+01	0.0000e+00
6.4268e-01	2.7886e-01	1.2660e+01	0.0000e+00
6.4304e-01	2.7877e-01	1.2674e+01	0.0000e+00
6.4413e-01	2.7878e-01	1.2690e+01	0.0000e+00
6.4470e-01	2.7917e-01	1.2711e+01	0.0000e+00
6.4417e-01	2.7995e-01	1.2732e+01	0.0000e+00
6.4283e-01	2.8070e-01	1.2755e+01	0.0000e+00
6.4120e-01	2.8142e-01	1.2783e+01	0.0000e+00
6.3902e-01	2.8227e-01	1.2821e+01	0.0000e+00
6.3626e-01	2.8310e-01	1.2862e+01	0.0000e+00
6.3360e-01	2.8370e-01	1.2900e+01	0.0000e+00
6.3116e-01	2.8404e-01	1.2933e+01	0.0000e+00
6.2888e-01	2.8418e-01	1.2958e+01	0.0000e+00
6.2559e-01	2.8439e-01	1.2974e+01	0.0000e+00
6.2138e-01	2.8482e-01	1.2984e+01	0.0000e+00
6.1763e-01	2.8532e-01	1.2986e+01	0.0000e+00
6.1501e-01	2.8576e-01	1.2984e+01	0.0000e+00
6.1380e-01	2.8595e-01	1.2977e+01	0.0000e+00
6.1369e-01	2.8593e-01	1.2954e+01	0.0000e+00
6.1437e-01	2.8584e-01	1.2909e+01	0.0000e+00
6.1567e-01	2.8570e-01	1.2863e+01	0.0000e+00
6.1740e-01	2.8561e-01	1.2840e+01	0.0000e+00
6.1932e-01	2.8569e-01	1.2859e+01	0.0000e+00
6.2122e-01	2.8575e-01	1.2908e+01	0.0000e+00
6.2261e-01	2.8572e-01	1.2974e+01	0.0000e+00
6.2316e-01	2.8574e-01	1.3047e+01	0.0000e+00
6.2350e-01	2.8568e-01	1.3132e+01	0.0000e+00
6.2454e-01	2.8557e-01	1.3227e+01	0.0000e+00
6.2731e-01	2.8524e-01	1.3319e+01	0.0000e+00
6.3151e-01	2.8467e-01	1.3397e+01	0.0000e+00
6.3531e-01	2.8403e-01	1.3451e+01	0.0000e+00
6.3673e-01	2.8357e-01	1.3481e+01	0.0000e+00
6.3550e-01	2.8322e-01	1.3491e+01	0.0000e+00
6.3321e-01	2.8298e-01	1.3488e+01	0.0000e+00
6.3153e-01	2.8282e-01	1.3468e+01	0.0000e+00
6.3118e-01	2.8255e-01	1.3429e+01	0.0000e+00
6.3204e-01	2.8198e-01	1.3380e+01	0.0000e+00
6.3294e-01	2.8143e-01	1.3350e+01	0.0000e+00
6.3305e-01	2.8140e-01	1.3342e+01	0.0000e+00
6.3289e-01	2.8168e-01	1.3347e+01	0.0000e+00
6.3270e-01	2.8196e-01	1.3347e+01	0.0000e+00
6.3285e-01	2.8193e-01	1.3336e+01	0.0000e+00
6.3389e-01	2.8145e-01	1.3319e+01	0.0000e+00
6.3584e-01	2.8063e-01	1.3318e+01	0.0000e+00
6.3842e-01	2.7962e-01	1.3335e+01	0.0000e+00
6.4185e-01	2.7822e-01	1.3337e+01	0.0000e+00
6.4550e-01	2.7656e-01	1.3314e+01	0.0000e+00
6.4875e-01	2.7488e-01	1.3283e+01	0.0000e+00
6.5122e-01	2.7304e-01	1.3251e+01	0.0000e+00
6.5269e-01	2.7113e-01	1.3231e+01	0.0000e+00
6.5343e-01	2.6952e-01	1.3231e+01	0.0000e+00
6.5471e-01	2.6835e-01	1.3224e+01	0.0000e+00
6.5994e-01	2.6729e-01	1.3202e+01	0.0000e+00
6.7088e-01	2.6617e-01	1.3169e+01	0.0000e+00
6.8654e-01	2.6494e-01	1.3143e+01	0.0000e+00
7.0372e-01	2.6372e-01	1.3162e+01	0.0000e+00
7.1858e-01	2.6260e-01	1.3214e+01	0.0000e+00
7.2880e-01	2.6166e-01	1.3284e+01	0.0000e+00
7.3482e-01	2.6091e-01	1.3360e+01	0.0000e+00
7.3760e-01	2.6052e-01	1.3425e+01	0.0000e+00
7.3842e-01	2.6050e-01	1.3469e+01	0.0000e+00
7.3885e-01	2.6070e-01	1.3500e+01	0.0000e+00
7.3922e-01	2.6091e-01	1.3517e+01	0.0000e+00
7.3944e-01	2.6073e-01	1.3510e+01	0.0000e+00
7.3953e-01	2.6008e-01	1.3490e+01	0.0000e+00
7.3990e-01	2.5941e-01	1.3461e+01	0.0000e+00
7.4042e-01	2.5901e-01	1.3432e+01	0.0000e+00
7.4085e-01	2.5895e-01	1.3418e+01	0.0000e+00
7.4147e-01	2.5905e-01	1.3394e+01	0.0000e+00
7.4257e-01	2.5898e-01	1.3354e+01	0.0000e+00
7.4477e-01	2.5861e-01	1.3321e+01	0.0000e+00
7.4750e-01	2.5787e-01	1.3305e+01	0.0000e+00
7.4956e-01	2.5706e-01	1.3319e+01	0.0000e+00
7.5013e-01	2.5658e-01	1.3365e+01	0.0000e+00
7.4977e-01	2.5674e-01	1.3446e+01	0.0000e+00
7.4910e-01	2.5748e-01	1.3550e+01	0.0000e+00
7.4902e-01	2.5822e-01	1.3657e+01	0.0000e+00
7.4920e-01	2.5842e-01	1.3744e+01	0.0000e+00
7.4850e-01	2.5835e-01	1.3802e+01	0.0000e+00
7.4654e-01	2.5813e-01	1.3830e+01	0.0000e+00
7.4360e-01	2.5780e-01	1.3840e+01	0.0000e+00
7.4018e-01	2.5754e-01	1.3838e+01	0.0000e+00
7.3718e-01	2.5752e-01	1.3845e+01	0.0000e+00
7.3581e-01	2.5771e-01	1.3877e+01	0.0000e+00
7.3648e-01	2.5779e-01	1.3917e+01	0.0000e+00
7.3765e-01	2.5778e-01	1.3941e+01	0.0000e+00
7.3838e-01	2.5804e-01	1.3947e+01	0.0000e+00
7.3874e-01	2.5832e-01	1.3910e+01	0.0000e+00
7.3871e-01	2.5850e-01	1.3867e+01	0.0000e+00
7.3817e-01	2.5864e-01	1.3846e+01	0.0000e+00
7.3697e-01	2.5899e-01	1.3841e+01	0.0000e+00
7.3568e-01	2.5926e-01	1.3836e+01	0.0000e+00
7.3501e-01	2.5923e-01	1.3797e+01	0.0000e+00
7.3541e-01	2.5915e-01	1.3733e+01	0.0000e+00
7.3760e-01	2.5901e-01	1.3678e+01	0.0000e+00
7.4183e-01	2.5852e-01	1.3658e+01	0.0000e+00
7.4676e-01	2.5776e-01	1.3667e+01	0.0000e+00
7.5120e-01	2.5678e-01	1.3689e+01	0.0000e+00
7.5429e-01	2.5582e-01	1.3716e+01	0.0000e+00
7.5587e-01	2.5519e-01	1.3747e+01	0.0000e+00
7.5603e-01	2.5521e-01	1.3764e+01	0.0000e+00
7.5526e-01	2.5551e-01	1.3778e+01	0.0000e+00
7.5446e-01	2.5552e-01	1.3803e+01	0.0000e+00
7.5382e-01	2.5547e-01	1.3846e+01	0.0000e+00
7.5339e-01	2.5555e-01	1.3875e+01	0.0000e+00
7.5308e-01	2.5561e-01	1.3894e+01	0.0000e+00
7.5298e-01	2.5548e-01	1.3906e+01	0.0000e+00
7.5283e-01	2.5492e-01	1.3898e+01	0.0000e+00
7.5248e-01	2.5419e-01	1.3888e+01	0.0000e+00
7.5205e-01	2.5356e-01	1.3901e+01	0.0000e+00
7.5143e-01	2.5331e-01	1.3916e+01	0.0000e+00
7.5049e-01	2.5328e-01	1.3932e+01	0.0000e+00
7.4965e-01	2.5317e-01	1.3943e+01	0.0000e+00
7.4920e-01	2.5286e-01	1.3953e+01	0.0000e+00
7.4817e-01	2.5273e-01	1.3962e+01	0.0000e+00
7.4496e-01	2.5300e-01	1.3975e+01	0.0000e+00
7.3832e-01	2.5351e-01	1.3988e+01	0.0000e+00
7.2853e-01	2.5413e-01	1.3977e+01	0.0000e+00
7.1739e-01	2.5468e-01	1.3944e+01	0.0000e+00
7.0915e-01	2.5479e-01	1.3914e+01	0.0000e+00
7.0635e-01	2.5477e-01	1.3901e+01	0.0000e+00
7.0900e-01	2.5472e-01	1.3900e+01	0.0000e+00
7.1499e-01	2.5445e-01	1.3904e+01	0.0000e+00
7.2039e-01	2.5380e-01	1.3900e+01	0.0000e+00
7.2331e-01	2.5292e-01	1.3854e+01	0.0000e+00
7.2393e-01	2.5228e-01	1.3810e+01	0.0000e+00
7.2437e-01	2.5185e-01	1.3777e+01	0.0000e+00
7.2555e-01	2.5151e-01	1.3759e+01	0.0000e+00
7.2706e-01	2.5117e-01	1.3758e+01	0.0000e+00
7.2792e-01	2.5070e-01	1.3750e+01	0.0000e+00
7.2770e-01	2.5028e-01	1.3746e+01	0.0000e+00
7.2667e-01	2.5012e-01	1.3750e+01	0.0000e+00
7.2520e-01	2.5030e-01	1.3746e+01	0.0000e+00
7.2349e-01	2.5067e-01	1.3749e+01	0.0000e+00
7.2112e-01	2.5108e-01	1.3770e+01	0.0000e+00
7.1803e-01	2.5148e-01	1.3795e+01	0.0000e+00
7.1463e-01	2.5189e-01	1.3807e+01	0.0000e+00
7.1163e-01	2.5262e-01	1.3815e+01	0.0000e+00
7.0922e-01	2.5395e-01	1.3830e+01	0.0000e+00
7.0664e-01	2.5597e-01	1.3849e+01	0.0000e+00
7.0383e-01	2.5833e-01	1.3867e+01	0.0000e+00
7.0123e-01	2.6067e-01	1.3885e+01	0.0000e+00
6.9926e-01	2.6234e-01	1.3887e+01	0.0000e+00
6.9808e-01	2.6327e-01	1.3868e+01	0.0000e+00
6.9737e-01	2.6366e-01	1.3872e+01	0.0000e+00
6.9675e-01	2.6390e-01	1.3896e+01	0.0000e+00
6.9584e-01	2.6448e-01	1.3922e+01	0.0000e+00
6.9444e-01	2.6579e-01	1.3952e+01	0.0000e+00
6.9352e-01	2.6702e-01	1.3963e+01	0.0000e+00
6.9395e-01	2.6748e-01	1.3965e+01	0.0000e+00
6.9497e-01	2.6752e-01	1.3961e+01	0.0000e+00
6.9570e-01	2.6743e-01	1.3981e+01	0.0000e+00
6.9618e-01	2.6725e-01	1.4020e+01	0.0000e+00
6.9638e-01	2.6691e-01	1.4055e+01	0.0000e+00
6.9669e-01	2.6636e-01	1.4079e+01	0.0000e+00
6.9792e-01	2.6561e-01	1.4089e+01	0.0000e+00
6.9950e-01	2.6490e-01	1.4090e+01	0.0000e+00
7.0109e-01	2.6417e-01	1.4096e+01	0.0000e+00
7.0320e-01	2.6324e-01	1.4114e+01	0.0000e+00
7.0549e-01	2.6248e-01	1.4128e+01	0.0000e+00
7.0741e-01	2.6210e-01	1.4110e+01	0.0000e+00
7.0923e-01	2.6196e-01	1.4084e+01	0.0000e+00
7.1146e-01	2.6198e-01	1.4051e+01	0.0000e+00
7.1439e-01	2.6201e-01	1.4016e+01	0.0000e+00
7.1841e-01	2.6184e-01	1.3994e+01	0.0000e+00
7.2295e-01	2.6150e-01	1.3991e+01	0.0000e+00
7.2759e-01	2.6109e-01	1.4005e+01	0.0000e+00
7.3155e-01	2.6072e-01	1.4022e+01	0.0000e+00
7.3411e-01	2.6041e-01	1.4034e+01	0.0000e+00
7.3498e-01	2.6026e-01	1.4043e+01	0.0000e+00
7.3437e-01	2.6054e-01	1.4051e+01	0.0000e+00
7.3314e-01	2.6115e-01	1.4054e+01	0.0000e+00
7.3159e-01	2.6192e-01	1.4050e+01	0.0000e+00
7.3033e-01	2.6268e-01	1.4015e+01	0.0000e+00
7.3005e-01	2.6314e-01	1.3944e+01	0.0000e+00
7.3091e-01	2.6321e-01	1.3864e+01	0.0000e+00
7.3247e-01	2.6296e-01	1.3773e+01	0.0000e+00
7.3649e-01	2.6226e-01	1.3707e+01	0.0000e+00
7.4545e-01	2.6139e-01	1.3663e+01	0.0000e+00
7.6001e-01	2.6043e-01	1.3610e+01	0.0000e+00
7.7843e-01	2.5950e-01	1.3584e+01	0.0000e+00
7.9764e-01	2.5870e-01	1.3591e+01	0.0000e+00
8.1414e-01	2.5803e-01	1.3614e+01	0.0000e+00
8.2469e-01	2.5751e-01	1.3647e+01	0.0000e+00
8.2848e-01	2.5740e-01	1.3689e+01	0.0000e+00
8.2873e-01	2.5804e-01	1.3720e+01	0.0000e+00
8.2905e-01	2.5898e-01	1.3744e+01	0.0000e+00
8.3068e-01	2.5931e-01	1.3771e+01	0.0000e+00
8.3360e-01	2.5909e-01	1.3784e+01	0.0000e+00
8.3722e-01	2.5848e-01	1.3768e+01	0.0000e+00
8.4128e-01	2.5781e-01	1.3718e+01	0.0000e+00
8.4598e-01	2.5738e-01	1.3651e+01	0.0000e+00
8.5078e-01	2.5727e-01	1.3629e+01	0.0000e+00
8.5516e-01	2.5737e-01	1.3652e+01	0.0000e+00
8.5931e-01	2.5770e-01	1.3698e+01	0.0000e+00
8.6260e-01	2.5858e-01	1.3746e+01	0.0000e+00
8.6483e-01	2.5984e-01	1.3766e+01	0.0000e+00
8.6568e-01	2.6124e-01	1.3740e+01	0.0000e+00
8.6551e-01	2.6247e-01	1.3696e+01	0.0000e+00
8.6524e-01	2.6312e-01	1.3647e+01	0.0000e+00
8.6600e-01	2.6291e-01	1.3593e+01	0.0000e+00
8.6649e-01	2.6251e-01	1.3573e+01	0.0000e+00
8.6231e-01	2.6278e-01	1.3624e+01	0.0000e+00
8.5150e-01	2.6400e-01	1.3705e+01	0.0000e+00
8.3538e-01	2.6648e-01	1.3780e+01	0.0000e+00
8.1763e-01	2.6937e-01	1.3833e+01	0.0000e+00
8.0233e-01	2.7175e-01	1.3876e+01	0.0000e+00
7.9179e-01	2.7363e-01	1.3911e+01	0.0000e+00
7.8526e-01	2.7502e-01	1.3946e+01	0.0000e+00
7.8143e-01	2.7593e-01	1.3980e+01	0.0000e+00
7.7972e-01	2.7643e-01	1.3962e+01	0.0000e+00
7.7956e-01	2.7648e-01	1.3897e+01	0.0000e+00
7.8083e-01	2.7613e-01	1.3813e+01	0.0000e+00
7.8313e-01	2.7568e-01	1.3761e+01	0.0000e+00
7.8563e-01	2.7535e-01	1.3728e+01	0.0000e+00
7.8729e-01	2.7527e-01	1.3716e+01	0.0000e+00
7.8815e-01	2.7547e-01	1.3708e+01	0.0000e+00
7.8856e-01	2.7598e-01	1.3693e+01	0.0000e+00
7.8836e-01	2.7663e-01	1.3641e+01	0.0000e+00
7.8688e-01	2.7769e-01	1.3581e+01	0.0000e+00
7.8373e-01	2.7911e-01	1.3561e+01	0.0000e+00
7.7962e-01	2.8071e-01	1.3595e+01	0.0000e+00
7.7587e-01	2.8209e-01	1.3641e+01	0.0000e+00
7.7380e-01	2.8273e-01	1.3688e+01	0.0000e+00
7.7331e-01	2.8242e-01	1.3735e+01	0.0000e+00
7.7413e-01	2.8134e-01	1.3780e+01	0.0000e+00
7.7487e-01	2.8023e-01	1.3823e+01	0.0000e+00
7.7467e-01	2.7997e-01	1.3862e+01	0.0000e+00
7.7372e-01	2.8026e-01	1.3914e+01	0.0000e+00
7.7244e-01	2.8088e-01	1.3995e+01	0.0000e+00
7.7096e-01	2.8184e-01	1.4101e+01	0.0000e+00
7.6942e-01	2.8315e-01	1.4202e+01	0.0000e+00
7.6800e-01	2.8453e-01	1.4272e+01	0.0000e+00
7.6640e-01	2.8578e-01	1.4296e+01	0.0000e+00
7.6456e-01	2.8704e-01	1.4282e+01	0.0000e+00
7.6306e-01	2.8818e-01	1.4249e+01	0.0000e+00
7.6243e-01	2.8901e-01	1.4211e+01	0.0000e+00
7.6267e-01	2.8977e-01	1.4152e+01	0.0000e+00
7.6346e-01	2.9045e-01	1.4045e+01	0.0000e+00
7.6457e-01	2.9097e-01	1.3940e+01	0.0000e+00
7.6621e-01	2.9095e-01	1.3873e+01	0.0000e+00
7.6807e-01	2.9069e-01	1.3862e+01	0.0000e+00
7.6969e-01	2.9050e-01	1.3881e+01	0.0000e+00
7.7088e-01	2.9040e-01	1.3902e+01	0.0000e+00
7.7100e-01	2.9046e-01	1.3898e+01	0.0000e+00
7.6938e-01	2.9075e-01	1.3886e+01	0.0000e+00
7.6643e-01	2.9132e-01	1.3876e+01	0.0000e+00
7.6317e-01	2.9223e-01	1.3867e+01	0.0000e+00
7.6101e-01	2.9320e-01	1.3858e+01	0.0000e+00
7.6017e-01	2.9384e-01	1.3843e+01	0.0000e+00
7.6083e-01	2.9355e-01	1.3835e+01	0.0000e+00
7.6301e-01	2.9265e-01	1.3830e+01	0.0000e+00
7.6582e-01	2.9195e-01	1.3834e+01	0.0000e+00
7.6869e-01	2.9135e-01	1.3841e+01	0.0000e+00
7.7111e-01	2.9075e-01	1.3844e+01	0.0000e+00
7.7278e-01	2.9039e-01	1.3852e+01	0.0000e+00
7.7422e-01	2.9034e-01	1.3866e+01	0.0000e+00
7.7521e-01	2.9075e-01	1.3881e+01	0.0000e+00
7.7582e-01	2.9134e-01	1.3891e+01	0.0000e+00
7.7634e-01	2.9168e-01	1.3895e+01	0.0000e+00
7.7654e-01	2.9190e-01	1.3894e+01	0.0000e+00
7.7599e-01	2.9235e-01	1.3890e+01	0.0000e+00
7.7464e-01	2.9329e-01	1.3887e+01	0.0000e+00
7.7481e-01	2.9392e-01	1.3885e+01	0.0000e+00
7.8044e-01	2.9360e-01	1.3882e+01	0.0000e+00
7.9239e-01	2.9274e-01	1.3878e+01	0.0000e+00
8.0945e-01	2.9160e-01	1.3872e+01	0.0000e+00
8.2849e-01	2.9035e-01	1.3866e+01	0.0000e+00
8.4532e-01	2.8923e-01	1.3859e+01	0.0000e+00
8.5555e-01	2.8864e-01	1.3849e+01	0.0000e+00
8.5677e-01	2.8846e-01	1.3834e+01	0.0000e+00
8.5038e-01	2.8878e-01	1.3821e+01	0.0000e+00
8.4154e-01	2.8934e-01	1.3811e+01	0.0000e+00
8.3411e-01	2.8978e-01	1.3803e+01	0.0000e+00
8.2942e-01	2.9008e-01	1.3796e+01	0.0000e+00
8.2715e-01	2.9040e-01	1.3792e+01	0.0000e+00
8.2531e-01	2.9097e-01	1.3774e+01	0.0000e+00
8.2367e-01	2.9168e-01	1.3736e+01	0.0000e+00
8.2259e-01	2.9232e-01	1.3680e+01	0.0000e+00
8.2244e-01	2.9263e-01	1.3613e+01	0.0000e+00
8.2316e-01	2.9263e-01	1.3564e+01	0.0000e+00
8.2400e-01	2.9251e-01	1.3503e+01	0.0000e+00
8.2463e-01	2.9236e-01	1.3442e+01	0.0000e+00
8.2534e-01	2.9209e-01	1.3410e+01	0.0000e+00
8.2679e-01	2.9148e-01	1.3404e+01	0.0000e+00
8.2874e-01	2.9057e-01	1.3422e+01	0.0000e+00
8.3064e-01	2.8946e-01	1.3447e+01	0.0000e+00
8.3227e-01	2.8802e-01	1.3499e+01	0.0000e+00
8.3403e-01	2.8634e-01	1.3555e+01	0.0000e+00
8.3681e-01	2.8441e-01	1.3599e+01	0.0000e+00
8.4118e-01	2.8239e-01	1.3663e+01	0.0000e+00
8.4646e-01	2.8038e-01	1.3712e+01	0.0000e+00
8.5120e-01	2.7900e-01	1.3743e+01	0.0000e+00
8.5410e-01	2.7832e-01	1.3764e+01	0.0000e+00
8.5490e-01	2.7805e-01	1.3777e+01	0.0000e+00
8.5432e-01	2.7776e-01	1.3784e+01	0.0000e+00
8.5399e-01	2.7707e-01	1.3786e+01	0.0000e+00
8.5423e-01	2.7597e-01	1.3785e+01	0.0000e+00
8.5546e-01	2.7497e-01	1.3781e+01	0.0000e+00
8.5738e-01	2.7450e-01	1.3772e+01	0.0000e+00
8.5963e-01	2.7437e-01	1.3748e+01	0.0000e+00
8.6161e-01	2.7440e-01	1.3704e+01	0.0000e+00
8.6255e-01	2.7456e-01	1.3678e+01	0.0000e+00
8.6238e-01	2.7473e-01	1.3701e+01	0.0000e+00
8.6207e-01	2.7480e-01	1.3747e+01	0.0000e+00
8.6109e-01	2.7502e-01	1.3789e+01	0.0000e+00
8.6015e-01	2.7524e-01	1.3816e+01	0.0000e+00
8.5971e-01	2.7538e-01	1.3826e+01	0.0000e+00
8.5939e-01	2.7560e-01	1.3811e+01	0.0000e+00
8.5898e-01	2.7608e-01	1.3771e+01	0.0000e+00
8.5791e-01	2.7697e-01	1.3696e+01	0.0000e+00
8.5563e-01	2.7827e-01	1.3612e+01	0.0000e+00
8.5249e-01	2.7946e-01	1.3558e+01	0.0000e+00
8.4936e-01	2.8014e-01	1.3535e+01	0.0000e+00
8.4580e-01	2.8056e-01	1.3541e+01	0.0000e+00
8.4162e-01	2.8088e-01	1.3579e+01	0.0000e+00
8.3728e-01	2.8114e-01	1.3647e+01	0.0000e+00
8.3392e-01	2.8131e-01	1.3691e+01	0.0000e+00
8.3232e-01	2.8136e-01	1.3700e+01	0.0000e+00
8.3236e-01	2.8117e-01	1.3695e+01	0.0000e+00
8.3337e-01	2.8063e-01	1.3690e+01	0.0000e+00
8.3388e-01	2.8006e-01	1.3687e+01	0.0000e+00
8.3375e-01	2.7968e-01	1.3650e+01	0.0000e+00
8.3342e-01	2.7965e-01	1.3584e+01	0.0000e+00
8.3349e-01	2.7966e-01	1.3535e+01	0.0000e+00
8.3399e-01	2.7972e-01	1.3523e+01	0.0000e+00
8.3410e-01	2.8002e-01	1.3546e+01	0.0000e+00
8.3036e-01	2.8099e-01	1.3578e+01	0.0000e+00
8.1905e-01	2.8268e-01	1.3530e+01	0.0000e+00
7.9990e-01	2.8469e-01	1.3461e+01	0.0000e+00
7.7660e-01	2.8616e-01	1.3372e+01	0.0000e+00
7.5389e-01	2.8715e-01	1.3295e+01	0.0000e+00
7.3584e-01	2.8801e-01	1.3278e+01	0.0000e+00
7.2499e-01	2.8875e-01	1.3280e+01	0.0000e+00
7.2075e-01	2.8925e-01	1.3284e+01	0.0000e+00
7.1969e-01	2.8910e-01	1.3298e+01	0.0000e+00
7.1867e-01	2.8869e-01	1.3341e+01	0.0000e+00
7.1667e-01	2.8884e-01	1.3411e+01	0.0000e+00
7.1361e-01	2.8943e-01	1.3493e+01	0.0000e+00
7.0960e-01	2.9045e-01	1.3566e+01	0.0000e+00
7.0519e-01	2.9146e-01	1.3621e+01	0.0000e+00
6.9986e-01	2.9256e-01	1.3668e+01	0.0000e+00
6.9406e-01	2.9373e-01	1.3723e+01	0.0000e+00
6.8832e-01	2.9477e-01	1.3750e+01	0.0000e+00
6.8267e-01	2.9533e-01	1.3732e+01	0.0000e+00
6.7754e-01	2.9515e-01	1.3710e+01	0.0000e+00
6.7275e-01	2.9471e-01	1.3707e+01	0.0000e+00
6.6845e-01	2.9446e-01	1.3716e+01	0.0000e+00
6.6486e-01	2.9503e-01	1.3723e+01	0.0000e+00
6.6208e-01	2.9665e-01	1.3688e+01	0.0000e+00
6.5903e-01	2.9938e-01	1.3642e+01	0.0000e+00
6.5574e-01	3.0249e-01	1.3628e+01	0.0000e+00
6.5323e-01	3.0469e-01	1.3627e+01	0.0000e+00
6.5234e-01	3.0513e-01	1.3641e+01	0.0000e+00
6.5302e-01	3.0388e-01	1.3661e+01	0.0000e+00
6.5482e-01	3.0200e-01	1.3660e+01	0.0000e+00
6.5713e-01	3.0065e-01	1.3653e+01	0.0000e+00
6.6004e-01	2.9970e-01	1.3650e+01	0.0000e+00
6.6365e-01	2.9887e-01	1.3640e+01	0.0000e+00
6.6778e-01	2.9799e-01	1.3629e+01	0.0000e+00
6.7152e-01	2.9703e-01	1.3617e+01	0.0000e+00
6.7335e-01	2.9627e-01	1.3595e+01	0.0000e+00
6.7298e-01	2.9586e-01	1.3562e+01	0.0000e+00
6.7126e-01	2.9590e-01	1.3541e+01	0.0000e+00
6.7005e-01	2.9571e-01	1.3527e+01	0.0000e+00
6.7032e-01	2.9512e-01	1.3523e+01	0.0000e+00
6.7174e-01	2.9415e-01	1.3533e+01	0.0000e+00
6.7335e-01	2.9288e-01	1.3553e+01	0.0000e+00
6.7479e-01	2.9171e-01	1.3594e+01	0.0000e+00
6.7623e-01	2.9072e-01	1.3644e+01	0.0000e+00
6.7768e-01	2.8979e-01	1.3671e+01	0.0000e+00
6.7924e-01	2.8881e-01	1.3679e+01	0.0000e+00
6.8134e-01	2.8801e-01	1.3666e+01	0.0000e+00
6.8359e-01	2.8768e-01	1.3633e+01	0.0000e+00
6.8519e-01	2.8789e-01	1.3596e+01	0.0000e+00
6.8527e-01	2.8886e-01	1.3535e+01	0.0000e+00
6.8511e-01	2.9008e-01	1.3450e+01	0.0000e+00
6.8575e-01	2.9080e-01	1.3391e+01	0.0000e+00
6.8714e-01	2.9114e-01	1.3360e+01	0.0000e+00
6.8872e-01	2.9120e-01	1.3348e+01	0.0000e+00
6.9020e-01	2.9089e-01	1.3340e+01	0.0000e+00
6.9133e-01	2.9011e-01	1.3357e+01	0.0000e+00
6.9196e-01	2.8907e-01	1.3395e+01	0.0000e+00
6.9251e-01	2.8786e-01	1.3379e+01	0.0000e+00
6.9274e-01	2.8677e-01	1.3329e+01	0.0000e+00
6.9278e-01	2.8609e-01	1.3299e+01	0.0000e+00
6.9285e-01	2.8544e-01	1.3290e+01	0.0000e+00
6.9362e-01	2.8451e-01	1.3234e+01	0.0000e+00
6.9560e-01	2.8361e-01	1.3162e+01	0.0000e+00
6.9851e-01	2.8295e-01	1.3112e+01	0.0000e+00
7.0110e-01	2.8275e-01	1.3142e+01	0.0000e+00
7.0198e-01	2.8310e-01	1.3203e+01	0.0000e+00
7.0072e-01	2.8396e-01	1.3215e+01	0.0000e+00
6.9836e-01	2.8490e-01	1.3240e+01	0.0000e+00
6.9626e-01	2.8562e-01	1.3274e+01	0.0000e+00
6.9491e-01	2.8598e-01	1.3314e+01	0.0000e+00
6.9416e-01	2.8595e-01	1.3348e+01	0.0000e+00
6.9393e-01	2.8549e-01	1.3354e+01	0.0000e+00
6.9408e-01	2.8474e-01	1.3331e+01	0.0000e+00
6.9446e-01	2.8395e-01	1.3298e+01	0.0000e+00
6.9404e-01	2.8367e-01	1.3271e+01	0.0000e+00
6.9170e-01	2.8426e-01	1.3230e+01	0.0000e+00
6.8829e-01	2.8536e-01	1.3164e+01	0.0000e+00
6.8515e-01	2.8624e-01	1.3108e+01	0.0000e+00
6.8296e-01	2.8695e-01	1.3083e+01	0.0000e+00
6.8164e-01	2.8765e-01	1.3096e+01	0.0000e+00
6.7995e-01	2.8857e-01	1.3126e+01	0.0000e+00
6.7810e-01	2.8960e-01	1.3149e+01	0.0000e+00
6.7670e-01	2.9043e-01	1.3163e+01	0.0000e+00
6.7609e-01	2.9083e-01	1.3176e+01	0.0000e+00
6.7653e-01	2.9062e-01	1.3196e+01	0.0000e+00
6.7807e-01	2.8993e-01	1.3214e+01	0.0000e+00
6.8018e-01	2.8894e-01	1.3222e+01	0.0000e+00
6.8095e-01	2.8850e-01	1.3211e+01	0.0000e+00
6.7692e-01	2.8896e-01	1.3181e+01	0.0000e+00
6.6654e-01	2.8984e-01	1.3146e+01	0.0000e+00
6.5073e-01	2.9095e-01	1.3139e+01	0.0000e+00
6.3286e-01	2.9215e-01	1.3164e+01	0.0000e+00
6.1747e-01	2.9322e-01	1.3207e+01	0.0000e+00
6.0697e-01	2.9401e-01	1.3261e+01	0.0000e+00
6.0243e-01	2.9445e-01	1.3322e+01	0.0000e+00
6.0250e-01	2.9456e-01	1.3376e+01	0.0000e+00
6.0355e-01	2.9465e-01	1.3420e+01	0.0000e+00
6.0497e-01	2.9481e-01	1.3470e+01	0.0000e+00
6.0701e-01	2.9494e-01	1.3522e+01	0.0000e+00
6.0904e-01	2.9485e-01	1.3531e+01	0.0000e+00
6.1043e-01	2.9457e-01	1.3476e+01	0.0000e+00
6.1072e-01	2.9449e-01	1.3399e+01	0.0000e+00
6.0995e-01	2.9490e-01	1.3331e+01	0.0000e+00
6.0843e-01	2.9586e-01	1.3272e+01	0.0000e+00
6.0676e-01	2.9672e-01	1.3245e+01	0.0000e+00
6.0517e-01	2.9753e-01	1.3251e+01	0.0000e+00
6.0345e-01	2.9856e-01	1.3269e+01	0.0000e+00
6.0134e-01	3.0025e-01	1.3291e+01	0.0000e+00
5.9899e-01	3.0228e-01	1.3330e+01	0.0000e+00
5.9710e-01	3.0421e-01	1.3379e+01	0.0000e+00
5.9623e-01	3.0582e-01	1.3436e+01	0.0000e+00
5.9661e-01	3.0661e-01	1.3500e+01	0.0000e+00
5.9725e-01	3.0671e-01	1.3563e+01	0.0000e+00
5.9685e-01	3.0653e-01	1.3616e+01	0.0000e+00
5.9476e-01	3.0635e-01	1.3645e+01	0.0000e+00
5.9270e-01	3.0602e-01	1.3650e+01	0.0000e+00
5.9374e-01	3.0536e-01	1.3636e+01	0.0000e+00
5.9993e-01	3.0449e-01	1.3607e+01	0.0000e+00
6.1154e-01	3.0356e-01	1.3571e+01	0.0000e+00
6.2581e-01	3.0280e-01	1.3511e+01	0.0000e+00
6.3872e-01	3.0224e-01	1.3459e+01	0.0000e+00
6.4826e-01	3.0162e-01	1.3410e+01	0.0000e+00
6.5342e-01	3.0116e-01	1.3335e+01	0.0000e+00
6.5539e-01	3.0111e-01	1.3291e+01	0.0000e+00
6.5663e-01	3.0125e-01	1.3276e+01	0.0000e+00
6.5741e-01	3.0152e-01	1.3228e+01	0.0000e+00
6.5772e-01	3.0200e-01	1.3190e+01	0.0000e+00
6.5779e-01	3.0274e-01	1.3282e+01	0.0000e+00
6.5733e-01	3.0350e-01	1.3399e+01	0.0000e+00
6.5705e-01	3.0395e-01	1.3472e+01	0.0000e+00
6.5687e-01	3.0441e-01	1.3529e+01	0.0000e+00
6.5666e-01	3.0507e-01	1.3548e+01	0.0000e+00
6.5644e-01	3.0566e-01	1.3543e+01	0.0000e+00
6.5639e-01	3.0580e-01	1.3544e+01	0.0000e+00
6.5656e-01	3.0541e-01	1.3554e+01	0.0000e+00
6.5731e-01	3.0455e-01	1.3578e+01	0.0000e+00
6.5800e-01	3.0394e-01	1.3612e+01	0.0000e+00
6.5840e-01	3.0402e-01	1.3648e+01	0.0000e+00
6.5883e-01	3.0458e-01	1.3682e+01	0.0000e+00
6.5941e-01	3.0535e-01	1.3712e+01	0.0000e+00
6.5996e-01	3.0599e-01	1.3729e+01	0.0000e+00
6.6013e-01	3.0629e-01	1.3702e+01	0.0000e+00
6.5973e-01	3.0625e-01	1.3637e+01	0.0000e+00
6.5904e-01	3.0600e-01	1.3583e+01	0.0000e+00
6.5834e-01	3.0572e-01	1.3552e+01	0.0000e+00
6.5790e-01	3.0578e-01	1.3538e+01	0.0000e+00
6.5747e-01	3.0621e-01	1.3531e+01	0.0000e+00
6.5635e-01	3.0675e-01	1.3527e+01	0.0000e+00
6.5405e-01	3.0756e-01	1.3522e+01	0.0000e+00
6.5067e-01	3.0863e-01	1.3517e+01	0.0000e+00
6.4718e-01	3.0938e-01	1.3521e+01	0.0000e+00
6.4522e-01	3.0941e-01	1.3529e+01	0.0000e+00
6.4517e-01	3.0891e-01	1.3537e+01	0.0000e+00
6.4675e-01	3.0810e-01	1.3541e+01	0.0000e+00
6.4850e-01	3.0775e-01	1.3534e+01	0.0000e+00
6.4931e-01	3.0789e-01	1.3508e+01	0.0000e+00
6.4960e-01	3.0811e-01	1.3489e+01	0.0000e+00
6.5034e-01	3.0825e-01	1.3484e+01	0.0000e+00
6.5322e-01	3.0810e-01	1.3473e+01	0.0000e+00
6.5823e-01	3.0768e-01	1.3449e+01	0.0000e+00
6.6394e-01	3.0709e-01	1.3428e+01	0.0000e+00
6.6895e-01	3.0640e-01	1.3420e+01	0.0000e+00
6.7239e-01	3.0569e-01	1.3414e+01	0.0000e+00
6.7477e-01	3.0480e-01	1.3402e+01	0.0000e+00
6.7719e-01	3.0384e-01	1.3418e+01	0.0000e+00
6.7928e-01	3.0278e-01	1.3450e+01	0.0000e+00
6.8019e-01	3.0190e-01	1.3465e+01	0.0000e+00
6.7989e-01	3.0162e-01	1.3456e+01	0.0000e+00
6.7934e-01	3.0175e-01	1.3405e+01	0.0000e+00
6.7898e-01	3.0197e-01	1.3361e+01	0.0000e+00
6.7920e-01	3.0201e-01	1.3356e+01	0.0000e+00
6.8003e-01	3.0177e-01	1.3385e+01	0.0000e+00
6.8104e-01	3.0122e-01	1.3431e+01	0.0000e+00
6.8171e-01	3.0099e-01	1.3478e+01	0.0000e+00
6.8209e-01	3.0118e-01	1.3513e+01	0.0000e+00
6.8242e-01	3.0062e-01	1.3534e+01	0.0000e+00
6.8284e-01	2.9950e-01	1.3539e+01	0.0000e+00
6.8316e-01	2.9861e-01	1.3537e+01	0.0000e+00
6.8322e-01	2.9787e-01	1.3528e+01	0.0000e+00
6.8259e-01	2.9740e-01	1.3504e+01	0.0000e+00
6.8122e-01	2.9713e-01	1.3455e+01	0.0000e+00
6.7903e-01	2.9721e-01	1.3393e+01	0.0000e+00
6.7641e-01	2.9767e-01	1.3356e+01	0.0000e+00
6.7364e-01	2.9818e-01	1.3335e+01	0.0000e+00
6.7109e-01	2.9863e-01	1.3286e+01	0.0000e+00
6.6933e-01	2.9906e-01	1.3241e+01	0.0000e+00
6.6860e-01	2.9955e-01	1.3230e+01	0.0000e+00
6.6862e-01	2.9998e-01	1.3235e+01	0.0000e+00
6.6789e-01	3.0095e-01	1.3233e+01	0.0000e+00
6.6688e-01	3.0196e-01	1.3227e+01	0.0000e+00
6.6671e-01	3.0269e-01	1.3241e+01	0.0000e+00
6.6815e-01	3.0308e-01	1.3279e+01	0.0000e+00
6.7061e-01	3.0319e-01	1.3331e+01	0.0000e+00
6.7264e-01	3.0321e-01	1.3387e+01	0.0000e+00
6.7343e-01	3.0327e-01	1.3444e+01	0.0000e+00
6.7286e-01	3.0352e-01	1.3490e+01	0.0000e+00
6.7128e-01	3.0384e-01	1.3516e+01	0.0000e+00
6.7013e-01	3.0396e-01	1.3525e+01	0.0000e+00
6.7063e-01	3.0391e-01	1.3521e+01	0.0000e+00
6.7312e-01	3.0337e-01	1.3511e+01	0.0000e+00
6.7588e-01	3.0265e-01	1.3500e+01	0.0000e+00
6.7722e-01	3.0249e-01	1.3490e+01	0.0000e+00
6.7654e-01	3.0303e-01	1.3478e+01	0.0000e+00
6.7539e-01	3.0367e-01	1.3440e+01	0.0000e+00
6.7447e-01	3.0424e-01	1.3297e+01	0.0000e+00
6.7398e-01	3.0473e-01	1.3138e+01	0.0000e+00
6.7439e-01	3.0486e-01	1.3039e+01	0.0000e+00
6.7529e-01	3.0470e-01	1.2962e+01	0.0000e+00
6.7658e-01	3.0419e-01	1.2921e+01	0.0000e+00
6.7788e-01	3.0347e-01	1.2921e+01	0.0000e+00
6.7893e-01	3.0309e-01	1.2962e+01	0.0000e+00
6.7862e-01	3.0347e-01	1.3024e+01	0.0000e+00
6.7672e-01	3.0419e-01	1.3082e+01	0.0000e+00
6.7432e-01	3.0479e-01	1.3132e+01	0.0000e+00
6.7294e-01	3.0498e-01	1.3178e+01	0.0000e+00
6.7346e-01	3.0481e-01	1.3221e+01	0.0000e+00
6.7572e-01	3.0432e-01	1.3244e+01	0.0000e+00
6.7821e-01	3.0374e-01	1.3254e+01	0.0000e+00
6.7973e-01	3.0319e-01	1.3260e+01	0.0000e+00
6.7999e-01	3.0294e-01	1.3275e+01	0.0000e+00
6.8073e-01	3.0283e-01	1.3300e+01	0.0000e+00
6.8307e-01	3.0274e-01	1.3309e+01	0.0000e+00
6.8646e-01	3.0262e-01	1.3248e+01	0.0000e+00
6.8976e-01	3.0257e-01	1.3158e+01	0.0000e+00
6.9225e-01	3.0274e-01	1.3096e+01	0.0000e+00
6.9376e-01	3.0323e-01	1.3083e+01	0.0000e+00
6.9411e-01	3.0410e-01	1.3108e+01	0.0000e+00
6.9385e-01	3.0522e-01	1.3131e+01	0.0000e+00
6.9364e-01	3.0587e-01	1.3157e+01	0.0000e+00
6.9393e-01	3.0574e-01	1.3200e+01	0.0000e+00
6.9489e-01	3.0499e-01	1.3250e+01	0.0000e+00
6.9615e-01	3.0388e-01	1.3277e+01	0.0000e+00
6.9724e-01	3.0259e-01	1.3273e+01	0.0000e+00
6.9843e-01	3.0155e-01	1.3238e+01	0.0000e+00
6.9907e-01	3.0119e-01	1.3215e+01	0.0000e+00
6.9861e-01	3.0147e-01	1.3224e+01	0.0000e+00
6.9711e-01	3.0216e-01	1.3264e+01	0.0000e+00
6.9449e-01	3.0315e-01	1.3292e+01	0.0000e+00
6.9115e-01	3.0399e-01	1.3321e+01	0.0000e+00
6.8855e-01	3.0423e-01	1.3350e+01	0.0000e+00
6.8772e-01	3.0398e-01	1.3366e+01	0.0000e+00
6.8838e-01	3.0348e-01	1.3374e+01	0.0000e+00
6.8917e-01	3.0302e-01	1.3386e+01	0.0000e+00
6.8905e-01	3.0283e-01	1.3386e+01	0.0000e+00
6.8799e-01	3.0305e-01	1.3337e+01	0.0000e+00
6.8754e-01	3.0322e-01	1.3277e+01	0.0000e+00
6.8854e-01	3.0303e-01	1.3266e+01	0.0000e+00
6.8952e-01	3.0280e-01	1.3286e+01	0.0000e+00
6.8972e-01	3.0260e-01	1.3295e+01	0.0000e+00
6.8943e-01	3.0251e-01	1.3296e+01	0.0000e+00
6.8915e-01	3.0247e-01	1.3309e+01	0.0000e+00
6.8953e-01	3.0219e-01	1.3328e+01	0.0000e+00
6.9031e-01	3.0170e-01	1.3343e+01	0.0000e+00
6.9092e-01	3.0137e-01	1.3354e+01	0.0000e+00
6.9127e-01	3.0146e-01	1.3362e+01	0.0000e+00
6.9268e-01	3.0115e-01	1.3350e+01	0.0000e+00
6.9595e-01	3.0010e-01	1.3272e+01	0.0000e+00
7.0050e-01	2.9824e-01	1.3196e+01	0.0000e+00
7.0487e-01	2.9620e-01	1.3180e+01	0.0000e+00
7.0766e-01	2.9456e-01	1.3221e+01	0.0000e+00
7.0856e-01	2.9385e-01	1.3305e+01	0.0000e+00
7.0814e-01	2.9444e-01	1.3409e+01	0.0000e+00
7.0792e-01	2.9511e-01	1.3504e+01	0.0000e+00
7.0838e-01	2.9552e-01	1.3561e+01	0.0000e+00
7.0896e-01	2.9562e-01	1.3595e+01	0.0000e+00
7.0786e-01	2.9576e-01	1.3626e+01	0.0000e+00
7.0265e-01	2.9644e-01	1.3647e+01	0.0000e+00
6.9328e-01	2.9770e-01	1.3649e+01	0.0000e+00
6.8091e-01	2.9891e-01	1.3642e+01	0.0000e+00
6.6788e-01	3.0008e-01	1.3627e+01	0.0000e+00
6.5699e-01	3.0110e-01	1.3614e+01	0.0000e+00
6.4964e-01	3.0197e-01	1.3602e+01	0.0000e+00
6.4513e-01	3.0268e-01	1.3589e+01	0.0000e+00
6.4157e-01	3.0301e-01	1.3576e+01	0.0000e+00
6.3733e-01	3.0301e-01	1.3563e+01	0.0000e+00
6.3321e-01	3.0276e-01	1.3552e+01	0.0000e+00
6.2990e-01	3.0237e-01	1.3544e+01	0.0000e+00
6.2740e-01	3.0199e-01	1.3537e+01	0.0000e+00
6.2543e-01	3.0204e-01	1.3536e+01	0.0000e+00
6.2338e-01	3.0257e-01	1.3538e+01	0.0000e+00
6.2128e-01	3.0329e-01	1.3547e+01	0.0000e+00
6.1971e-01	3.0377e-01	1.3559e+01	0.0000e+00
6.2174e-01	3.0305e-01	1.3576e+01	0.0000e+00
6.2941e-01	3.0192e-01	1.3596e+01	0.0000e+00
6.4240e-01	3.0078e-01	1.3619e+01	0.0000e+00
