WL	EN	AR	Marker
1.5959e+00	2.1930e-01	1.2530e+00	0.0000e+00
1.6185e+00	2.1828e-01	1.2526e+00	0.0000e+00
1.6491e+00	2.1576e-01	1.2523e+00	0.0000e+00
1.6662e+00	2.1435e-01	1.2523e+00	0.0000e+00
1.6703e+00	2.1337e-01	1.2528e+00	0.0000e+00
1.6640e+00	2.1322e-01	1.2537e+00	0.0000e+00
1.6545e+00	2.1382e-01	1.2557e+00	0.0000e+00
1.6439e+00	2.1466e-01	1.2593e+00	0.0000e+00
1.6323e+00	2.1545e-01	1.2643e+00	0.0000e+00
1.6222e+00	2.1599e-01	1.2718e+00	0.0000e+00
1.6192e+00	2.1570e-01	1.2822e+00	0.0000e+00
1.6271e+00	2.1482e-01	1.2948e+00	0.0000e+00
1.6441e+00	2.1369e-01	1.3083e+00	0.0000e+00
1.6645e+00	2.1248e-01	1.3214e+00	0.0000e+00
1.6820e+00	2.1126e-01	1.3334e+00	0.0000e+00
1.6934e+00	2.1007e-01	1.3436e+00	0.0000e+00
1.7051e+00	2.0877e-01	1.3514e+00	0.0000e+00
1.7219e+00	2.0743e-01	1.3566e+00	0.0000e+00
1.7392e+00	2.0638e-01	1.3592e+00	0.0000e+00
1.7530e+00	2.0588e-01	1.3598e+00	0.0000e+00
1.7598e+00	2.0659e-01	1.3591e+00	0.0000e+00
1.7730e+00	2.0731e-01	1.3574e+00	0.0000e+00
1.7939e+00	2.0771e-01	1.3551e+00	0.0000e+00
1.8192e+00	2.0741e-01	1.3527e+00	0.0000e+00
1.8450e+00	2.0599e-01	1.3505e+00	0.0000e+00
1.8662e+00	2.0399e-01	1.3486e+00	0.0000e+00
1.8837e+00	2.0217e-01	1.3469e+00	0.0000e+00
1.8955e+00	2.0062e-01	1.3450e+00	0.0000e+00
1.8979e+00	1.9961e-01	1.3433e+00	0.0000e+00
1.8925e+00	1.9928e-01	1.3421e+00	0.0000e+00
1.8860e+00	1.9870e-01	1.3411e+00	0.0000e+00
1.8821e+00	1.9893e-01	1.3402e+00	0.0000e+00
1.8837e+00	1.9878e-01	1.3394e+00	0.0000e+00
1.8872e+00	1.9857e-01	1.3388e+00	0.0000e+00
1.8885e+00	1.9838e-01	1.3382e+00	0.0000e+00
1.8849e+00	1.9823e-01	1.3376e+00	0.0000e+00
1.8767e+00	1.9814e-01	1.3371e+00	0.0000e+00
1.8713e+00	1.9768e-01	1.3368e+00	0.0000e+00
1.8735e+00	1.9693e-01	1.3364e+00	0.0000e+00
1.8825e+00	1.9607e-01	1.3360e+00	0.0000e+00
1.8949e+00	1.9518e-01	1.3356e+00	0.0000e+00
1.9059e+00	1.9435e-01	1.3351e+00	0.0000e+00
1.9109e+00	1.9375e-01	1.3347e+00	0.0000e+00
1.9084e+00	1.9359e-01	1.3344e+00	0.0000e+00
1.9002e+00	1.9409e-01	1.3340e+00	0.0000e+00
1.8901e+00	1.9491e-01	1.3337e+00	0.0000e+00
1.8794e+00	1.9602e-01	1.3331e+00	0.0000e+00
1.8685e+00	1.9732e-01	1.3322e+00	0.0000e+00
1.8583e+00	1.9857e-01	1.3318e+00	0.0000e+00
1.8489e+00	1.9968e-01	1.3320e+00	0.0000e+00
1.8394e+00	2.0069e-01	1.3325e+00	0.0000e+00
1.8294e+00	2.0149e-01	1.3329e+00	0.0000e+00
1.8208e+00	2.0174e-01	1.3330e+00	0.0000e+00
1.8130e+00	2.0184e-01	1.3328e+00	0.0000e+00
1.8048e+00	2.0205e-01	1.3326e+00	0.0000e+00
1.7964e+00	2.0232e-01	1.3324e+00	0.0000e+00
1.7917e+00	2.0224e-01	1.3322e+00	0.0000e+00
1.8039e+00	2.0129e-01	1.3320e+00	0.0000e+00
1.8205e+00	2.0048e-01	1.3316e+00	0.0000e+00
1.8379e+00	1.9961e-01	1.3312e+00	0.0000e+00
1.8531e+00	1.9822e-01	1.3308e+00	0.0000e+00
1.8638e+00	1.9645e-01	1.3305e+00	0.0000e+00
1.8712e+00	1.9501e-01	1.3301e+00	0.0000e+00
1.8782e+00	1.9410e-01	1.3298e+00	0.0000e+00
1.8844e+00	1.9368e-01	1.3295e+00	0.0000e+00
1.8894e+00	1.9337e-01	1.3293e+00	0.0000e+00
1.8929e+00	1.9307e-01	1.3291e+00	0.0000e+00
1.8949e+00	1.9303e-01	1.3290e+00	0.0000e+00
1.8959e+00	1.9330e-01	1.3288e+00	0.0000e+00
1.8974e+00	1.9319e-01	1.3281e+00	0.0000e+00
1.9001e+00	1.9245e-01	1.3268e+00	0.0000e+00
1.9042e+00	1.9159e-01	1.3254e+00	0.0000e+00
1.9118e+00	1.9096e-01	1.3242e+00	0.0000e+00
1.9225e+00	1.9078e-01	1.3231e+00	0.0000e+00
1.9315e+00	1.9081e-01	1.3223e+00	0.0000e+00
1.9349e+00	1.9088e-01	1.3219e+00	0.0000e+00
1.9309e+00	1.9105e-01	1.3220e+00	0.0000e+00
1.9212e+00	1.9139e-01	1.3223e+00	0.0000e+00
1.9102e+00	1.9184e-01	1.3227e+00	0.0000e+00
1.9018e+00	1.9205e-01	1.3231e+00	0.0000e+00
1.8959e+00	1.9180e-01	1.3236e+00	0.0000e+00
1.8881e+00	1.9160e-01	1.3240e+00	0.0000e+00
1.8780e+00	1.9176e-01	1.3241e+00	0.0000e+00
1.8682e+00	1.9244e-01	1.3240e+00	0.0000e+00
1.8593e+00	1.9350e-01	1.3237e+00	0.0000e+00
1.8511e+00	1.9462e-01	1.3234e+00	0.0000e+00
1.8432e+00	1.9554e-01	1.3233e+00	0.0000e+00
1.8355e+00	1.9621e-01	1.3232e+00	0.0000e+00
1.8278e+00	1.9678e-01	1.3231e+00	0.0000e+00
1.8194e+00	1.9734e-01	1.3231e+00	0.0000e+00
1.8102e+00	1.9786e-01	1.3227e+00	0.0000e+00
1.8007e+00	1.9830e-01	1.3222e+00	0.0000e+00
1.7914e+00	1.9865e-01	1.3219e+00	1.0000e+00
1.7896e+00	1.9875e-01	1.3217e+00	0.0000e+00
1.7873e+00	1.9894e-01	1.3216e+00	0.0000e+00
1.7836e+00	1.9945e-01	1.3217e+00	0.0000e+00
1.7783e+00	2.0006e-01	1.3216e+00	0.0000e+00
1.7722e+00	2.0063e-01	1.3215e+00	0.0000e+00
1.7650e+00	2.0112e-01	1.3213e+00	0.0000e+00
1.7549e+00	2.0160e-01	1.3203e+00	0.0000e+00
1.7438e+00	2.0182e-01	1.3186e+00	0.0000e+00
1.7352e+00	2.0180e-01	1.3172e+00	0.0000e+00
1.7327e+00	2.0167e-01	1.3165e+00	0.0000e+00
1.7375e+00	2.0152e-01	1.3166e+00	0.0000e+00
1.7480e+00	2.0135e-01	1.3172e+00	0.0000e+00
1.7600e+00	2.0108e-01	1.3180e+00	0.0000e+00
1.7669e+00	2.0071e-01	1.3186e+00	0.0000e+00
1.7642e+00	2.0082e-01	1.3187e+00	0.0000e+00
1.7531e+00	2.0132e-01	1.3186e+00	0.0000e+00
1.7359e+00	2.0222e-01	1.3185e+00	0.0000e+00
1.7162e+00	2.0353e-01	1.3183e+00	0.0000e+00
1.6989e+00	2.0492e-01	1.3181e+00	0.0000e+00
1.6881e+00	2.0603e-01	1.3181e+00	0.0000e+00
1.6846e+00	2.0655e-01	1.3180e+00	0.0000e+00
1.6797e+00	2.0630e-01	1.3180e+00	0.0000e+00
1.6762e+00	2.0589e-01	1.3179e+00	0.0000e+00
1.6733e+00	2.0545e-01	1.3179e+00	0.0000e+00
1.6702e+00	2.0509e-01	1.3180e+00	0.0000e+00
1.6662e+00	2.0490e-01	1.3182e+00	0.0000e+00
1.6621e+00	2.0490e-01	1.3182e+00	0.0000e+00
1.6604e+00	2.0487e-01	1.3182e+00	0.0000e+00
1.6664e+00	2.0458e-01	1.3182e+00	0.0000e+00
1.6810e+00	2.0416e-01	1.3182e+00	0.0000e+00
1.7006e+00	2.0365e-01	1.3181e+00	0.0000e+00
1.7239e+00	2.0292e-01	1.3181e+00	0.0000e+00
1.7413e+00	2.0195e-01	1.3182e+00	0.0000e+00
1.7462e+00	2.0114e-01	1.3185e+00	0.0000e+00
1.7380e+00	2.0068e-01	1.3187e+00	0.0000e+00
1.7224e+00	2.0063e-01	1.3189e+00	0.0000e+00
1.7045e+00	2.0102e-01	1.3189e+00	0.0000e+00
1.6894e+00	2.0184e-01	1.3189e+00	0.0000e+00
1.6800e+00	2.0261e-01	1.3188e+00	0.0000e+00
1.6760e+00	2.0278e-01	1.3188e+00	0.0000e+00
1.6758e+00	2.0219e-01	1.3189e+00	0.0000e+00
1.6784e+00	2.0116e-01	1.3192e+00	0.0000e+00
1.6832e+00	2.0016e-01	1.3193e+00	0.0000e+00
1.6898e+00	1.9961e-01	1.3195e+00	0.0000e+00
1.6968e+00	1.9930e-01	1.3197e+00	0.0000e+00
1.7028e+00	1.9913e-01	1.3198e+00	0.0000e+00
1.6918e+00	1.9967e-01	1.3199e+00	0.0000e+00
1.6918e+00	1.9967e-01	1.3201e+00	0.0000e+00
1.6918e+00	1.9967e-01	1.3204e+00	0.0000e+00
1.6918e+00	1.9967e-01	1.3207e+00	0.0000e+00
1.6918e+00	1.9967e-01	1.3208e+00	0.0000e+00
1.6918e+00	1.9967e-01	1.3207e+00	0.0000e+00
1.6918e+00	1.9967e-01	1.3208e+00	0.0000e+00
1.6918e+00	1.9967e-01	1.3211e+00	0.0000e+00
1.6918e+00	1.9967e-01	1.3217e+00	0.0000e+00
1.6918e+00	1.9967e-01	1.3223e+00	0.0000e+00
1.7091e+00	1.9912e-01	1.3229e+00	0.0000e+00
1.7269e+00	1.9862e-01	1.3234e+00	0.0000e+00
1.7266e+00	1.9898e-01	1.3239e+00	0.0000e+00
1.7193e+00	1.9950e-01	1.3243e+00	0.0000e+00
1.7088e+00	2.0024e-01	1.3249e+00	0.0000e+00
1.7022e+00	2.0078e-01	1.3255e+00	0.0000e+00
1.6996e+00	2.0080e-01	1.3254e+00	0.0000e+00
1.6981e+00	2.0030e-01	1.3241e+00	0.0000e+00
1.6968e+00	1.9960e-01	1.3227e+00	0.0000e+00
1.6960e+00	1.9891e-01	1.3220e+00	0.0000e+00
1.6947e+00	1.9840e-01	1.3220e+00	0.0000e+00
1.6917e+00	1.9830e-01	1.3225e+00	0.0000e+00
1.6881e+00	1.9842e-01	1.3232e+00	0.0000e+00
1.6863e+00	1.9859e-01	1.3239e+00	0.0000e+00
1.6879e+00	1.9875e-01	1.3243e+00	0.0000e+00
1.6934e+00	1.9890e-01	1.3246e+00	0.0000e+00
1.7011e+00	1.9904e-01	1.3248e+00	0.0000e+00
1.7036e+00	1.9930e-01	1.3244e+00	0.0000e+00
1.6961e+00	1.9978e-01	1.3230e+00	0.0000e+00
1.6836e+00	2.0051e-01	1.3214e+00	0.0000e+00
1.6739e+00	2.0104e-01	1.3201e+00	0.0000e+00
1.6677e+00	2.0112e-01	1.3193e+00	0.0000e+00
1.6592e+00	2.0102e-01	1.3191e+00	0.0000e+00
1.6479e+00	2.0086e-01	1.3194e+00	0.0000e+00
1.6362e+00	2.0063e-01	1.3199e+00	0.0000e+00
1.6254e+00	2.0053e-01	1.3204e+00	0.0000e+00
1.6159e+00	2.0071e-01	1.3208e+00	0.0000e+00
1.6061e+00	2.0137e-01	1.3211e+00	0.0000e+00
1.5974e+00	2.0195e-01	1.3213e+00	0.0000e+00
1.5927e+00	2.0169e-01	1.3214e+00	0.0000e+00
1.5909e+00	2.0076e-01	1.3216e+00	0.0000e+00
1.5887e+00	2.0002e-01	1.3217e+00	0.0000e+00
1.5823e+00	1.9998e-01	1.3219e+00	0.0000e+00
1.5722e+00	2.0024e-01	1.3220e+00	0.0000e+00
1.5602e+00	2.0064e-01	1.3221e+00	0.0000e+00
1.5494e+00	2.0101e-01	1.3223e+00	0.0000e+00
1.5415e+00	2.0141e-01	1.3225e+00	0.0000e+00
1.5367e+00	2.0195e-01	1.3229e+00	0.0000e+00
1.5301e+00	2.0295e-01	1.3234e+00	0.0000e+00
1.5181e+00	2.0434e-01	1.3240e+00	0.0000e+00
1.5012e+00	2.0569e-01	1.3246e+00	0.0000e+00
1.4815e+00	2.0703e-01	1.3252e+00	0.0000e+00
1.4630e+00	2.0822e-01	1.3260e+00	0.0000e+00
1.4514e+00	2.0886e-01	1.3267e+00	0.0000e+00
1.4523e+00	2.0857e-01	1.3273e+00	0.0000e+00
1.4656e+00	2.0756e-01	1.3277e+00	0.0000e+00
1.4868e+00	2.0622e-01	1.3276e+00	0.0000e+00
1.5109e+00	2.0465e-01	1.3280e+00	0.0000e+00
1.5332e+00	2.0295e-01	1.3286e+00	0.0000e+00
1.5498e+00	2.0139e-01	1.3294e+00	0.0000e+00
1.5587e+00	2.0014e-01	1.3297e+00	0.0000e+00
1.5625e+00	1.9930e-01	1.3297e+00	0.0000e+00
1.5700e+00	1.9826e-01	1.3300e+00	0.0000e+00
1.5846e+00	1.9739e-01	1.3304e+00	0.0000e+00
1.6048e+00	1.9657e-01	1.3310e+00	0.0000e+00
1.6273e+00	1.9571e-01	1.3316e+00	0.0000e+00
1.6472e+00	1.9494e-01	1.3323e+00	0.0000e+00
1.6582e+00	1.9475e-01	1.3328e+00	0.0000e+00
1.6568e+00	1.9530e-01	1.3332e+00	0.0000e+00
1.6450e+00	1.9669e-01	1.3339e+00	0.0000e+00
1.6301e+00	1.9843e-01	1.3346e+00	0.0000e+00
1.6182e+00	1.9971e-01	1.3351e+00	0.0000e+00
1.6117e+00	2.0062e-01	1.3350e+00	0.0000e+00
1.6089e+00	2.0107e-01	1.3348e+00	0.0000e+00
1.6070e+00	2.0114e-01	1.3348e+00	0.0000e+00
1.6076e+00	2.0093e-01	1.3349e+00	0.0000e+00
1.6142e+00	2.0052e-01	1.3351e+00	0.0000e+00
1.6284e+00	1.9986e-01	1.3353e+00	0.0000e+00
1.6479e+00	1.9897e-01	1.3355e+00	0.0000e+00
1.6686e+00	1.9796e-01	1.3357e+00	0.0000e+00
1.6858e+00	1.9708e-01	1.3359e+00	0.0000e+00
1.6960e+00	1.9647e-01	1.3362e+00	0.0000e+00
1.6983e+00	1.9626e-01	1.3366e+00	0.0000e+00
1.6937e+00	1.9661e-01	1.3373e+00	0.0000e+00
1.6825e+00	1.9717e-01	1.3380e+00	0.0000e+00
1.6697e+00	1.9749e-01	1.3386e+00	0.0000e+00
1.6613e+00	1.9761e-01	1.3390e+00	0.0000e+00
1.6605e+00	1.9754e-01	1.3392e+00	0.0000e+00
1.6665e+00	1.9723e-01	1.3393e+00	1.0000e+00
1.6752e+00	1.9678e-01	1.3393e+00	0.0000e+00
1.6824e+00	1.9638e-01	1.3394e+00	0.0000e+00
1.6853e+00	1.9635e-01	1.3394e+00	0.0000e+00
1.6858e+00	1.9670e-01	1.3395e+00	0.0000e+00
1.6879e+00	1.9669e-01	1.3396e+00	0.0000e+00
1.6910e+00	1.9611e-01	1.3398e+00	0.0000e+00
1.6942e+00	1.9514e-01	1.3397e+00	0.0000e+00
1.6972e+00	1.9413e-01	1.3393e+00	0.0000e+00
1.6995e+00	1.9335e-01	1.3389e+00	0.0000e+00
1.7014e+00	1.9279e-01	1.3385e+00	0.0000e+00
1.7033e+00	1.9226e-01	1.3378e+00	0.0000e+00
1.7056e+00	1.9165e-01	1.3371e+00	0.0000e+00
1.7090e+00	1.9100e-01	1.3365e+00	0.0000e+00
1.7162e+00	1.9036e-01	1.3363e+00	0.0000e+00
1.7277e+00	1.8974e-01	1.3366e+00	0.0000e+00
1.7427e+00	1.8908e-01	1.3371e+00	0.0000e+00
1.7588e+00	1.8834e-01	1.3376e+00	0.0000e+00
1.7721e+00	1.8751e-01	1.3380e+00	0.0000e+00
1.7798e+00	1.8672e-01	1.3384e+00	0.0000e+00
1.7827e+00	1.8613e-01	1.3388e+00	0.0000e+00
1.7854e+00	1.8577e-01	1.3392e+00	0.0000e+00
1.7893e+00	1.8545e-01	1.3395e+00	0.0000e+00
1.7923e+00	1.8528e-01	1.3397e+00	0.0000e+00
1.7907e+00	1.8533e-01	1.3397e+00	0.0000e+00
1.7826e+00	1.8560e-01	1.3391e+00	0.0000e+00
1.7708e+00	1.8595e-01	1.3381e+00	0.0000e+00
1.7630e+00	1.8612e-01	1.3373e+00	0.0000e+00
1.7651e+00	1.8607e-01	1.3374e+00	0.0000e+00
1.7777e+00	1.8582e-01	1.3377e+00	0.0000e+00
1.7961e+00	1.8531e-01	1.3380e+00	0.0000e+00
1.8131e+00	1.8467e-01	1.3380e+00	0.0000e+00
1.8248e+00	1.8393e-01	1.3380e+00	0.0000e+00
1.8299e+00	1.8330e-01	1.3378e+00	0.0000e+00
1.8309e+00	1.8339e-01	1.3375e+00	0.0000e+00
1.8328e+00	1.8347e-01	1.3370e+00	0.0000e+00
1.8384e+00	1.8341e-01	1.3366e+00	0.0000e+00
1.8473e+00	1.8340e-01	1.3363e+00	0.0000e+00
1.8578e+00	1.8351e-01	1.3360e+00	0.0000e+00
1.8681e+00	1.8373e-01	1.3361e+00	0.0000e+00
1.8768e+00	1.8397e-01	1.3363e+00	0.0000e+00
1.8830e+00	1.8419e-01	1.3365e+00	0.0000e+00
1.8855e+00	1.8435e-01	1.3366e+00	0.0000e+00
1.8819e+00	1.8487e-01	1.3367e+00	0.0000e+00
1.8687e+00	1.8606e-01	1.3367e+00	0.0000e+00
1.8467e+00	1.8765e-01	1.3367e+00	0.0000e+00
1.8197e+00	1.8916e-01	1.3366e+00	0.0000e+00
1.7927e+00	1.9041e-01	1.3365e+00	0.0000e+00
1.7703e+00	1.9141e-01	1.3365e+00	0.0000e+00
1.7555e+00	1.9222e-01	1.3365e+00	0.0000e+00
1.7491e+00	1.9276e-01	1.3365e+00	0.0000e+00
1.7505e+00	1.9275e-01	1.3365e+00	0.0000e+00
1.7605e+00	1.9214e-01	1.3365e+00	0.0000e+00
1.7762e+00	1.9113e-01	1.3364e+00	0.0000e+00
1.7933e+00	1.9014e-01	1.3363e+00	0.0000e+00
1.8075e+00	1.8935e-01	1.3361e+00	0.0000e+00
1.8149e+00	1.8882e-01	1.3359e+00	0.0000e+00
1.8146e+00	1.8861e-01	1.3357e+00	0.0000e+00
1.8074e+00	1.8931e-01	1.3355e+00	0.0000e+00
1.7937e+00	1.9115e-01	1.3354e+00	0.0000e+00
1.7745e+00	1.9292e-01	1.3352e+00	0.0000e+00
1.7526e+00	1.9417e-01	1.3352e+00	0.0000e+00
1.7464e+00	1.9454e-01	1.3351e+00	0.0000e+00
1.7413e+00	1.9465e-01	1.3352e+00	0.0000e+00
1.7405e+00	1.9432e-01	1.3352e+00	0.0000e+00
1.7468e+00	1.9377e-01	1.3353e+00	0.0000e+00
1.7590e+00	1.9317e-01	1.3357e+00	0.0000e+00
1.7736e+00	1.9258e-01	1.3363e+00	0.0000e+00
1.7869e+00	1.9205e-01	1.3368e+00	0.0000e+00
1.7954e+00	1.9161e-01	1.3374e+00	0.0000e+00
1.7971e+00	1.9132e-01	1.3379e+00	0.0000e+00
1.7931e+00	1.9130e-01	1.3381e+00	0.0000e+00
1.7716e+00	1.9193e-01	1.3382e+00	0.0000e+00
1.7481e+00	1.9278e-01	1.3383e+00	0.0000e+00
1.7281e+00	1.9387e-01	1.3384e+00	0.0000e+00
1.7185e+00	1.9443e-01	1.3385e+00	0.0000e+00
1.7226e+00	1.9422e-01	1.3384e+00	0.0000e+00
1.7352e+00	1.9377e-01	1.3383e+00	0.0000e+00
1.7518e+00	1.9330e-01	1.3381e+00	0.0000e+00
1.7678e+00	1.9293e-01	1.3378e+00	0.0000e+00
1.7795e+00	1.9275e-01	1.3376e+00	0.0000e+00
1.7853e+00	1.9299e-01	1.3374e+00	0.0000e+00
1.7869e+00	1.9369e-01	1.3373e+00	0.0000e+00
1.7856e+00	1.9449e-01	1.3374e+00	0.0000e+00
1.7793e+00	1.9537e-01	1.3377e+00	0.0000e+00
1.7675e+00	1.9640e-01	1.3388e+00	0.0000e+00
1.7511e+00	1.9751e-01	1.3419e+00	0.0000e+00
1.7325e+00	1.9868e-01	1.3459e+00	0.0000e+00
1.7146e+00	1.9993e-01	1.3519e+00	0.0000e+00
1.7000e+00	2.0127e-01	1.3590e+00	0.0000e+00
1.6904e+00	2.0254e-01	1.3669e+00	0.0000e+00
1.6856e+00	2.0308e-01	1.3766e+00	0.0000e+00
1.6834e+00	2.0300e-01	1.3834e+00	0.0000e+00
1.6847e+00	2.0266e-01	1.3886e+00	0.0000e+00
1.6894e+00	2.0222e-01	1.3921e+00	0.0000e+00
1.6964e+00	2.0168e-01	1.3941e+00	0.0000e+00
1.7026e+00	2.0111e-01	1.3947e+00	0.0000e+00
1.7068e+00	2.0041e-01	1.3942e+00	0.0000e+00
1.7136e+00	1.9944e-01	1.3932e+00	0.0000e+00
1.7275e+00	1.9802e-01	1.3917e+00	0.0000e+00
1.7475e+00	1.9655e-01	1.3900e+00	0.0000e+00
1.7690e+00	1.9557e-01	1.3883e+00	0.0000e+00
1.7876e+00	1.9500e-01	1.3866e+00	0.0000e+00
1.8017e+00	1.9468e-01	1.3850e+00	0.0000e+00
1.8111e+00	1.9450e-01	1.3837e+00	0.0000e+00
1.8161e+00	1.9448e-01	1.3825e+00	0.0000e+00
1.8180e+00	1.9479e-01	1.3813e+00	0.0000e+00
1.8184e+00	1.9557e-01	1.3801e+00	0.0000e+00
1.8190e+00	1.9618e-01	1.3782e+00	0.0000e+00
1.8200e+00	1.9634e-01	1.3753e+00	0.0000e+00
1.8217e+00	1.9611e-01	1.3739e+00	0.0000e+00
1.8240e+00	1.9573e-01	1.3726e+00	0.0000e+00
1.8268e+00	1.9548e-01	1.3717e+00	0.0000e+00
1.8300e+00	1.9522e-01	1.3704e+00	0.0000e+00
1.8333e+00	1.9486e-01	1.3692e+00	0.0000e+00
1.8362e+00	1.9457e-01	1.3688e+00	0.0000e+00
1.8370e+00	1.9461e-01	1.3689e+00	0.0000e+00
1.8355e+00	1.9469e-01	1.3690e+00	0.0000e+00
1.8313e+00	1.9478e-01	1.3692e+00	0.0000e+00
1.8248e+00	1.9489e-01	1.3694e+00	0.0000e+00
1.8172e+00	1.9508e-01	1.3694e+00	0.0000e+00
1.8098e+00	1.9537e-01	1.3695e+00	0.0000e+00
1.8041e+00	1.9570e-01	1.3698e+00	0.0000e+00
1.8004e+00	1.9602e-01	1.3703e+00	0.0000e+00
1.7920e+00	1.9711e-01	1.3707e+00	0.0000e+00
1.7756e+00	1.9897e-01	1.3711e+00	0.0000e+00
1.7541e+00	2.0076e-01	1.3714e+00	0.0000e+00
1.7313e+00	2.0219e-01	1.3715e+00	0.0000e+00
1.7111e+00	2.0324e-01	1.3716e+00	0.0000e+00
1.6960e+00	2.0418e-01	1.3717e+00	0.0000e+00
1.6873e+00	2.0496e-01	1.3719e+00	0.0000e+00
1.6853e+00	2.0494e-01	1.3723e+00	0.0000e+00
1.6860e+00	2.0441e-01	1.3727e+00	0.0000e+00
1.6865e+00	2.0426e-01	1.3731e+00	0.0000e+00
1.6860e+00	2.0451e-01	1.3733e+00	0.0000e+00
1.6853e+00	2.0471e-01	1.3734e+00	0.0000e+00
1.6882e+00	2.0447e-01	1.3734e+00	0.0000e+00
1.6956e+00	2.0413e-01	1.3734e+00	0.0000e+00
1.7036e+00	2.0380e-01	1.3733e+00	0.0000e+00
1.7077e+00	2.0350e-01	1.3731e+00	0.0000e+00
1.7059e+00	2.0329e-01	1.3729e+00	0.0000e+00
1.6992e+00	2.0327e-01	1.3726e+00	0.0000e+00
1.6904e+00	2.0359e-01	1.3724e+00	0.0000e+00
1.6828e+00	2.0431e-01	1.3722e+00	0.0000e+00
1.6805e+00	2.0474e-01	1.3722e+00	0.0000e+00
1.6815e+00	2.0466e-01	1.3722e+00	0.0000e+00
1.6826e+00	2.0460e-01	1.3723e+00	0.0000e+00
1.6799e+00	2.0498e-01	1.3724e+00	0.0000e+00
1.6722e+00	2.0542e-01	1.3725e+00	0.0000e+00
1.6629e+00	2.0569e-01	1.3724e+00	0.0000e+00
1.6553e+00	2.0585e-01	1.3723e+00	0.0000e+00
1.6519e+00	2.0593e-01	1.3722e+00	0.0000e+00
1.6543e+00	2.0590e-01	1.3720e+00	0.0000e+00
1.6623e+00	2.0564e-01	1.3717e+00	0.0000e+00
1.6743e+00	2.0511e-01	1.3714e+00	0.0000e+00
1.6876e+00	2.0469e-01	1.3714e+00	0.0000e+00
1.6987e+00	2.0442e-01	1.3712e+00	0.0000e+00
1.7051e+00	2.0425e-01	1.3712e+00	0.0000e+00
1.7064e+00	2.0422e-01	1.3714e+00	0.0000e+00
1.7036e+00	2.0455e-01	1.3714e+00	0.0000e+00
1.6994e+00	2.0540e-01	1.3714e+00	0.0000e+00
1.6947e+00	2.0684e-01	1.3712e+00	0.0000e+00
1.6903e+00	2.0835e-01	1.3710e+00	0.0000e+00
1.6881e+00	2.0906e-01	1.3704e+00	0.0000e+00
1.6871e+00	2.0919e-01	1.3693e+00	0.0000e+00
1.6876e+00	2.0906e-01	1.3677e+00	0.0000e+00
1.6885e+00	2.0887e-01	1.3655e+00	0.0000e+00
1.6888e+00	2.0870e-01	1.3632e+00	0.0000e+00
1.6884e+00	2.0861e-01	1.3612e+00	0.0000e+00
1.6877e+00	2.0860e-01	1.3598e+00	0.0000e+00
1.6862e+00	2.0866e-01	1.3590e+00	0.0000e+00
1.6823e+00	2.0883e-01	1.3586e+00	0.0000e+00
1.6761e+00	2.0946e-01	1.3578e+00	0.0000e+00
1.6682e+00	2.1070e-01	1.3565e+00	0.0000e+00
1.6599e+00	2.1228e-01	1.3557e+00	0.0000e+00
1.6521e+00	2.1363e-01	1.3554e+00	0.0000e+00
1.6442e+00	2.1475e-01	1.3556e+00	0.0000e+00
1.6327e+00	2.1577e-01	1.3559e+00	0.0000e+00
1.6161e+00	2.1666e-01	1.3563e+00	0.0000e+00
1.5957e+00	2.1738e-01	1.3567e+00	0.0000e+00
1.5748e+00	2.1801e-01	1.3571e+00	0.0000e+00
1.5571e+00	2.1859e-01	1.3572e+00	0.0000e+00
1.5468e+00	2.1918e-01	1.3572e+00	0.0000e+00
1.5471e+00	2.1936e-01	1.3571e+00	0.0000e+00
1.5567e+00	2.1866e-01	1.3567e+00	0.0000e+00
1.5715e+00	2.1790e-01	1.3549e+00	0.0000e+00
1.5884e+00	2.1733e-01	1.3520e+00	0.0000e+00
1.6043e+00	2.1687e-01	1.3504e+00	0.0000e+00
1.6172e+00	2.1641e-01	1.3506e+00	0.0000e+00
1.6249e+00	2.1600e-01	1.3518e+00	0.0000e+00
1.6258e+00	2.1570e-01	1.3533e+00	0.0000e+00
1.6214e+00	2.1568e-01	1.3549e+00	0.0000e+00
1.6158e+00	2.1614e-01	1.3560e+00	0.0000e+00
1.6129e+00	2.1683e-01	1.3571e+00	0.0000e+00
1.6122e+00	2.1698e-01	1.3582e+00	0.0000e+00
1.6121e+00	2.1678e-01	1.3590e+00	0.0000e+00
1.6119e+00	2.1677e-01	1.3596e+00	0.0000e+00
1.6115e+00	2.1686e-01	1.3598e+00	0.0000e+00
1.6109e+00	2.1689e-01	1.3599e+00	0.0000e+00
1.6105e+00	2.1684e-01	1.3599e+00	0.0000e+00
1.6103e+00	2.1685e-01	1.3594e+00	0.0000e+00
1.6071e+00	2.1722e-01	1.3586e+00	0.0000e+00
1.5983e+00	2.1805e-01	1.3575e+00	0.0000e+00
1.5840e+00	2.1902e-01	1.3565e+00	0.0000e+00
1.5686e+00	2.1980e-01	1.3558e+00	0.0000e+00
1.5589e+00	2.2025e-01	1.3555e+00	0.0000e+00
1.5598e+00	2.2043e-01	1.3555e+00	0.0000e+00
1.5733e+00	2.2017e-01	1.3555e+00	0.0000e+00
1.5966e+00	2.1896e-01	1.3555e+00	0.0000e+00
1.6228e+00	2.1677e-01	1.3553e+00	0.0000e+00
1.6453e+00	2.1487e-01	1.3552e+00	0.0000e+00
1.6615e+00	2.1369e-01	1.3550e+00	0.0000e+00
1.6703e+00	2.1303e-01	1.3549e+00	0.0000e+00
1.6728e+00	2.1284e-01	1.3547e+00	0.0000e+00
1.6682e+00	2.1316e-01	1.3545e+00	0.0000e+00
1.6561e+00	2.1360e-01	1.3543e+00	0.0000e+00
1.6381e+00	2.1421e-01	1.3541e+00	0.0000e+00
1.6186e+00	2.1485e-01	1.3539e+00	0.0000e+00
1.6019e+00	2.1539e-01	1.3536e+00	0.0000e+00
1.5906e+00	2.1588e-01	1.3535e+00	0.0000e+00
1.5853e+00	2.1636e-01	1.3533e+00	0.0000e+00
1.5847e+00	2.1674e-01	1.3531e+00	0.0000e+00
1.5878e+00	2.1683e-01	1.3530e+00	0.0000e+00
1.5955e+00	2.1635e-01	1.3528e+00	0.0000e+00
1.6070e+00	2.1527e-01	1.3526e+00	0.0000e+00
1.6167e+00	2.1455e-01	1.3526e+00	0.0000e+00
1.6189e+00	2.1442e-01	1.3527e+00	0.0000e+00
1.6120e+00	2.1468e-01	1.3528e+00	0.0000e+00
1.5980e+00	2.1521e-01	1.3529e+00	0.0000e+00
1.5824e+00	2.1582e-01	1.3530e+00	0.0000e+00
1.5708e+00	2.1637e-01	1.3531e+00	0.0000e+00
1.5657e+00	2.1673e-01	1.3533e+00	0.0000e+00
1.5656e+00	2.1663e-01	1.3534e+00	0.0000e+00
1.5675e+00	2.1632e-01	1.3535e+00	0.0000e+00
1.5693e+00	2.1598e-01	1.3536e+00	0.0000e+00
1.5698e+00	2.1565e-01	1.3536e+00	0.0000e+00
1.5692e+00	2.1531e-01	1.3535e+00	0.0000e+00
1.5711e+00	2.1466e-01	1.3534e+00	0.0000e+00
1.5797e+00	2.1359e-01	1.3531e+00	0.0000e+00
1.5958e+00	2.1227e-01	1.3529e+00	0.0000e+00
1.6174e+00	2.1087e-01	1.3526e+00	0.0000e+00
1.6388e+00	2.0992e-01	1.3523e+00	0.0000e+00
1.6538e+00	2.0965e-01	1.3520e+00	0.0000e+00
1.6582e+00	2.0989e-01	1.3517e+00	0.0000e+00
1.6532e+00	2.1048e-01	1.3513e+00	0.0000e+00
1.6441e+00	2.1113e-01	1.3510e+00	0.0000e+00
1.6356e+00	2.1182e-01	1.3507e+00	0.0000e+00
1.6301e+00	2.1253e-01	1.3505e+00	0.0000e+00
1.6280e+00	2.1290e-01	1.3502e+00	0.0000e+00
1.6270e+00	2.1307e-01	1.3499e+00	0.0000e+00
1.6258e+00	2.1317e-01	1.3495e+00	0.0000e+00
1.6246e+00	2.1328e-01	1.3492e+00	0.0000e+00
1.6233e+00	2.1341e-01	1.3488e+00	0.0000e+00
1.6213e+00	2.1352e-01	1.3485e+00	0.0000e+00
1.6180e+00	2.1375e-01	1.3482e+00	0.0000e+00
1.6141e+00	2.1437e-01	1.3479e+00	0.0000e+00
1.6126e+00	2.1481e-01	1.3475e+00	0.0000e+00
1.6159e+00	2.1410e-01	1.3470e+00	0.0000e+00
1.6238e+00	2.1307e-01	1.3461e+00	0.0000e+00
1.6355e+00	2.1220e-01	1.3449e+00	0.0000e+00
1.6481e+00	2.1153e-01	1.3439e+00	0.0000e+00
1.6591e+00	2.1099e-01	1.3431e+00	0.0000e+00
1.6663e+00	2.1062e-01	1.3426e+00	0.0000e+00
1.6693e+00	2.1058e-01	1.3423e+00	0.0000e+00
1.6685e+00	2.1105e-01	1.3421e+00	0.0000e+00
1.6652e+00	2.1166e-01	1.3420e+00	0.0000e+00
1.6576e+00	2.1227e-01	1.3419e+00	0.0000e+00
1.6448e+00	2.1289e-01	1.3418e+00	0.0000e+00
1.6285e+00	2.1351e-01	1.3415e+00	0.0000e+00
1.6126e+00	2.1399e-01	1.3413e+00	0.0000e+00
1.6006e+00	2.1417e-01	1.3411e+00	0.0000e+00
1.5934e+00	2.1409e-01	1.3409e+00	0.0000e+00
1.5907e+00	2.1385e-01	1.3408e+00	0.0000e+00
1.5900e+00	2.1353e-01	1.3406e+00	0.0000e+00
1.5916e+00	2.1282e-01	1.3405e+00	0.0000e+00
1.5944e+00	2.1156e-01	1.3404e+00	0.0000e+00
1.5965e+00	2.1051e-01	1.3401e+00	0.0000e+00
1.5976e+00	2.0994e-01	1.3392e+00	0.0000e+00
1.5982e+00	2.0979e-01	1.3376e+00	0.0000e+00
1.5997e+00	2.0944e-01	1.3362e+00	0.0000e+00
1.6044e+00	2.0830e-01	1.3348e+00	0.0000e+00
1.6138e+00	2.0707e-01	1.3333e+00	0.0000e+00
1.6265e+00	2.0601e-01	1.3327e+00	0.0000e+00
1.6404e+00	2.0502e-01	1.3326e+00	0.0000e+00
1.6525e+00	2.0394e-01	1.3325e+00	0.0000e+00
1.6603e+00	2.0321e-01	1.3323e+00	0.0000e+00
1.6590e+00	2.0330e-01	1.3322e+00	0.0000e+00
1.6480e+00	2.0392e-01	1.3322e+00	0.0000e+00
1.6320e+00	2.0457e-01	1.3320e+00	0.0000e+00
1.6146e+00	2.0523e-01	1.3318e+00	0.0000e+00
1.5991e+00	2.0585e-01	1.3316e+00	0.0000e+00
1.5869e+00	2.0643e-01	1.3316e+00	0.0000e+00
1.5791e+00	2.0697e-01	1.3316e+00	0.0000e+00
1.5755e+00	2.0724e-01	1.3317e+00	0.0000e+00
1.5732e+00	2.0754e-01	1.3318e+00	0.0000e+00
1.5710e+00	2.0788e-01	1.3319e+00	0.0000e+00
1.5705e+00	2.0795e-01	1.3318e+00	0.0000e+00
1.5755e+00	2.0737e-01	1.3316e+00	0.0000e+00
1.5855e+00	2.0676e-01	1.3315e+00	0.0000e+00
1.5965e+00	2.0640e-01	1.3314e+00	0.0000e+00
1.6052e+00	2.0628e-01	1.3313e+00	0.0000e+00
1.6099e+00	2.0639e-01	1.3312e+00	0.0000e+00
1.6103e+00	2.0676e-01	1.3311e+00	0.0000e+00
1.6068e+00	2.0730e-01	1.3309e+00	0.0000e+00
1.5989e+00	2.0796e-01	1.3307e+00	0.0000e+00
1.5874e+00	2.0875e-01	1.3308e+00	0.0000e+00
1.5760e+00	2.0960e-01	1.3309e+00	0.0000e+00
1.5688e+00	2.1026e-01	1.3313e+00	0.0000e+00
1.5669e+00	2.1070e-01	1.3317e+00	0.0000e+00
1.5697e+00	2.1061e-01	1.3317e+00	0.0000e+00
1.5747e+00	2.0991e-01	1.3313e+00	0.0000e+00
1.5821e+00	2.0857e-01	1.3306e+00	0.0000e+00
1.5897e+00	2.0722e-01	1.3300e+00	0.0000e+00
1.5951e+00	2.0674e-01	1.3295e+00	0.0000e+00
1.5961e+00	2.0690e-01	1.3294e+00	0.0000e+00
1.5914e+00	2.0738e-01	1.3293e+00	0.0000e+00
1.5825e+00	2.0797e-01	1.3293e+00	0.0000e+00
1.5727e+00	2.0859e-01	1.3292e+00	0.0000e+00
1.5655e+00	2.0915e-01	1.3292e+00	0.0000e+00
1.5636e+00	2.0955e-01	1.3291e+00	0.0000e+00
1.5673e+00	2.0973e-01	1.3287e+00	0.0000e+00
1.5743e+00	2.0961e-01	1.3280e+00	0.0000e+00
1.5808e+00	2.0929e-01	1.3273e+00	0.0000e+00
1.5829e+00	2.0896e-01	1.3266e+00	0.0000e+00
1.5853e+00	2.0799e-01	1.3262e+00	0.0000e+00
1.5876e+00	2.0706e-01	1.3261e+00	0.0000e+00
1.5899e+00	2.0649e-01	1.3263e+00	0.0000e+00
1.5943e+00	2.0625e-01	1.3267e+00	0.0000e+00
1.6034e+00	2.0604e-01	1.3269e+00	0.0000e+00
1.6182e+00	2.0579e-01	1.3271e+00	0.0000e+00
1.6371e+00	2.0545e-01	1.3272e+00	0.0000e+00
1.6567e+00	2.0498e-01	1.3271e+00	0.0000e+00
1.6720e+00	2.0437e-01	1.3270e+00	0.0000e+00
1.6774e+00	2.0398e-01	1.3268e+00	0.0000e+00
1.6711e+00	2.0429e-01	1.3265e+00	0.0000e+00
1.6573e+00	2.0493e-01	1.3262e+00	0.0000e+00
1.6425e+00	2.0542e-01	1.3258e+00	0.0000e+00
1.6208e+00	2.0615e-01	1.3255e+00	0.0000e+00
1.5989e+00	2.0692e-01	1.3252e+00	0.0000e+00
1.5822e+00	2.0759e-01	1.3250e+00	0.0000e+00
1.5746e+00	2.0803e-01	1.3248e+00	0.0000e+00
1.5763e+00	2.0804e-01	1.3245e+00	0.0000e+00
1.5835e+00	2.0738e-01	1.3243e+00	0.0000e+00
1.5916e+00	2.0610e-01	1.3241e+00	0.0000e+00
1.5996e+00	2.0497e-01	1.3239e+00	0.0000e+00
1.6074e+00	2.0395e-01	1.3236e+00	0.0000e+00
1.6153e+00	2.0288e-01	1.3233e+00	0.0000e+00
1.6151e+00	2.0237e-01	1.3230e+00	0.0000e+00
1.6146e+00	2.0269e-01	1.3227e+00	0.0000e+00
1.6134e+00	2.0379e-01	1.3225e+00	0.0000e+00
1.6119e+00	2.0517e-01	1.3222e+00	0.0000e+00
1.6104e+00	2.0628e-01	1.3220e+00	0.0000e+00
1.6096e+00	2.0667e-01	1.3218e+00	0.0000e+00
1.6100e+00	2.0661e-01	1.3216e+00	0.0000e+00
1.6096e+00	2.0667e-01	1.3213e+00	0.0000e+00
1.6042e+00	2.0726e-01	1.3210e+00	0.0000e+00
1.5915e+00	2.0837e-01	1.3207e+00	0.0000e+00
1.5700e+00	2.0981e-01	1.3203e+00	0.0000e+00
1.5423e+00	2.1122e-01	1.3200e+00	0.0000e+00
1.5141e+00	2.1256e-01	1.3197e+00	0.0000e+00
1.4931e+00	2.1355e-01	1.3195e+00	0.0000e+00
1.4836e+00	2.1414e-01	1.3192e+00	0.0000e+00
1.4860e+00	2.1431e-01	1.3189e+00	0.0000e+00
1.4957e+00	2.1410e-01	1.3187e+00	0.0000e+00
1.5065e+00	2.1371e-01	1.3184e+00	0.0000e+00
1.5133e+00	2.1351e-01	1.3181e+00	0.0000e+00
1.5147e+00	2.1386e-01	1.3178e+00	0.0000e+00
1.5127e+00	2.1503e-01	1.3175e+00	0.0000e+00
1.5083e+00	2.1640e-01	1.3173e+00	0.0000e+00
1.5025e+00	2.1779e-01	1.3170e+00	0.0000e+00
1.4974e+00	2.1905e-01	1.3168e+00	0.0000e+00
1.4937e+00	2.2006e-01	1.3165e+00	0.0000e+00
1.4903e+00	2.2083e-01	1.3163e+00	0.0000e+00
1.4853e+00	2.2164e-01	1.3160e+00	0.0000e+00
1.4786e+00	2.2250e-01	1.3157e+00	0.0000e+00
1.4709e+00	2.2321e-01	1.3154e+00	0.0000e+00
1.4629e+00	2.2378e-01	1.3150e+00	0.0000e+00
1.4557e+00	2.2435e-01	1.3147e+00	0.0000e+00
1.4511e+00	2.2497e-01	1.3143e+00	0.0000e+00
1.4532e+00	2.2514e-01	1.3139e+00	0.0000e+00
1.4605e+00	2.2496e-01	1.3135e+00	0.0000e+00
1.4722e+00	2.2421e-01	1.3130e+00	0.0000e+00
1.4881e+00	2.2311e-01	1.3127e+00	0.0000e+00
1.5076e+00	2.2208e-01	1.3124e+00	0.0000e+00
1.5278e+00	2.2116e-01	1.3122e+00	0.0000e+00
1.5448e+00	2.2033e-01	1.3119e+00	0.0000e+00
1.5552e+00	2.1973e-01	1.3117e+00	0.0000e+00
1.5547e+00	2.1994e-01	1.3115e+00	0.0000e+00
1.5422e+00	2.2114e-01	1.3113e+00	0.0000e+00
1.5213e+00	2.2247e-01	1.3111e+00	0.0000e+00
1.4962e+00	2.2348e-01	1.3108e+00	0.0000e+00
1.4708e+00	2.2425e-01	1.3104e+00	0.0000e+00
1.4496e+00	2.2476e-01	1.3101e+00	0.0000e+00
1.4359e+00	2.2489e-01	1.3098e+00	0.0000e+00
1.4292e+00	2.2479e-01	1.3095e+00	0.0000e+00
1.4260e+00	2.2486e-01	1.3093e+00	0.0000e+00
1.4244e+00	2.2503e-01	1.3090e+00	0.0000e+00
1.4229e+00	2.2519e-01	1.3088e+00	0.0000e+00
1.4165e+00	2.2570e-01	1.3084e+00	0.0000e+00
1.4029e+00	2.2661e-01	1.3080e+00	0.0000e+00
1.3846e+00	2.2748e-01	1.3077e+00	0.0000e+00
1.3667e+00	2.2804e-01	1.3074e+00	0.0000e+00
1.3538e+00	2.2825e-01	1.3071e+00	0.0000e+00
1.3482e+00	2.2815e-01	1.3068e+00	0.0000e+00
1.3493e+00	2.2770e-01	1.3063e+00	0.0000e+00
1.3547e+00	2.2663e-01	1.3053e+00	0.0000e+00
1.3597e+00	2.2550e-01	1.3041e+00	0.0000e+00
1.3641e+00	2.2498e-01	1.3030e+00	0.0000e+00
1.3698e+00	2.2461e-01	1.3020e+00	0.0000e+00
1.3759e+00	2.2427e-01	1.3011e+00	0.0000e+00
1.3818e+00	2.2389e-01	1.3004e+00	0.0000e+00
1.3870e+00	2.2338e-01	1.2999e+00	0.0000e+00
1.3905e+00	2.2271e-01	1.2995e+00	0.0000e+00
1.3916e+00	2.2189e-01	1.2992e+00	0.0000e+00
1.3918e+00	2.2082e-01	1.2990e+00	0.0000e+00
1.3908e+00	2.1991e-01	1.2988e+00	0.0000e+00
1.3891e+00	2.1932e-01	1.2987e+00	0.0000e+00
1.3872e+00	2.1903e-01	1.2986e+00	0.0000e+00
1.3857e+00	2.1903e-01	1.2984e+00	0.0000e+00
1.3834e+00	2.1945e-01	1.2982e+00	0.0000e+00
1.3804e+00	2.2008e-01	1.2977e+00	0.0000e+00
1.3777e+00	2.2054e-01	1.2970e+00	0.0000e+00
1.3763e+00	2.2081e-01	1.2957e+00	0.0000e+00
1.3762e+00	2.2085e-01	1.2940e+00	0.0000e+00
1.3764e+00	2.2083e-01	1.2924e+00	0.0000e+00
1.3766e+00	2.2073e-01	1.2912e+00	0.0000e+00
1.3771e+00	2.2051e-01	1.2904e+00	0.0000e+00
1.3779e+00	2.2016e-01	1.2900e+00	0.0000e+00
1.3785e+00	2.1974e-01	1.2897e+00	0.0000e+00
1.3775e+00	2.1947e-01	1.2894e+00	0.0000e+00
1.3728e+00	2.1989e-01	1.2891e+00	0.0000e+00
1.3616e+00	2.2092e-01	1.2883e+00	0.0000e+00
1.3455e+00	2.2234e-01	1.2870e+00	0.0000e+00
1.3288e+00	2.2345e-01	1.2855e+00	0.0000e+00
1.3171e+00	2.2409e-01	1.2844e+00	0.0000e+00
1.3135e+00	2.2439e-01	1.2839e+00	0.0000e+00
1.3200e+00	2.2429e-01	1.2838e+00	0.0000e+00
1.3341e+00	2.2377e-01	1.2840e+00	0.0000e+00
1.3512e+00	2.2322e-01	1.2841e+00	0.0000e+00
1.3679e+00	2.2267e-01	1.2839e+00	0.0000e+00
1.3813e+00	2.2212e-01	1.2835e+00	0.0000e+00
1.3898e+00	2.2159e-01	1.2833e+00	0.0000e+00
1.3944e+00	2.2103e-01	1.2831e+00	0.0000e+00
1.3972e+00	2.2042e-01	1.2827e+00	0.0000e+00
1.3983e+00	2.2004e-01	1.2822e+00	0.0000e+00
1.3981e+00	2.2026e-01	1.2815e+00	0.0000e+00
1.3962e+00	2.2117e-01	1.2811e+00	0.0000e+00
1.3882e+00	2.2311e-01	1.2809e+00	0.0000e+00
1.3727e+00	2.2547e-01	1.2808e+00	0.0000e+00
1.3515e+00	2.2779e-01	1.2807e+00	0.0000e+00
1.3278e+00	2.2984e-01	1.2805e+00	0.0000e+00
1.3054e+00	2.3158e-01	1.2803e+00	0.0000e+00
1.2864e+00	2.3264e-01	1.2799e+00	0.0000e+00
1.2728e+00	2.3282e-01	1.2792e+00	0.0000e+00
1.2654e+00	2.3241e-01	1.2786e+00	0.0000e+00
1.2626e+00	2.3169e-01	1.2782e+00	0.0000e+00
1.2634e+00	2.3076e-01	1.2781e+00	0.0000e+00
1.2683e+00	2.2974e-01	1.2782e+00	0.0000e+00
1.2783e+00	2.2863e-01	1.2784e+00	0.0000e+00
1.2919e+00	2.2758e-01	1.2784e+00	0.0000e+00
1.3056e+00	2.2660e-01	1.2784e+00	0.0000e+00
1.3153e+00	2.2579e-01	1.2783e+00	0.0000e+00
1.3228e+00	2.2494e-01	1.2782e+00	0.0000e+00
1.3325e+00	2.2399e-01	1.2781e+00	0.0000e+00
1.3471e+00	2.2297e-01	1.2778e+00	0.0000e+00
1.3627e+00	2.2205e-01	1.2775e+00	0.0000e+00
1.3755e+00	2.2130e-01	1.2773e+00	0.0000e+00
1.3832e+00	2.2072e-01	1.2771e+00	0.0000e+00
1.3845e+00	2.2040e-01	1.2770e+00	0.0000e+00
1.3807e+00	2.2041e-01	1.2769e+00	0.0000e+00
1.3761e+00	2.2056e-01	1.2768e+00	0.0000e+00
1.3713e+00	2.2066e-01	1.2767e+00	0.0000e+00
1.3665e+00	2.2056e-01	1.2766e+00	0.0000e+00
1.3663e+00	2.1996e-01	1.2765e+00	0.0000e+00
1.3662e+00	2.1966e-01	1.2762e+00	0.0000e+00
1.3663e+00	2.1953e-01	1.2756e+00	0.0000e+00
1.3663e+00	2.1938e-01	1.2749e+00	0.0000e+00
1.3637e+00	2.1944e-01	1.2742e+00	0.0000e+00
1.3555e+00	2.1988e-01	1.2737e+00	0.0000e+00
1.3407e+00	2.2038e-01	1.2735e+00	0.0000e+00
1.3212e+00	2.2096e-01	1.2736e+00	0.0000e+00
1.3010e+00	2.2163e-01	1.2738e+00	0.0000e+00
1.2844e+00	2.2218e-01	1.2739e+00	0.0000e+00
1.2749e+00	2.2229e-01	1.2732e+00	0.0000e+00
1.2726e+00	2.2170e-01	1.2722e+00	0.0000e+00
1.2713e+00	2.2122e-01	1.2719e+00	0.0000e+00
1.2651e+00	2.2129e-01	1.2724e+00	0.0000e+00
1.2689e+00	2.2101e-01	1.2734e+00	0.0000e+00
1.2787e+00	2.2051e-01	1.2745e+00	0.0000e+00
1.2934e+00	2.1989e-01	1.2751e+00	0.0000e+00
1.3098e+00	2.1923e-01	1.2751e+00	0.0000e+00
1.3242e+00	2.1856e-01	1.2748e+00	0.0000e+00
1.3336e+00	2.1794e-01	1.2742e+00	0.0000e+00
1.3372e+00	2.1746e-01	1.2734e+00	0.0000e+00
1.3362e+00	2.1724e-01	1.2727e+00	0.0000e+00
1.3339e+00	2.1719e-01	1.2720e+00	0.0000e+00
1.3306e+00	2.1735e-01	1.2716e+00	0.0000e+00
1.3308e+00	2.1782e-01	1.2713e+00	0.0000e+00
1.3303e+00	2.1855e-01	1.2714e+00	0.0000e+00
1.3305e+00	2.1848e-01	1.2719e+00	0.0000e+00
1.3312e+00	2.1788e-01	1.2728e+00	0.0000e+00
1.3317e+00	2.1739e-01	1.2735e+00	0.0000e+00
1.3314e+00	2.1746e-01	1.2738e+00	0.0000e+00
1.3301e+00	2.1808e-01	1.2739e+00	0.0000e+00
1.3280e+00	2.1893e-01	1.2739e+00	0.0000e+00
1.3261e+00	2.1940e-01	1.2746e+00	0.0000e+00
1.3249e+00	2.1912e-01	1.2758e+00	0.0000e+00
1.3253e+00	2.1846e-01	1.2768e+00	0.0000e+00
1.3278e+00	2.1786e-01	1.2776e+00	0.0000e+00
1.3347e+00	2.1707e-01	1.2774e+00	0.0000e+00
1.3448e+00	2.1632e-01	1.2771e+00	0.0000e+00
1.3546e+00	2.1567e-01	1.2769e+00	0.0000e+00
1.3615e+00	2.1510e-01	1.2767e+00	0.0000e+00
1.3642e+00	2.1465e-01	1.2767e+00	0.0000e+00
1.3627e+00	2.1440e-01	1.2766e+00	0.0000e+00
1.3589e+00	2.1455e-01	1.2766e+00	0.0000e+00
1.3578e+00	2.1458e-01	1.2767e+00	0.0000e+00
1.3595e+00	2.1375e-01	1.2766e+00	0.0000e+00
1.3627e+00	2.1251e-01	1.2765e+00	0.0000e+00
1.3668e+00	2.1113e-01	1.2763e+00	0.0000e+00
1.3705e+00	2.0980e-01	1.2761e+00	0.0000e+00
1.3727e+00	2.0862e-01	1.2760e+00	0.0000e+00
1.3722e+00	2.0783e-01	1.2760e+00	0.0000e+00
1.3686e+00	2.0745e-01	1.2761e+00	0.0000e+00
1.3625e+00	2.0750e-01	1.2763e+00	0.0000e+00
1.3556e+00	2.0794e-01	1.2763e+00	0.0000e+00
1.3500e+00	2.0855e-01	1.2763e+00	0.0000e+00
1.3474e+00	2.0893e-01	1.2762e+00	0.0000e+00
1.3479e+00	2.0878e-01	1.2761e+00	0.0000e+00
1.3473e+00	2.0855e-01	1.2760e+00	0.0000e+00
1.3450e+00	2.0824e-01	1.2759e+00	0.0000e+00
1.3417e+00	2.0808e-01	1.2759e+00	0.0000e+00
1.3369e+00	2.0811e-01	1.2759e+00	0.0000e+00
1.3299e+00	2.0820e-01	1.2757e+00	0.0000e+00
1.3212e+00	2.0821e-01	1.2755e+00	0.0000e+00
1.3121e+00	2.0809e-01	1.2752e+00	0.0000e+00
1.3048e+00	2.0780e-01	1.2750e+00	0.0000e+00
1.3026e+00	2.0738e-01	1.2750e+00	0.0000e+00
1.3081e+00	2.0648e-01	1.2750e+00	0.0000e+00
1.3194e+00	2.0549e-01	1.2752e+00	0.0000e+00
1.3356e+00	2.0461e-01	1.2756e+00	0.0000e+00
1.3552e+00	2.0368e-01	1.2762e+00	0.0000e+00
1.3748e+00	2.0269e-01	1.2768e+00	0.0000e+00
1.3903e+00	2.0175e-01	1.2767e+00	0.0000e+00
1.3997e+00	2.0104e-01	1.2766e+00	0.0000e+00
1.4058e+00	2.0058e-01	1.2767e+00	0.0000e+00
1.4140e+00	1.9998e-01	1.2771e+00	0.0000e+00
1.4239e+00	1.9926e-01	1.2777e+00	0.0000e+00
1.4331e+00	1.9852e-01	1.2783e+00	0.0000e+00
1.4400e+00	1.9774e-01	1.2789e+00	0.0000e+00
1.4435e+00	1.9727e-01	1.2794e+00	0.0000e+00
1.4430e+00	1.9728e-01	1.2799e+00	0.0000e+00
1.4425e+00	1.9744e-01	1.2804e+00	0.0000e+00
1.4408e+00	1.9769e-01	1.2808e+00	0.0000e+00
1.4390e+00	1.9794e-01	1.2812e+00	0.0000e+00
1.4388e+00	1.9810e-01	1.2813e+00	0.0000e+00
1.4402e+00	1.9809e-01	1.2813e+00	0.0000e+00
1.4389e+00	1.9825e-01	1.2814e+00	0.0000e+00
1.4318e+00	1.9873e-01	1.2817e+00	0.0000e+00
1.4199e+00	1.9933e-01	1.2822e+00	0.0000e+00
1.4061e+00	1.9995e-01	1.2826e+00	0.0000e+00
1.3942e+00	2.0057e-01	1.2828e+00	0.0000e+00
1.3823e+00	2.0189e-01	1.2831e+00	0.0000e+00
1.3772e+00	2.0294e-01	1.2835e+00	0.0000e+00
1.3772e+00	2.0362e-01	1.2837e+00	0.0000e+00
1.3797e+00	2.0419e-01	1.2842e+00	0.0000e+00
1.3855e+00	2.0451e-01	1.2851e+00	0.0000e+00
1.3968e+00	2.0451e-01	1.2859e+00	0.0000e+00
1.4132e+00	2.0419e-01	1.2869e+00	0.0000e+00
1.4319e+00	2.0355e-01	1.2878e+00	0.0000e+00
1.4490e+00	2.0289e-01	1.2886e+00	0.0000e+00
1.4610e+00	2.0247e-01	1.2894e+00	0.0000e+00
1.4665e+00	2.0231e-01	1.2902e+00	0.0000e+00
1.4675e+00	2.0266e-01	1.2909e+00	0.0000e+00
1.4669e+00	2.0325e-01	1.2915e+00	0.0000e+00
1.4648e+00	2.0405e-01	1.2919e+00	0.0000e+00
1.4616e+00	2.0501e-01	1.2921e+00	0.0000e+00
1.4590e+00	2.0567e-01	1.2921e+00	0.0000e+00
1.4581e+00	2.0600e-01	1.2919e+00	0.0000e+00
1.4588e+00	2.0624e-01	1.2916e+00	0.0000e+00
1.4608e+00	2.0628e-01	1.2914e+00	0.0000e+00
1.4630e+00	2.0596e-01	1.2912e+00	0.0000e+00
1.4645e+00	2.0531e-01	1.2910e+00	0.0000e+00
1.4644e+00	2.0490e-01	1.2907e+00	0.0000e+00
1.4622e+00	2.0477e-01	1.2903e+00	0.0000e+00
1.4578e+00	2.0473e-01	1.2901e+00	0.0000e+00
1.4513e+00	2.0470e-01	1.2901e+00	0.0000e+00
1.4431e+00	2.0474e-01	1.2900e+00	0.0000e+00
1.4348e+00	2.0486e-01	1.2898e+00	0.0000e+00
1.4306e+00	2.0500e-01	1.2896e+00	0.0000e+00
1.4351e+00	2.0503e-01	1.2895e+00	0.0000e+00
1.4494e+00	2.0484e-01	1.2895e+00	0.0000e+00
1.4699e+00	2.0428e-01	1.2898e+00	0.0000e+00
1.4893e+00	2.0353e-01	1.2903e+00	0.0000e+00
1.5035e+00	2.0267e-01	1.2910e+00	0.0000e+00
1.5105e+00	2.0178e-01	1.2917e+00	0.0000e+00
1.5121e+00	2.0136e-01	1.2922e+00	0.0000e+00
1.5126e+00	2.0078e-01	1.2926e+00	0.0000e+00
1.5132e+00	1.9992e-01	1.2929e+00	0.0000e+00
1.5139e+00	1.9918e-01	1.2932e+00	0.0000e+00
1.5144e+00	1.9886e-01	1.2934e+00	0.0000e+00
1.5148e+00	1.9914e-01	1.2936e+00	0.0000e+00
1.5152e+00	2.0030e-01	1.2937e+00	0.0000e+00
1.5159e+00	2.0145e-01	1.2937e+00	0.0000e+00
1.5160e+00	2.0248e-01	1.2938e+00	0.0000e+00
1.5150e+00	2.0343e-01	1.2938e+00	0.0000e+00
1.5115e+00	2.0464e-01	1.2938e+00	0.0000e+00
1.5027e+00	2.0658e-01	1.2938e+00	0.0000e+00
1.4883e+00	2.0900e-01	1.2938e+00	0.0000e+00
1.4703e+00	2.1112e-01	1.2935e+00	0.0000e+00
1.4515e+00	2.1300e-01	1.2932e+00	0.0000e+00
1.4346e+00	2.1453e-01	1.2930e+00	0.0000e+00
1.4213e+00	2.1587e-01	1.2930e+00	0.0000e+00
1.4064e+00	2.1731e-01	1.2933e+00	0.0000e+00
1.3880e+00	2.1857e-01	1.2938e+00	0.0000e+00
1.3696e+00	2.1951e-01	1.2944e+00	0.0000e+00
1.3549e+00	2.2022e-01	1.2951e+00	0.0000e+00
1.3474e+00	2.2046e-01	1.2959e+00	0.0000e+00
1.3506e+00	2.2022e-01	1.2966e+00	0.0000e+00
1.3638e+00	2.1954e-01	1.2972e+00	0.0000e+00
1.3817e+00	2.1868e-01	1.2976e+00	0.0000e+00
1.4002e+00	2.1786e-01	1.2978e+00	0.0000e+00
1.4157e+00	2.1708e-01	1.2978e+00	0.0000e+00
1.4248e+00	2.1647e-01	1.2977e+00	0.0000e+00
1.4271e+00	2.1641e-01	1.2974e+00	0.0000e+00
1.4259e+00	2.1713e-01	1.2971e+00	0.0000e+00
1.4246e+00	2.1779e-01	1.2967e+00	0.0000e+00
1.4238e+00	2.1797e-01	1.2964e+00	0.0000e+00
1.4234e+00	2.1801e-01	1.2960e+00	0.0000e+00
1.4227e+00	2.1853e-01	1.2951e+00	0.0000e+00
1.4214e+00	2.1966e-01	1.2939e+00	0.0000e+00
1.4198e+00	2.2114e-01	1.2926e+00	0.0000e+00
1.4181e+00	2.2272e-01	1.2908e+00	0.0000e+00
1.4155e+00	2.2401e-01	1.2890e+00	0.0000e+00
1.4130e+00	2.2461e-01	1.2877e+00	0.0000e+00
1.4139e+00	2.2446e-01	1.2872e+00	0.0000e+00
1.4194e+00	2.2397e-01	1.2871e+00	0.0000e+00
1.4263e+00	2.2355e-01	1.2874e+00	0.0000e+00
1.4309e+00	2.2330e-01	1.2879e+00	0.0000e+00
1.4302e+00	2.2317e-01	1.2883e+00	0.0000e+00
1.4236e+00	2.2317e-01	1.2886e+00	0.0000e+00
1.4125e+00	2.2337e-01	1.2886e+00	0.0000e+00
1.3997e+00	2.2400e-01	1.2885e+00	0.0000e+00
1.3900e+00	2.2497e-01	1.2884e+00	0.0000e+00
1.3849e+00	2.2587e-01	1.2882e+00	0.0000e+00
1.3816e+00	2.2665e-01	1.2882e+00	0.0000e+00
1.3802e+00	2.2690e-01	1.2882e+00	0.0000e+00
1.3810e+00	2.2627e-01	1.2879e+00	0.0000e+00
1.3838e+00	2.2469e-01	1.2878e+00	0.0000e+00
1.3866e+00	2.2350e-01	1.2878e+00	0.0000e+00
1.3892e+00	2.2276e-01	1.2880e+00	0.0000e+00
1.3926e+00	2.2193e-01	1.2881e+00	0.0000e+00
1.3970e+00	2.2093e-01	1.2884e+00	0.0000e+00
1.4021e+00	2.1981e-01	1.2888e+00	0.0000e+00
1.4068e+00	2.1873e-01	1.2893e+00	0.0000e+00
1.4101e+00	2.1811e-01	1.2896e+00	0.0000e+00
1.4120e+00	2.1815e-01	1.2900e+00	0.0000e+00
1.4154e+00	2.1824e-01	1.2905e+00	0.0000e+00
1.4219e+00	2.1824e-01	1.2910e+00	0.0000e+00
1.4270e+00	2.1845e-01	1.2915e+00	0.0000e+00
1.4268e+00	2.1878e-01	1.2919e+00	0.0000e+00
1.4197e+00	2.1918e-01	1.2919e+00	0.0000e+00
1.4071e+00	2.1971e-01	1.2914e+00	0.0000e+00
1.3942e+00	2.2042e-01	1.2907e+00	0.0000e+00
1.3861e+00	2.2119e-01	1.2900e+00	0.0000e+00
1.3850e+00	2.2152e-01	1.2898e+00	0.0000e+00
1.3853e+00	2.2146e-01	1.2898e+00	0.0000e+00
1.3837e+00	2.2180e-01	1.2898e+00	0.0000e+00
1.3796e+00	2.2269e-01	1.2899e+00	0.0000e+00
1.3742e+00	2.2390e-01	1.2902e+00	0.0000e+00
1.3690e+00	2.2507e-01	1.2904e+00	0.0000e+00
1.3651e+00	2.2615e-01	1.2905e+00	0.0000e+00
1.3629e+00	2.2718e-01	1.2907e+00	0.0000e+00
1.3628e+00	2.2812e-01	1.2908e+00	0.0000e+00
1.3666e+00	2.2816e-01	1.2907e+00	0.0000e+00
1.3758e+00	2.2740e-01	1.2906e+00	0.0000e+00
1.3898e+00	2.2619e-01	1.2906e+00	0.0000e+00
1.4055e+00	2.2487e-01	1.2906e+00	0.0000e+00
1.4186e+00	2.2381e-01	1.2906e+00	0.0000e+00
1.4258e+00	2.2322e-01	1.2906e+00	0.0000e+00
1.4261e+00	2.2322e-01	1.2907e+00	0.0000e+00
1.4208e+00	2.2360e-01	1.2907e+00	0.0000e+00
1.4117e+00	2.2411e-01	1.2908e+00	0.0000e+00
1.4000e+00	2.2480e-01	1.2908e+00	0.0000e+00
1.3884e+00	2.2565e-01	1.2906e+00	0.0000e+00
1.3802e+00	2.2641e-01	1.2899e+00	0.0000e+00
1.3770e+00	2.2698e-01	1.2894e+00	0.0000e+00
1.3757e+00	2.2727e-01	1.2890e+00	0.0000e+00
1.3705e+00	2.2770e-01	1.2888e+00	0.0000e+00
1.3595e+00	2.2854e-01	1.2886e+00	0.0000e+00
1.3434e+00	2.2954e-01	1.2884e+00	0.0000e+00
1.3238e+00	2.3059e-01	1.2882e+00	0.0000e+00
1.3046e+00	2.3158e-01	1.2882e+00	0.0000e+00
1.2897e+00	2.3237e-01	1.2880e+00	0.0000e+00
1.2811e+00	2.3275e-01	1.2878e+00	0.0000e+00
1.2754e+00	2.3277e-01	1.2876e+00	0.0000e+00
1.2675e+00	2.3289e-01	1.2874e+00	0.0000e+00
1.2634e+00	2.3268e-01	1.2874e+00	0.0000e+00
1.2674e+00	2.3237e-01	1.2870e+00	0.0000e+00
1.2793e+00	2.3205e-01	1.2865e+00	0.0000e+00
1.2955e+00	2.3160e-01	1.2861e+00	0.0000e+00
1.3109e+00	2.3095e-01	1.2859e+00	0.0000e+00
1.3201e+00	2.3018e-01	1.2860e+00	0.0000e+00
1.3231e+00	2.2957e-01	1.2862e+00	0.0000e+00
1.3219e+00	2.2931e-01	1.2865e+00	0.0000e+00
1.3193e+00	2.2950e-01	1.2867e+00	0.0000e+00
1.3166e+00	2.2994e-01	1.2869e+00	0.0000e+00
1.3135e+00	2.3055e-01	1.2870e+00	0.0000e+00
1.3097e+00	2.3139e-01	1.2870e+00	0.0000e+00
1.3048e+00	2.3258e-01	1.2870e+00	0.0000e+00
1.2990e+00	2.3400e-01	1.2870e+00	0.0000e+00
1.2955e+00	2.3447e-01	1.2870e+00	0.0000e+00
1.3018e+00	2.3340e-01	1.2869e+00	0.0000e+00
1.3142e+00	2.3210e-01	1.2869e+00	0.0000e+00
1.3309e+00	2.3095e-01	1.2869e+00	0.0000e+00
1.3484e+00	2.2992e-01	1.2868e+00	0.0000e+00
1.3608e+00	2.2913e-01	1.2868e+00	0.0000e+00
1.3630e+00	2.2870e-01	1.2867e+00	0.0000e+00
1.3551e+00	2.2863e-01	1.2867e+00	0.0000e+00
1.3416e+00	2.2892e-01	1.2867e+00	0.0000e+00
1.3279e+00	2.2963e-01	1.2867e+00	0.0000e+00
1.3191e+00	2.3031e-01	1.2868e+00	0.0000e+00
1.3166e+00	2.3074e-01	1.2868e+00	0.0000e+00
1.3179e+00	2.3063e-01	1.2867e+00	0.0000e+00
1.3191e+00	2.3037e-01	1.2862e+00	0.0000e+00
1.3207e+00	2.2998e-01	1.2858e+00	0.0000e+00
1.3281e+00	2.2891e-01	1.2855e+00	0.0000e+00
1.3436e+00	2.2787e-01	1.2854e+00	0.0000e+00
1.3651e+00	2.2707e-01	1.2854e+00	0.0000e+00
1.3887e+00	2.2638e-01	1.2853e+00	0.0000e+00
1.4093e+00	2.2591e-01	1.2853e+00	0.0000e+00
1.4236e+00	2.2577e-01	1.2853e+00	0.0000e+00
1.4316e+00	2.2599e-01	1.2853e+00	0.0000e+00
1.4346e+00	2.2662e-01	1.2852e+00	0.0000e+00
1.4347e+00	2.2744e-01	1.2852e+00	0.0000e+00
1.4341e+00	2.2805e-01	1.2852e+00	0.0000e+00
1.4323e+00	2.2867e-01	1.2852e+00	0.0000e+00
1.4285e+00	2.2928e-01	1.2853e+00	0.0000e+00
1.4220e+00	2.2992e-01	1.2852e+00	0.0000e+00
1.4104e+00	2.3078e-01	1.2852e+00	0.0000e+00
1.3929e+00	2.3194e-01	1.2850e+00	0.0000e+00
1.3706e+00	2.3303e-01	1.2849e+00	0.0000e+00
1.3472e+00	2.3402e-01	1.2849e+00	0.0000e+00
1.3268e+00	2.3490e-01	1.2849e+00	0.0000e+00
1.3128e+00	2.3571e-01	1.2849e+00	0.0000e+00
1.3062e+00	2.3618e-01	1.2849e+00	0.0000e+00
1.3050e+00	2.3592e-01	1.2849e+00	0.0000e+00
1.3057e+00	2.3542e-01	1.2849e+00	0.0000e+00
1.3095e+00	2.3476e-01	1.2850e+00	0.0000e+00
1.3185e+00	2.3385e-01	1.2851e+00	0.0000e+00
1.3321e+00	2.3263e-01	1.2851e+00	0.0000e+00
1.3481e+00	2.3095e-01	1.2852e+00	0.0000e+00
1.3630e+00	2.2882e-01	1.2853e+00	0.0000e+00
1.3733e+00	2.2728e-01	1.2853e+00	0.0000e+00
1.3781e+00	2.2624e-01	1.2854e+00	0.0000e+00
1.3786e+00	2.2567e-01	1.2853e+00	0.0000e+00
1.3786e+00	2.2506e-01	1.2852e+00	0.0000e+00
1.3804e+00	2.2368e-01	1.2851e+00	0.0000e+00
1.3830e+00	2.2186e-01	1.2851e+00	0.0000e+00
1.3851e+00	2.2046e-01	1.2850e+00	0.0000e+00
1.3866e+00	2.1955e-01	1.2850e+00	0.0000e+00
1.3878e+00	2.1922e-01	1.2849e+00	0.0000e+00
1.3892e+00	2.1906e-01	1.2850e+00	0.0000e+00
1.3925e+00	2.1847e-01	1.2851e+00	0.0000e+00
1.4005e+00	2.1770e-01	1.2853e+00	0.0000e+00
1.4135e+00	2.1699e-01	1.2854e+00	0.0000e+00
1.4294e+00	2.1630e-01	1.2855e+00	0.0000e+00
1.4437e+00	2.1586e-01	1.2854e+00	0.0000e+00
1.4510e+00	2.1564e-01	1.2853e+00	0.0000e+00
1.4483e+00	2.1557e-01	1.2851e+00	0.0000e+00
1.4358e+00	2.1570e-01	1.2850e+00	0.0000e+00
1.4191e+00	2.1614e-01	1.2849e+00	0.0000e+00
1.4057e+00	2.1670e-01	1.2848e+00	0.0000e+00
1.3982e+00	2.1728e-01	1.2847e+00	0.0000e+00
1.3962e+00	2.1754e-01	1.2846e+00	0.0000e+00
1.3964e+00	2.1718e-01	1.2846e+00	0.0000e+00
1.3958e+00	2.1684e-01	1.2845e+00	0.0000e+00
1.3942e+00	2.1653e-01	1.2844e+00	0.0000e+00
1.3928e+00	2.1608e-01	1.2842e+00	0.0000e+00
1.3922e+00	2.1555e-01	1.2841e+00	0.0000e+00
1.3928e+00	2.1470e-01	1.2839e+00	0.0000e+00
1.3948e+00	2.1349e-01	1.2837e+00	0.0000e+00
1.4004e+00	2.1196e-01	1.2835e+00	0.0000e+00
1.4112e+00	2.1053e-01	1.2833e+00	0.0000e+00
1.4255e+00	2.0972e-01	1.2831e+00	0.0000e+00
1.4381e+00	2.0940e-01	1.2829e+00	0.0000e+00
1.4438e+00	2.0924e-01	1.2829e+00	0.0000e+00
1.4399e+00	2.0917e-01	1.2830e+00	0.0000e+00
1.4270e+00	2.0929e-01	1.2830e+00	0.0000e+00
1.4099e+00	2.0969e-01	1.2830e+00	0.0000e+00
1.3950e+00	2.1009e-01	1.2831e+00	0.0000e+00
1.3860e+00	2.1033e-01	1.2831e+00	0.0000e+00
1.3833e+00	2.1022e-01	1.2832e+00	0.0000e+00
1.3841e+00	2.0978e-01	1.2833e+00	0.0000e+00
1.3857e+00	2.0919e-01	1.2834e+00	0.0000e+00
1.3875e+00	2.0856e-01	1.2835e+00	0.0000e+00
1.3888e+00	2.0822e-01	1.2836e+00	0.0000e+00
1.3897e+00	2.0815e-01	1.2830e+00	0.0000e+00
1.3895e+00	2.0839e-01	1.2820e+00	0.0000e+00
1.3878e+00	2.0881e-01	1.2816e+00	0.0000e+00
1.3856e+00	2.0921e-01	1.2816e+00	0.0000e+00
1.3822e+00	2.0988e-01	1.2819e+00	0.0000e+00
1.3781e+00	2.1079e-01	1.2822e+00	0.0000e+00
1.3736e+00	2.1172e-01	1.2823e+00	0.0000e+00
1.3701e+00	2.1227e-01	1.2818e+00	0.0000e+00
1.3686e+00	2.1234e-01	1.2807e+00	0.0000e+00
1.3686e+00	2.1214e-01	1.2794e+00	0.0000e+00
1.3664e+00	2.1220e-01	1.2786e+00	0.0000e+00
1.3588e+00	2.1265e-01	1.2782e+00	0.0000e+00
1.3463e+00	2.1352e-01	1.2782e+00	0.0000e+00
1.3321e+00	2.1484e-01	1.2784e+00	0.0000e+00
1.3194e+00	2.1646e-01	1.2787e+00	0.0000e+00
1.3108e+00	2.1782e-01	1.2788e+00	0.0000e+00
1.3067e+00	2.1825e-01	1.2790e+00	0.0000e+00
1.3074e+00	2.1786e-01	1.2792e+00	0.0000e+00
1.3133e+00	2.1721e-01	1.2796e+00	0.0000e+00
1.3254e+00	2.1631e-01	1.2800e+00	0.0000e+00
1.3426e+00	2.1513e-01	1.2804e+00	0.0000e+00
1.3618e+00	2.1374e-01	1.2809e+00	0.0000e+00
1.3794e+00	2.1222e-01	1.2811e+00	0.0000e+00
1.3942e+00	2.1076e-01	1.2812e+00	0.0000e+00
1.4081e+00	2.0933e-01	1.2813e+00	0.0000e+00
1.4208e+00	2.0784e-01	1.2815e+00	0.0000e+00
1.4301e+00	2.0637e-01	1.2816e+00	0.0000e+00
1.4325e+00	2.0571e-01	1.2817e+00	0.0000e+00
1.4258e+00	2.0605e-01	1.2816e+00	0.0000e+00
1.4132e+00	2.0678e-01	1.2807e+00	0.0000e+00
1.3988e+00	2.0758e-01	1.2798e+00	0.0000e+00
1.3870e+00	2.0823e-01	1.2794e+00	0.0000e+00
1.3810e+00	2.0857e-01	1.2795e+00	0.0000e+00
1.3831e+00	2.0845e-01	1.2799e+00	0.0000e+00
1.3939e+00	2.0799e-01	1.2801e+00	0.0000e+00
1.4107e+00	2.0744e-01	1.2802e+00	0.0000e+00
1.4301e+00	2.0679e-01	1.2806e+00	0.0000e+00
1.4476e+00	2.0608e-01	1.2813e+00	0.0000e+00
1.4588e+00	2.0554e-01	1.2824e+00	0.0000e+00
1.4620e+00	2.0538e-01	1.2835e+00	0.0000e+00
1.4614e+00	2.0568e-01	1.2842e+00	0.0000e+00
1.4609e+00	2.0607e-01	1.2846e+00	0.0000e+00
1.4608e+00	2.0637e-01	1.2848e+00	0.0000e+00
1.4606e+00	2.0656e-01	1.2849e+00	0.0000e+00
1.4620e+00	2.0639e-01	1.2846e+00	0.0000e+00
1.4677e+00	2.0595e-01	1.2845e+00	0.0000e+00
1.4791e+00	2.0549e-01	1.2853e+00	0.0000e+00
1.4955e+00	2.0508e-01	1.2868e+00	0.0000e+00
1.5138e+00	2.0460e-01	1.2883e+00	0.0000e+00
1.5291e+00	2.0413e-01	1.2897e+00	0.0000e+00
1.5332e+00	2.0419e-01	1.2907e+00	0.0000e+00
1.5234e+00	2.0476e-01	1.2914e+00	0.0000e+00
1.5044e+00	2.0584e-01	1.2919e+00	0.0000e+00
1.4826e+00	2.0720e-01	1.2922e+00	0.0000e+00
1.4634e+00	2.0857e-01	1.2919e+00	0.0000e+00
1.4490e+00	2.0991e-01	1.2913e+00	0.0000e+00
1.4404e+00	2.1127e-01	1.2907e+00	0.0000e+00
1.4358e+00	2.1236e-01	1.2902e+00	0.0000e+00
1.4324e+00	2.1294e-01	1.2901e+00	0.0000e+00
1.4294e+00	2.1318e-01	1.2902e+00	0.0000e+00
1.4268e+00	2.1325e-01	1.2905e+00	0.0000e+00
1.4250e+00	2.1301e-01	1.2908e+00	0.0000e+00
1.4243e+00	2.1238e-01	1.2912e+00	0.0000e+00
1.4242e+00	2.1172e-01	1.2915e+00	0.0000e+00
1.4217e+00	2.1239e-01	1.2917e+00	0.0000e+00
1.4135e+00	2.1433e-01	1.2919e+00	0.0000e+00
1.3995e+00	2.1613e-01	1.2920e+00	0.0000e+00
1.3817e+00	2.1740e-01	1.2919e+00	0.0000e+00
1.3656e+00	2.1813e-01	1.2918e+00	0.0000e+00
1.3583e+00	2.1846e-01	1.2919e+00	0.0000e+00
1.3636e+00	2.1848e-01	1.2921e+00	0.0000e+00
1.3791e+00	2.1819e-01	1.2923e+00	0.0000e+00
1.3988e+00	2.1763e-01	1.2924e+00	0.0000e+00
1.4163e+00	2.1678e-01	1.2925e+00	0.0000e+00
1.4269e+00	2.1619e-01	1.2926e+00	0.0000e+00
1.4324e+00	2.1603e-01	1.2924e+00	0.0000e+00
1.4351e+00	2.1592e-01	1.2918e+00	0.0000e+00
1.4389e+00	2.1575e-01	1.2907e+00	0.0000e+00
1.4432e+00	2.1562e-01	1.2894e+00	0.0000e+00
1.4421e+00	2.1601e-01	1.2878e+00	0.0000e+00
1.4324e+00	2.1665e-01	1.2869e+00	0.0000e+00
1.4155e+00	2.1723e-01	1.2867e+00	0.0000e+00
1.3956e+00	2.1771e-01	1.2871e+00	0.0000e+00
1.3780e+00	2.1800e-01	1.2878e+00	0.0000e+00
1.3669e+00	2.1804e-01	1.2887e+00	0.0000e+00
1.3630e+00	2.1773e-01	1.2895e+00	0.0000e+00
1.3697e+00	2.1677e-01	1.2902e+00	0.0000e+00
1.3794e+00	2.1572e-01	1.2908e+00	0.0000e+00
1.3865e+00	2.1509e-01	1.2913e+00	0.0000e+00
1.3892e+00	2.1478e-01	1.2918e+00	0.0000e+00
1.3886e+00	2.1472e-01	1.2925e+00	0.0000e+00
1.3876e+00	2.1474e-01	1.2930e+00	0.0000e+00
1.3894e+00	2.1444e-01	1.2935e+00	0.0000e+00
1.3993e+00	2.1330e-01	1.2938e+00	0.0000e+00
1.4176e+00	2.1212e-01	1.2943e+00	0.0000e+00
1.4416e+00	2.1103e-01	1.2948e+00	0.0000e+00
1.4670e+00	2.1007e-01	1.2952e+00	0.0000e+00
1.4897e+00	2.0918e-01	1.2955e+00	0.0000e+00
1.5066e+00	2.0837e-01	1.2958e+00	0.0000e+00
1.5160e+00	2.0771e-01	1.2961e+00	0.0000e+00
1.5180e+00	2.0764e-01	1.2965e+00	0.0000e+00
1.5141e+00	2.0839e-01	1.2971e+00	0.0000e+00
1.5051e+00	2.0910e-01	1.2978e+00	0.0000e+00
1.4915e+00	2.0972e-01	1.2989e+00	0.0000e+00
1.4760e+00	2.1026e-01	1.3000e+00	0.0000e+00
1.4618e+00	2.1077e-01	1.3011e+00	0.0000e+00
1.4510e+00	2.1149e-01	1.3022e+00	0.0000e+00
1.4447e+00	2.1245e-01	1.3037e+00	0.0000e+00
1.4430e+00	2.1302e-01	1.3024e+00	0.0000e+00
1.4426e+00	2.1337e-01	1.2966e+00	0.0000e+00
1.4415e+00	2.1421e-01	1.2896e+00	0.0000e+00
1.4401e+00	2.1541e-01	1.2870e+00	0.0000e+00
1.4400e+00	2.1643e-01	1.2917e+00	0.0000e+00
1.4414e+00	2.1699e-01	1.2998e+00	0.0000e+00
1.4436e+00	2.1707e-01	1.3081e+00	0.0000e+00
1.4461e+00	2.1681e-01	1.3148e+00	0.0000e+00
1.4477e+00	2.1676e-01	1.3200e+00	0.0000e+00
1.4478e+00	2.1678e-01	1.3176e+00	0.0000e+00
1.4456e+00	2.1677e-01	1.3035e+00	0.0000e+00
1.4409e+00	2.1676e-01	1.2859e+00	0.0000e+00
1.4338e+00	2.1682e-01	1.2727e+00	0.0000e+00
1.4252e+00	2.1699e-01	1.2690e+00	0.0000e+00
1.4176e+00	2.1734e-01	1.2748e+00	0.0000e+00
1.4198e+00	2.1741e-01	1.2854e+00	0.0000e+00
1.4337e+00	2.1694e-01	1.2967e+00	0.0000e+00
1.4537e+00	2.1615e-01	1.3018e+00	0.0000e+00
1.4757e+00	2.1511e-01	1.2978e+00	0.0000e+00
1.4954e+00	2.1390e-01	1.2943e+00	0.0000e+00
1.5101e+00	2.1263e-01	1.2963e+00	0.0000e+00
1.5193e+00	2.1142e-01	1.3013e+00	0.0000e+00
