WL	EN	AR	Marker
1.2280e+00	1.8337e-01	9.5611e-01	0.0000e+00
1.2377e+00	1.8309e-01	9.5532e-01	0.0000e+00
1.2504e+00	1.8223e-01	9.5473e-01	0.0000e+00
1.2609e+00	1.8121e-01	9.5421e-01	0.0000e+00
1.2683e+00	1.8045e-01	9.5371e-01	0.0000e+00
1.2775e+00	1.7983e-01	9.5346e-01	0.0000e+00
1.2905e+00	1.7925e-01	9.5317e-01	0.0000e+00
1.3050e+00	1.7873e-01	9.5051e-01	0.0000e+00
1.3180e+00	1.7817e-01	9.4636e-01	0.0000e+00
1.3285e+00	1.7744e-01	9.4354e-01	0.0000e+00
1.3413e+00	1.7679e-01	9.4183e-01	0.0000e+00
1.3562e+00	1.7644e-01	9.4102e-01	0.0000e+00
1.3694e+00	1.7619e-01	9.4081e-01	0.0000e+00
1.3783e+00	1.7594e-01	9.4107e-01	0.0000e+00
1.3829e+00	1.7569e-01	9.4170e-01	0.0000e+00
1.3894e+00	1.7539e-01	9.4256e-01	0.0000e+00
1.3991e+00	1.7484e-01	9.4348e-01	0.0000e+00
1.4091e+00	1.7378e-01	9.4437e-01	0.0000e+00
1.4151e+00	1.7285e-01	9.4524e-01	0.0000e+00
1.4167e+00	1.7232e-01	9.4607e-01	0.0000e+00
1.4168e+00	1.7204e-01	9.4686e-01	0.0000e+00
1.4170e+00	1.7193e-01	9.4765e-01	0.0000e+00
1.4172e+00	1.7193e-01	9.4843e-01	0.0000e+00
1.4169e+00	1.7198e-01	9.4925e-01	0.0000e+00
1.4162e+00	1.7208e-01	9.5019e-01	0.0000e+00
1.4159e+00	1.7223e-01	9.5140e-01	0.0000e+00
1.4167e+00	1.7220e-01	9.5224e-01	0.0000e+00
1.4177e+00	1.7217e-01	9.5289e-01	0.0000e+00
1.4183e+00	1.7244e-01	9.5345e-01	0.0000e+00
1.4156e+00	1.7312e-01	9.5377e-01	0.0000e+00
1.4087e+00	1.7373e-01	9.5402e-01	0.0000e+00
1.4002e+00	1.7423e-01	9.5418e-01	0.0000e+00
1.3921e+00	1.7470e-01	9.5427e-01	0.0000e+00
1.3860e+00	1.7509e-01	9.5433e-01	0.0000e+00
1.3820e+00	1.7533e-01	9.5441e-01	0.0000e+00
1.3767e+00	1.7555e-01	9.5454e-01	0.0000e+00
1.3682e+00	1.7601e-01	9.5466e-01	0.0000e+00
1.3616e+00	1.7594e-01	9.5470e-01	0.0000e+00
1.3616e+00	1.7558e-01	9.5466e-01	0.0000e+00
1.3682e+00	1.7508e-01	9.5462e-01	0.0000e+00
1.3785e+00	1.7447e-01	9.5460e-01	0.0000e+00
1.3884e+00	1.7379e-01	9.5463e-01	0.0000e+00
1.3950e+00	1.7323e-01	9.5469e-01	0.0000e+00
1.3998e+00	1.7292e-01	9.5474e-01	0.0000e+00
1.4074e+00	1.7264e-01	9.5476e-01	0.0000e+00
1.4185e+00	1.7237e-01	9.5480e-01	0.0000e+00
1.4304e+00	1.7218e-01	9.5492e-01	0.0000e+00
1.4376e+00	1.7221e-01	9.5507e-01	0.0000e+00
1.4373e+00	1.7241e-01	9.5497e-01	0.0000e+00
1.4298e+00	1.7282e-01	9.5482e-01	0.0000e+00
1.4181e+00	1.7360e-01	9.5476e-01	0.0000e+00
1.4066e+00	1.7469e-01	9.5469e-01	0.0000e+00
1.3986e+00	1.7552e-01	9.5451e-01	0.0000e+00
1.3945e+00	1.7601e-01	9.5418e-01	0.0000e+00
1.3939e+00	1.7611e-01	9.5388e-01	0.0000e+00
1.3945e+00	1.7608e-01	9.5377e-01	0.0000e+00
1.3960e+00	1.7583e-01	9.5397e-01	0.0000e+00
1.3978e+00	1.7536e-01	9.5462e-01	0.0000e+00
1.3989e+00	1.7491e-01	9.5577e-01	0.0000e+00
1.3995e+00	1.7451e-01	9.5726e-01	0.0000e+00
1.3998e+00	1.7431e-01	9.5906e-01	0.0000e+00
1.3994e+00	1.7459e-01	9.6113e-01	0.0000e+00
1.3987e+00	1.7499e-01	9.6334e-01	0.0000e+00
1.4004e+00	1.7492e-01	9.6544e-01	0.0000e+00
1.4070e+00	1.7442e-01	9.6725e-01	0.0000e+00
1.4180e+00	1.7363e-01	9.6870e-01	0.0000e+00
1.4311e+00	1.7254e-01	9.6980e-01	0.0000e+00
1.4429e+00	1.7138e-01	9.7070e-01	0.0000e+00
1.4514e+00	1.7054e-01	9.7110e-01	0.0000e+00
1.4564e+00	1.7003e-01	9.7114e-01	0.0000e+00
1.4588e+00	1.6970e-01	9.7108e-01	0.0000e+00
1.4605e+00	1.6927e-01	9.7099e-01	0.0000e+00
1.4606e+00	1.6883e-01	9.7087e-01	0.0000e+00
1.4573e+00	1.6858e-01	9.7063e-01	0.0000e+00
1.4515e+00	1.6856e-01	9.7022e-01	0.0000e+00
1.4437e+00	1.6891e-01	9.6963e-01	0.0000e+00
1.4353e+00	1.6985e-01	9.6896e-01	0.0000e+00
1.4290e+00	1.7082e-01	9.6822e-01	0.0000e+00
1.4254e+00	1.7153e-01	9.6748e-01	0.0000e+00
1.4235e+00	1.7205e-01	9.6676e-01	0.0000e+00
1.4224e+00	1.7232e-01	9.6605e-01	0.0000e+00
1.4208e+00	1.7243e-01	9.6532e-01	0.0000e+00
1.4166e+00	1.7276e-01	9.6458e-01	0.0000e+00
1.4106e+00	1.7329e-01	9.6383e-01	0.0000e+00
1.4048e+00	1.7379e-01	9.6310e-01	0.0000e+00
1.4006e+00	1.7422e-01	9.6232e-01	0.0000e+00
1.3997e+00	1.7443e-01	9.6173e-01	0.0000e+00
1.4031e+00	1.7437e-01	9.6141e-01	0.0000e+00
1.4103e+00	1.7412e-01	9.6125e-01	0.0000e+00
1.4190e+00	1.7378e-01	9.6123e-01	0.0000e+00
1.4270e+00	1.7325e-01	9.6132e-01	0.0000e+00
1.4331e+00	1.7252e-01	9.6142e-01	0.0000e+00
1.4369e+00	1.7163e-01	9.6154e-01	0.0000e+00
1.4378e+00	1.7108e-01	9.6166e-01	0.0000e+00
1.4367e+00	1.7106e-01	9.6176e-01	0.0000e+00
1.4333e+00	1.7147e-01	9.6185e-01	0.0000e+00
1.4271e+00	1.7212e-01	9.6195e-01	0.0000e+00
1.4185e+00	1.7288e-01	9.6194e-01	0.0000e+00
1.4106e+00	1.7340e-01	9.6178e-01	0.0000e+00
1.4075e+00	1.7357e-01	9.6154e-01	0.0000e+00
1.4107e+00	1.7351e-01	9.6130e-01	0.0000e+00
1.4193e+00	1.7327e-01	9.6105e-01	0.0000e+00
1.4305e+00	1.7290e-01	9.6079e-01	0.0000e+00
1.4391e+00	1.7255e-01	9.6055e-01	0.0000e+00
1.4413e+00	1.7239e-01	9.6043e-01	0.0000e+00
1.4365e+00	1.7269e-01	9.6040e-01	0.0000e+00
1.4270e+00	1.7376e-01	9.6044e-01	0.0000e+00
1.4171e+00	1.7525e-01	9.6051e-01	0.0000e+00
1.4092e+00	1.7638e-01	9.6064e-01	0.0000e+00
1.4042e+00	1.7714e-01	9.6090e-01	0.0000e+00
1.4013e+00	1.7772e-01	9.6130e-01	0.0000e+00
1.3991e+00	1.7817e-01	9.6175e-01	0.0000e+00
1.3966e+00	1.7845e-01	9.6213e-01	0.0000e+00
1.3929e+00	1.7869e-01	9.6231e-01	0.0000e+00
1.3885e+00	1.7891e-01	9.6232e-01	0.0000e+00
1.3838e+00	1.7922e-01	9.6222e-01	0.0000e+00
1.3791e+00	1.7966e-01	9.6204e-01	0.0000e+00
1.3751e+00	1.8019e-01	9.6185e-01	0.0000e+00
1.3712e+00	1.8084e-01	9.6165e-01	0.0000e+00
1.3656e+00	1.8174e-01	9.6148e-01	0.0000e+00
1.3576e+00	1.8270e-01	9.6139e-01	0.0000e+00
1.3488e+00	1.8348e-01	9.6155e-01	0.0000e+00
1.3413e+00	1.8395e-01	9.6204e-01	0.0000e+00
1.3378e+00	1.8400e-01	9.6268e-01	1.0000e+00
1.3362e+00	1.8395e-01	9.6351e-01	0.0000e+00
1.3338e+00	1.8405e-01	9.6407e-01	0.0000e+00
1.3297e+00	1.8417e-01	9.6463e-01	0.0000e+00
1.3242e+00	1.8424e-01	9.6535e-01	0.0000e+00
1.3173e+00	1.8427e-01	9.6578e-01	0.0000e+00
1.3093e+00	1.8426e-01	9.6635e-01	0.0000e+00
1.3013e+00	1.8422e-01	9.6702e-01	0.0000e+00
1.2944e+00	1.8406e-01	9.6759e-01	0.0000e+00
1.2863e+00	1.8408e-01	9.6822e-01	0.0000e+00
1.2766e+00	1.8421e-01	9.6901e-01	0.0000e+00
1.2653e+00	1.8448e-01	9.6998e-01	0.0000e+00
1.2534e+00	1.8497e-01	9.7108e-01	0.0000e+00
1.2428e+00	1.8582e-01	9.7224e-01	0.0000e+00
1.2357e+00	1.8729e-01	9.7345e-01	0.0000e+00
1.2331e+00	1.8878e-01	9.7454e-01	0.0000e+00
1.2331e+00	1.8967e-01	9.7533e-01	0.0000e+00
1.2333e+00	1.9043e-01	9.7572e-01	0.0000e+00
1.2336e+00	1.9099e-01	9.7573e-01	0.0000e+00
1.2327e+00	1.9158e-01	9.7548e-01	0.0000e+00
1.2286e+00	1.9255e-01	9.7510e-01	0.0000e+00
1.2216e+00	1.9330e-01	9.7464e-01	0.0000e+00
1.2153e+00	1.9358e-01	9.7405e-01	0.0000e+00
1.2129e+00	1.9357e-01	9.7371e-01	0.0000e+00
1.2158e+00	1.9336e-01	9.7367e-01	0.0000e+00
1.2225e+00	1.9292e-01	9.7305e-01	0.0000e+00
1.2275e+00	1.9255e-01	9.7202e-01	0.0000e+00
1.2251e+00	1.9258e-01	9.7096e-01	0.0000e+00
1.2164e+00	1.9290e-01	9.6988e-01	0.0000e+00
1.2052e+00	1.9331e-01	9.6940e-01	0.0000e+00
1.1960e+00	1.9371e-01	9.6886e-01	0.0000e+00
1.1895e+00	1.9415e-01	9.6829e-01	0.0000e+00
1.1804e+00	1.9492e-01	9.6799e-01	0.0000e+00
1.1667e+00	1.9595e-01	9.6781e-01	0.0000e+00
1.1512e+00	1.9700e-01	9.6780e-01	0.0000e+00
1.1376e+00	1.9797e-01	9.6803e-01	0.0000e+00
1.1274e+00	1.9900e-01	9.6861e-01	0.0000e+00
1.1149e+00	2.0025e-01	9.6961e-01	0.0000e+00
1.0982e+00	2.0150e-01	9.7121e-01	0.0000e+00
1.0804e+00	2.0254e-01	9.7326e-01	0.0000e+00
1.0649e+00	2.0332e-01	9.7535e-01	0.0000e+00
1.0528e+00	2.0405e-01	9.7711e-01	0.0000e+00
1.0401e+00	2.0475e-01	9.7822e-01	0.0000e+00
1.0272e+00	2.0528e-01	9.7883e-01	0.0000e+00
1.0167e+00	2.0568e-01	9.7879e-01	0.0000e+00
1.0102e+00	2.0591e-01	9.7839e-01	0.0000e+00
1.0054e+00	2.0609e-01	9.7783e-01	0.0000e+00
9.9807e-01	2.0650e-01	9.7728e-01	0.0000e+00
9.8774e-01	2.0693e-01	9.7691e-01	0.0000e+00
9.7659e-01	2.0728e-01	9.7664e-01	0.0000e+00
9.6699e-01	2.0755e-01	9.7671e-01	0.0000e+00
9.6056e-01	2.0773e-01	9.7730e-01	0.0000e+00
9.5731e-01	2.0794e-01	9.7834e-01	0.0000e+00
9.5618e-01	2.0825e-01	9.7970e-01	0.0000e+00
9.5621e-01	2.0850e-01	9.8122e-01	0.0000e+00
9.5694e-01	2.0866e-01	9.8269e-01	0.0000e+00
9.5795e-01	2.0893e-01	9.8391e-01	0.0000e+00
9.5815e-01	2.0927e-01	9.8476e-01	0.0000e+00
9.5550e-01	2.0959e-01	9.8522e-01	0.0000e+00
9.5028e-01	2.0989e-01	9.8533e-01	0.0000e+00
9.4380e-01	2.1020e-01	9.8515e-01	0.0000e+00
9.3756e-01	2.1071e-01	9.8474e-01	0.0000e+00
9.3459e-01	2.1112e-01	9.8415e-01	0.0000e+00
9.3578e-01	2.1118e-01	9.8334e-01	0.0000e+00
9.3741e-01	2.1165e-01	9.8251e-01	0.0000e+00
9.3538e-01	2.1237e-01	9.8188e-01	0.0000e+00
9.2934e-01	2.1319e-01	9.8127e-01	0.0000e+00
9.2058e-01	2.1415e-01	9.8061e-01	0.0000e+00
9.1199e-01	2.1516e-01	9.7991e-01	0.0000e+00
9.0617e-01	2.1616e-01	9.7925e-01	0.0000e+00
9.0334e-01	2.1687e-01	9.7864e-01	0.0000e+00
9.0143e-01	2.1727e-01	9.7805e-01	0.0000e+00
9.0014e-01	2.1744e-01	9.7744e-01	0.0000e+00
9.0048e-01	2.1748e-01	9.7684e-01	0.0000e+00
9.0291e-01	2.1739e-01	9.7624e-01	0.0000e+00
9.0681e-01	2.1717e-01	9.7568e-01	0.0000e+00
9.1092e-01	2.1684e-01	9.7518e-01	0.0000e+00
9.1373e-01	2.1657e-01	9.7476e-01	0.0000e+00
9.1490e-01	2.1681e-01	9.7432e-01	0.0000e+00
9.1460e-01	2.1764e-01	9.7390e-01	0.0000e+00
9.1403e-01	2.1831e-01	9.7366e-01	0.0000e+00
9.1411e-01	2.1857e-01	9.7387e-01	0.0000e+00
9.1664e-01	2.1848e-01	9.7425e-01	0.0000e+00
9.2201e-01	2.1820e-01	9.7316e-01	0.0000e+00
9.2931e-01	2.1779e-01	9.7085e-01	0.0000e+00
9.3685e-01	2.1732e-01	9.6948e-01	0.0000e+00
9.4267e-01	2.1682e-01	9.6817e-01	0.0000e+00
9.4626e-01	2.1625e-01	9.6744e-01	0.0000e+00
9.4792e-01	2.1573e-01	9.6766e-01	0.0000e+00
9.4878e-01	2.1548e-01	9.6844e-01	0.0000e+00
9.4681e-01	2.1582e-01	9.6978e-01	0.0000e+00
9.4014e-01	2.1669e-01	9.7161e-01	0.0000e+00
9.2934e-01	2.1793e-01	9.7364e-01	0.0000e+00
9.1638e-01	2.1937e-01	9.7558e-01	0.0000e+00
9.0366e-01	2.2112e-01	9.7720e-01	0.0000e+00
8.9317e-01	2.2325e-01	9.7835e-01	0.0000e+00
8.8566e-01	2.2545e-01	9.7901e-01	0.0000e+00
8.8033e-01	2.2740e-01	9.7924e-01	0.0000e+00
8.7563e-01	2.2889e-01	9.7915e-01	0.0000e+00
8.7209e-01	2.2995e-01	9.7879e-01	0.0000e+00
8.7015e-01	2.3082e-01	9.7829e-01	0.0000e+00
8.6934e-01	2.3149e-01	9.7779e-01	0.0000e+00
8.6950e-01	2.3170e-01	9.7741e-01	0.0000e+00
8.7020e-01	2.3105e-01	9.7723e-01	0.0000e+00
8.7035e-01	2.3011e-01	9.7737e-01	0.0000e+00
8.6976e-01	2.2940e-01	9.7793e-01	0.0000e+00
8.6840e-01	2.2905e-01	9.7845e-01	0.0000e+00
8.6680e-01	2.2918e-01	9.7924e-01	0.0000e+00
8.6597e-01	2.2944e-01	9.8006e-01	0.0000e+00
8.6618e-01	2.2961e-01	9.8034e-01	0.0000e+00
8.6647e-01	2.2973e-01	9.8036e-01	0.0000e+00
8.6582e-01	2.2999e-01	9.8002e-01	0.0000e+00
8.6375e-01	2.3049e-01	9.7959e-01	0.0000e+00
8.5890e-01	2.3142e-01	9.7912e-01	0.0000e+00
8.5245e-01	2.3191e-01	9.7869e-01	0.0000e+00
8.4594e-01	2.3200e-01	9.7836e-01	0.0000e+00
8.4170e-01	2.3198e-01	9.7815e-01	0.0000e+00
8.4219e-01	2.3193e-01	9.7796e-01	0.0000e+00
8.4843e-01	2.3184e-01	9.7780e-01	0.0000e+00
8.5828e-01	2.3163e-01	9.7765e-01	0.0000e+00
8.6855e-01	2.3109e-01	9.7747e-01	0.0000e+00
8.7540e-01	2.3032e-01	9.7720e-01	0.0000e+00
8.7807e-01	2.2965e-01	9.7684e-01	0.0000e+00
8.7869e-01	2.2908e-01	9.7643e-01	0.0000e+00
8.7871e-01	2.2862e-01	9.7599e-01	0.0000e+00
8.7740e-01	2.2852e-01	9.7557e-01	0.0000e+00
8.7273e-01	2.2872e-01	9.7517e-01	0.0000e+00
8.6437e-01	2.2905e-01	9.7483e-01	0.0000e+00
8.5332e-01	2.2947e-01	9.7452e-01	0.0000e+00
8.4172e-01	2.2991e-01	9.7414e-01	0.0000e+00
8.3173e-01	2.3043e-01	9.7372e-01	0.0000e+00
8.2520e-01	2.3097e-01	9.7327e-01	0.0000e+00
8.2279e-01	2.3127e-01	9.7284e-01	0.0000e+00
8.2307e-01	2.3101e-01	9.7242e-01	0.0000e+00
8.2343e-01	2.3044e-01	9.7203e-01	0.0000e+00
8.2298e-01	2.3005e-01	9.7165e-01	0.0000e+00
8.2146e-01	2.2974e-01	9.7128e-01	0.0000e+00
8.1908e-01	2.2951e-01	9.7091e-01	0.0000e+00
8.1651e-01	2.2935e-01	9.7057e-01	0.0000e+00
8.1443e-01	2.2925e-01	9.7032e-01	0.0000e+00
8.1349e-01	2.2903e-01	9.7018e-01	0.0000e+00
8.1300e-01	2.2878e-01	9.7015e-01	0.0000e+00
8.1228e-01	2.2849e-01	9.7018e-01	0.0000e+00
8.1119e-01	2.2818e-01	9.7027e-01	0.0000e+00
8.0988e-01	2.2791e-01	9.7044e-01	0.0000e+00
8.0864e-01	2.2759e-01	9.7073e-01	0.0000e+00
8.0779e-01	2.2705e-01	9.7123e-01	0.0000e+00
8.0692e-01	2.2650e-01	9.7185e-01	0.0000e+00
8.0647e-01	2.2605e-01	9.7232e-01	0.0000e+00
8.0814e-01	2.2554e-01	9.7307e-01	0.0000e+00
8.1317e-01	2.2517e-01	9.7403e-01	0.0000e+00
8.2040e-01	2.2506e-01	9.7475e-01	0.0000e+00
8.2755e-01	2.2500e-01	9.7534e-01	0.0000e+00
8.3252e-01	2.2497e-01	9.7583e-01	0.0000e+00
8.3463e-01	2.2498e-01	9.7628e-01	0.0000e+00
8.3432e-01	2.2508e-01	9.7669e-01	0.0000e+00
8.3365e-01	2.2524e-01	9.7696e-01	1.0000e+00
8.3496e-01	2.2534e-01	9.7708e-01	0.0000e+00
8.3682e-01	2.2541e-01	9.7710e-01	0.0000e+00
8.3832e-01	2.2543e-01	9.7700e-01	0.0000e+00
8.3908e-01	2.2555e-01	9.7684e-01	0.0000e+00
8.4075e-01	2.2562e-01	9.7652e-01	0.0000e+00
8.4645e-01	2.2536e-01	9.7593e-01	0.0000e+00
8.5780e-01	2.2455e-01	9.7517e-01	0.0000e+00
8.7218e-01	2.2296e-01	9.7434e-01	0.0000e+00
8.8576e-01	2.2103e-01	9.7349e-01	0.0000e+00
8.9658e-01	2.1921e-01	9.7267e-01	0.0000e+00
9.0540e-01	2.1747e-01	9.7181e-01	0.0000e+00
9.1264e-01	2.1598e-01	9.7124e-01	0.0000e+00
9.1808e-01	2.1481e-01	9.7095e-01	0.0000e+00
9.2124e-01	2.1402e-01	9.7118e-01	0.0000e+00
9.2179e-01	2.1419e-01	9.7193e-01	0.0000e+00
9.1805e-01	2.1570e-01	9.7418e-01	0.0000e+00
9.0946e-01	2.1817e-01	9.7870e-01	0.0000e+00
8.9720e-01	2.2081e-01	9.8379e-01	0.0000e+00
8.8374e-01	2.2276e-01	9.8963e-01	0.0000e+00
8.7296e-01	2.2383e-01	9.9565e-01	0.0000e+00
8.6808e-01	2.2424e-01	1.0015e+00	0.0000e+00
8.6921e-01	2.2431e-01	1.0067e+00	0.0000e+00
8.7502e-01	2.2421e-01	1.0111e+00	0.0000e+00
8.8233e-01	2.2410e-01	1.0147e+00	0.0000e+00
8.8948e-01	2.2394e-01	1.0172e+00	0.0000e+00
8.9588e-01	2.2361e-01	1.0187e+00	0.0000e+00
9.0188e-01	2.2313e-01	1.0193e+00	0.0000e+00
9.0844e-01	2.2261e-01	1.0194e+00	0.0000e+00
9.1606e-01	2.2205e-01	1.0188e+00	0.0000e+00
9.2439e-01	2.2127e-01	1.0179e+00	0.0000e+00
9.3203e-01	2.2026e-01	1.0167e+00	0.0000e+00
9.3708e-01	2.1931e-01	1.0155e+00	0.0000e+00
9.3853e-01	2.1883e-01	1.0141e+00	0.0000e+00
9.4174e-01	2.1841e-01	1.0129e+00	0.0000e+00
9.4985e-01	2.1785e-01	1.0120e+00	0.0000e+00
9.6193e-01	2.1716e-01	1.0112e+00	0.0000e+00
9.7450e-01	2.1653e-01	1.0104e+00	0.0000e+00
9.8448e-01	2.1597e-01	1.0095e+00	0.0000e+00
9.8994e-01	2.1557e-01	1.0084e+00	0.0000e+00
9.9113e-01	2.1548e-01	1.0072e+00	0.0000e+00
9.9083e-01	2.1560e-01	1.0061e+00	0.0000e+00
9.9107e-01	2.1559e-01	1.0053e+00	0.0000e+00
9.9166e-01	2.1567e-01	1.0046e+00	0.0000e+00
9.9276e-01	2.1604e-01	1.0042e+00	0.0000e+00
9.9429e-01	2.1655e-01	1.0038e+00	0.0000e+00
9.9699e-01	2.1654e-01	1.0035e+00	0.0000e+00
1.0034e+00	2.1558e-01	1.0032e+00	0.0000e+00
1.0139e+00	2.1424e-01	1.0027e+00	0.0000e+00
1.0271e+00	2.1288e-01	1.0021e+00	0.0000e+00
1.0404e+00	2.1163e-01	1.0014e+00	0.0000e+00
1.0519e+00	2.1059e-01	1.0006e+00	0.0000e+00
1.0608e+00	2.0977e-01	9.9961e-01	0.0000e+00
1.0691e+00	2.0907e-01	9.9862e-01	0.0000e+00
1.0794e+00	2.0839e-01	9.9783e-01	0.0000e+00
1.0924e+00	2.0751e-01	9.9724e-01	0.0000e+00
1.1053e+00	2.0662e-01	9.9686e-01	0.0000e+00
1.1164e+00	2.0588e-01	9.9650e-01	0.0000e+00
1.1247e+00	2.0529e-01	9.9613e-01	0.0000e+00
1.1297e+00	2.0479e-01	9.9590e-01	0.0000e+00
1.1313e+00	2.0433e-01	9.9582e-01	0.0000e+00
1.1302e+00	2.0398e-01	9.9571e-01	0.0000e+00
1.1280e+00	2.0427e-01	9.9550e-01	0.0000e+00
1.1261e+00	2.0460e-01	9.9518e-01	0.0000e+00
1.1241e+00	2.0453e-01	9.9479e-01	0.0000e+00
1.1194e+00	2.0467e-01	9.9440e-01	0.0000e+00
1.1114e+00	2.0507e-01	9.9399e-01	0.0000e+00
1.1004e+00	2.0567e-01	9.9353e-01	0.0000e+00
1.0884e+00	2.0643e-01	9.9302e-01	0.0000e+00
1.0778e+00	2.0725e-01	9.9253e-01	0.0000e+00
1.0707e+00	2.0783e-01	9.9207e-01	0.0000e+00
1.0676e+00	2.0784e-01	9.9160e-01	0.0000e+00
1.0667e+00	2.0708e-01	9.9114e-01	0.0000e+00
1.0669e+00	2.0597e-01	9.9074e-01	0.0000e+00
1.0669e+00	2.0523e-01	9.9036e-01	0.0000e+00
1.0655e+00	2.0514e-01	9.9017e-01	0.0000e+00
1.0607e+00	2.0571e-01	9.9016e-01	0.0000e+00
1.0529e+00	2.0646e-01	9.9022e-01	0.0000e+00
1.0440e+00	2.0706e-01	9.9040e-01	0.0000e+00
1.0361e+00	2.0749e-01	9.9083e-01	0.0000e+00
1.0310e+00	2.0776e-01	9.9143e-01	0.0000e+00
1.0288e+00	2.0785e-01	9.9205e-01	0.0000e+00
1.0291e+00	2.0767e-01	9.9258e-01	0.0000e+00
1.0296e+00	2.0739e-01	9.9299e-01	0.0000e+00
1.0305e+00	2.0709e-01	9.9338e-01	0.0000e+00
1.0335e+00	2.0633e-01	9.9387e-01	0.0000e+00
1.0425e+00	2.0506e-01	9.9465e-01	0.0000e+00
1.0579e+00	2.0350e-01	9.9594e-01	0.0000e+00
1.0778e+00	2.0158e-01	9.9812e-01	0.0000e+00
1.0988e+00	1.9922e-01	1.0016e+00	0.0000e+00
1.1177e+00	1.9671e-01	1.0070e+00	0.0000e+00
1.1313e+00	1.9445e-01	1.0150e+00	0.0000e+00
1.1392e+00	1.9284e-01	1.0253e+00	0.0000e+00
1.1427e+00	1.9195e-01	1.0404e+00	0.0000e+00
1.1444e+00	1.9145e-01	1.0528e+00	0.0000e+00
1.1458e+00	1.9116e-01	1.0637e+00	0.0000e+00
1.1469e+00	1.9112e-01	1.0714e+00	0.0000e+00
1.1478e+00	1.9154e-01	1.0743e+00	0.0000e+00
1.1480e+00	1.9244e-01	1.0749e+00	0.0000e+00
1.1482e+00	1.9359e-01	1.0741e+00	0.0000e+00
1.1490e+00	1.9438e-01	1.0729e+00	0.0000e+00
1.1504e+00	1.9445e-01	1.0715e+00	0.0000e+00
1.1531e+00	1.9417e-01	1.0702e+00	0.0000e+00
1.1577e+00	1.9392e-01	1.0692e+00	0.0000e+00
1.1646e+00	1.9371e-01	1.0689e+00	0.0000e+00
1.1730e+00	1.9344e-01	1.0695e+00	0.0000e+00
1.1813e+00	1.9299e-01	1.0703e+00	0.0000e+00
1.1879e+00	1.9229e-01	1.0709e+00	0.0000e+00
1.1895e+00	1.9231e-01	1.0710e+00	0.0000e+00
1.1850e+00	1.9312e-01	1.0706e+00	0.0000e+00
1.1761e+00	1.9425e-01	1.0695e+00	0.0000e+00
1.1634e+00	1.9552e-01	1.0681e+00	0.0000e+00
1.1482e+00	1.9689e-01	1.0666e+00	0.0000e+00
1.1334e+00	1.9833e-01	1.0648e+00	0.0000e+00
1.1216e+00	2.0002e-01	1.0620e+00	0.0000e+00
1.1142e+00	2.0168e-01	1.0580e+00	0.0000e+00
1.1109e+00	2.0299e-01	1.0539e+00	0.0000e+00
1.1095e+00	2.0402e-01	1.0506e+00	0.0000e+00
1.1085e+00	2.0495e-01	1.0482e+00	0.0000e+00
1.1071e+00	2.0586e-01	1.0468e+00	0.0000e+00
1.1057e+00	2.0666e-01	1.0461e+00	0.0000e+00
1.1043e+00	2.0747e-01	1.0459e+00	0.0000e+00
1.1031e+00	2.0816e-01	1.0460e+00	0.0000e+00
1.1017e+00	2.0888e-01	1.0463e+00	0.0000e+00
1.1006e+00	2.0950e-01	1.0469e+00	0.0000e+00
1.0999e+00	2.0984e-01	1.0478e+00	0.0000e+00
1.0992e+00	2.0993e-01	1.0490e+00	0.0000e+00
1.0984e+00	2.0985e-01	1.0506e+00	0.0000e+00
1.0975e+00	2.0984e-01	1.0525e+00	0.0000e+00
1.0965e+00	2.1023e-01	1.0546e+00	0.0000e+00
1.0958e+00	2.1075e-01	1.0567e+00	0.0000e+00
1.0955e+00	2.1110e-01	1.0584e+00	0.0000e+00
1.0955e+00	2.1137e-01	1.0595e+00	0.0000e+00
1.0956e+00	2.1162e-01	1.0599e+00	0.0000e+00
1.0968e+00	2.1165e-01	1.0598e+00	0.0000e+00
1.1016e+00	2.1140e-01	1.0593e+00	0.0000e+00
1.1108e+00	2.1097e-01	1.0587e+00	0.0000e+00
1.1233e+00	2.1039e-01	1.0578e+00	0.0000e+00
1.1370e+00	2.0962e-01	1.0567e+00	0.0000e+00
1.1498e+00	2.0868e-01	1.0561e+00	0.0000e+00
1.1607e+00	2.0791e-01	1.0550e+00	0.0000e+00
1.1714e+00	2.0742e-01	1.0539e+00	0.0000e+00
1.1815e+00	2.0724e-01	1.0530e+00	0.0000e+00
1.1883e+00	2.0758e-01	1.0525e+00	0.0000e+00
1.1881e+00	2.0825e-01	1.0521e+00	0.0000e+00
1.1800e+00	2.0918e-01	1.0518e+00	0.0000e+00
1.1666e+00	2.1025e-01	1.0516e+00	0.0000e+00
1.1517e+00	2.1154e-01	1.0514e+00	0.0000e+00
1.1387e+00	2.1280e-01	1.0515e+00	0.0000e+00
1.1296e+00	2.1388e-01	1.0516e+00	0.0000e+00
1.1244e+00	2.1469e-01	1.0517e+00	0.0000e+00
1.1207e+00	2.1518e-01	1.0518e+00	0.0000e+00
1.1178e+00	2.1544e-01	1.0516e+00	0.0000e+00
1.1158e+00	2.1551e-01	1.0516e+00	0.0000e+00
1.1141e+00	2.1552e-01	1.0517e+00	0.0000e+00
1.1111e+00	2.1560e-01	1.0519e+00	0.0000e+00
1.1044e+00	2.1600e-01	1.0520e+00	0.0000e+00
1.0928e+00	2.1683e-01	1.0519e+00	0.0000e+00
1.0791e+00	2.1803e-01	1.0516e+00	0.0000e+00
1.0685e+00	2.1882e-01	1.0510e+00	0.0000e+00
1.0651e+00	2.1909e-01	1.0501e+00	0.0000e+00
1.0677e+00	2.1903e-01	1.0492e+00	0.0000e+00
1.0742e+00	2.1876e-01	1.0484e+00	0.0000e+00
1.0824e+00	2.1838e-01	1.0476e+00	0.0000e+00
1.0908e+00	2.1773e-01	1.0470e+00	0.0000e+00
1.0977e+00	2.1667e-01	1.0465e+00	0.0000e+00
1.1031e+00	2.1498e-01	1.0461e+00	0.0000e+00
1.1082e+00	2.1268e-01	1.0458e+00	0.0000e+00
1.1124e+00	2.1032e-01	1.0456e+00	0.0000e+00
1.1156e+00	2.0868e-01	1.0453e+00	0.0000e+00
1.1171e+00	2.0795e-01	1.0448e+00	0.0000e+00
1.1157e+00	2.0785e-01	1.0442e+00	0.0000e+00
1.1112e+00	2.0794e-01	1.0437e+00	0.0000e+00
1.1041e+00	2.0814e-01	1.0432e+00	0.0000e+00
1.0957e+00	2.0851e-01	1.0426e+00	0.0000e+00
1.0880e+00	2.0894e-01	1.0420e+00	0.0000e+00
1.0824e+00	2.0921e-01	1.0412e+00	0.0000e+00
1.0785e+00	2.0932e-01	1.0394e+00	0.0000e+00
1.0749e+00	2.0933e-01	1.0368e+00	0.0000e+00
1.0702e+00	2.0930e-01	1.0346e+00	0.0000e+00
1.0649e+00	2.0925e-01	1.0331e+00	0.0000e+00
1.0606e+00	2.0928e-01	1.0316e+00	0.0000e+00
1.0584e+00	2.0944e-01	1.0297e+00	0.0000e+00
1.0586e+00	2.0961e-01	1.0284e+00	0.0000e+00
1.0562e+00	2.1011e-01	1.0278e+00	0.0000e+00
1.0486e+00	2.1089e-01	1.0275e+00	0.0000e+00
1.0366e+00	2.1187e-01	1.0274e+00	0.0000e+00
1.0228e+00	2.1305e-01	1.0274e+00	0.0000e+00
1.0106e+00	2.1421e-01	1.0275e+00	0.0000e+00
1.0028e+00	2.1525e-01	1.0277e+00	0.0000e+00
9.9978e-01	2.1598e-01	1.0280e+00	0.0000e+00
9.9959e-01	2.1620e-01	1.0284e+00	0.0000e+00
9.9965e-01	2.1636e-01	1.0288e+00	0.0000e+00
9.9958e-01	2.1635e-01	1.0291e+00	0.0000e+00
9.9915e-01	2.1597e-01	1.0295e+00	0.0000e+00
9.9811e-01	2.1556e-01	1.0293e+00	0.0000e+00
9.9525e-01	2.1566e-01	1.0284e+00	0.0000e+00
9.8811e-01	2.1658e-01	1.0268e+00	0.0000e+00
9.7646e-01	2.1781e-01	1.0251e+00	0.0000e+00
9.6183e-01	2.1925e-01	1.0232e+00	0.0000e+00
9.4702e-01	2.2097e-01	1.0217e+00	0.0000e+00
9.3468e-01	2.2274e-01	1.0208e+00	0.0000e+00
9.2580e-01	2.2444e-01	1.0203e+00	0.0000e+00
9.1780e-01	2.2602e-01	1.0201e+00	0.0000e+00
9.0767e-01	2.2750e-01	1.0204e+00	0.0000e+00
8.9499e-01	2.2872e-01	1.0210e+00	0.0000e+00
8.8126e-01	2.2966e-01	1.0217e+00	0.0000e+00
8.6751e-01	2.3049e-01	1.0225e+00	0.0000e+00
8.5489e-01	2.3122e-01	1.0232e+00	0.0000e+00
8.4498e-01	2.3180e-01	1.0237e+00	0.0000e+00
8.3906e-01	2.3225e-01	1.0242e+00	0.0000e+00
8.3702e-01	2.3253e-01	1.0243e+00	0.0000e+00
8.3728e-01	2.3221e-01	1.0242e+00	0.0000e+00
8.3742e-01	2.3181e-01	1.0239e+00	0.0000e+00
8.3637e-01	2.3186e-01	1.0229e+00	0.0000e+00
8.3490e-01	2.3196e-01	1.0214e+00	0.0000e+00
8.3375e-01	2.3200e-01	1.0201e+00	0.0000e+00
8.3314e-01	2.3193e-01	1.0190e+00	0.0000e+00
8.3293e-01	2.3172e-01	1.0183e+00	0.0000e+00
8.3289e-01	2.3143e-01	1.0179e+00	0.0000e+00
8.3321e-01	2.3127e-01	1.0177e+00	0.0000e+00
8.3405e-01	2.3119e-01	1.0176e+00	0.0000e+00
8.3500e-01	2.3106e-01	1.0175e+00	0.0000e+00
8.3541e-01	2.3096e-01	1.0175e+00	0.0000e+00
8.3531e-01	2.3105e-01	1.0175e+00	0.0000e+00
8.3527e-01	2.3125e-01	1.0176e+00	0.0000e+00
8.3561e-01	2.3137e-01	1.0179e+00	0.0000e+00
8.3608e-01	2.3130e-01	1.0184e+00	0.0000e+00
8.3619e-01	2.3127e-01	1.0193e+00	0.0000e+00
8.3546e-01	2.3133e-01	1.0202e+00	0.0000e+00
8.3390e-01	2.3163e-01	1.0210e+00	0.0000e+00
8.3310e-01	2.3174e-01	1.0214e+00	0.0000e+00
8.3491e-01	2.3149e-01	1.0218e+00	0.0000e+00
8.4113e-01	2.3100e-01	1.0223e+00	0.0000e+00
8.5067e-01	2.3039e-01	1.0225e+00	0.0000e+00
8.5938e-01	2.3004e-01	1.0225e+00	0.0000e+00
8.6091e-01	2.3003e-01	1.0224e+00	0.0000e+00
8.5281e-01	2.3033e-01	1.0218e+00	0.0000e+00
8.3645e-01	2.3125e-01	1.0206e+00	0.0000e+00
8.1660e-01	2.3279e-01	1.0193e+00	0.0000e+00
7.9872e-01	2.3422e-01	1.0184e+00	0.0000e+00
7.8608e-01	2.3538e-01	1.0181e+00	0.0000e+00
7.7922e-01	2.3652e-01	1.0181e+00	0.0000e+00
7.7682e-01	2.3746e-01	1.0183e+00	0.0000e+00
7.7641e-01	2.3804e-01	1.0186e+00	0.0000e+00
7.7661e-01	2.3817e-01	1.0188e+00	0.0000e+00
7.7696e-01	2.3797e-01	1.0189e+00	0.0000e+00
7.7699e-01	2.3757e-01	1.0188e+00	0.0000e+00
7.7665e-01	2.3707e-01	1.0186e+00	0.0000e+00
7.7589e-01	2.3638e-01	1.0182e+00	0.0000e+00
7.7506e-01	2.3575e-01	1.0178e+00	0.0000e+00
7.7420e-01	2.3548e-01	1.0174e+00	0.0000e+00
7.7244e-01	2.3542e-01	1.0169e+00	0.0000e+00
7.6874e-01	2.3526e-01	1.0163e+00	0.0000e+00
7.6277e-01	2.3492e-01	1.0158e+00	0.0000e+00
7.5578e-01	2.3447e-01	1.0150e+00	0.0000e+00
7.4976e-01	2.3399e-01	1.0143e+00	0.0000e+00
7.4625e-01	2.3359e-01	1.0137e+00	0.0000e+00
7.4549e-01	2.3326e-01	1.0131e+00	0.0000e+00
7.4724e-01	2.3281e-01	1.0126e+00	0.0000e+00
7.5153e-01	2.3210e-01	1.0122e+00	0.0000e+00
7.5846e-01	2.3115e-01	1.0119e+00	0.0000e+00
7.6796e-01	2.3000e-01	1.0121e+00	0.0000e+00
7.7819e-01	2.2871e-01	1.0129e+00	0.0000e+00
7.8709e-01	2.2715e-01	1.0138e+00	0.0000e+00
7.9286e-01	2.2566e-01	1.0139e+00	0.0000e+00
7.9519e-01	2.2468e-01	1.0129e+00	0.0000e+00
7.9591e-01	2.2423e-01	1.0113e+00	0.0000e+00
7.9699e-01	2.2347e-01	1.0098e+00	0.0000e+00
7.9878e-01	2.2241e-01	1.0086e+00	0.0000e+00
8.0038e-01	2.2150e-01	1.0079e+00	0.0000e+00
8.0143e-01	2.2089e-01	1.0075e+00	0.0000e+00
8.0136e-01	2.2099e-01	1.0072e+00	0.0000e+00
8.0080e-01	2.2146e-01	1.0069e+00	0.0000e+00
8.0024e-01	2.2175e-01	1.0066e+00	0.0000e+00
7.9962e-01	2.2187e-01	1.0065e+00	0.0000e+00
7.9905e-01	2.2194e-01	1.0062e+00	0.0000e+00
7.9866e-01	2.2232e-01	1.0061e+00	0.0000e+00
7.9900e-01	2.2268e-01	1.0059e+00	0.0000e+00
8.0002e-01	2.2266e-01	1.0055e+00	0.0000e+00
8.0132e-01	2.2266e-01	1.0054e+00	0.0000e+00
8.0283e-01	2.2280e-01	1.0057e+00	0.0000e+00
8.0448e-01	2.2300e-01	1.0064e+00	0.0000e+00
8.0644e-01	2.2311e-01	1.0070e+00	0.0000e+00
8.0720e-01	2.2346e-01	1.0075e+00	0.0000e+00
8.0421e-01	2.2410e-01	1.0076e+00	0.0000e+00
7.9672e-01	2.2496e-01	1.0075e+00	0.0000e+00
7.8579e-01	2.2589e-01	1.0073e+00	0.0000e+00
7.7357e-01	2.2675e-01	1.0076e+00	0.0000e+00
7.6291e-01	2.2743e-01	1.0082e+00	0.0000e+00
7.5460e-01	2.2777e-01	1.0092e+00	0.0000e+00
7.4658e-01	2.2775e-01	1.0100e+00	0.0000e+00
7.3828e-01	2.2758e-01	1.0106e+00	0.0000e+00
7.3079e-01	2.2742e-01	1.0108e+00	0.0000e+00
7.2582e-01	2.2729e-01	1.0109e+00	0.0000e+00
7.2428e-01	2.2692e-01	1.0111e+00	0.0000e+00
7.2521e-01	2.2634e-01	1.0114e+00	0.0000e+00
7.2649e-01	2.2570e-01	1.0114e+00	0.0000e+00
7.2709e-01	2.2532e-01	1.0112e+00	0.0000e+00
7.2655e-01	2.2544e-01	1.0108e+00	0.0000e+00
7.2502e-01	2.2606e-01	1.0106e+00	0.0000e+00
7.2424e-01	2.2640e-01	1.0110e+00	0.0000e+00
7.2594e-01	2.2633e-01	1.0120e+00	0.0000e+00
7.3106e-01	2.2613e-01	1.0134e+00	0.0000e+00
7.3930e-01	2.2587e-01	1.0154e+00	0.0000e+00
7.4896e-01	2.2553e-01	1.0174e+00	0.0000e+00
7.5770e-01	2.2509e-01	1.0182e+00	0.0000e+00
7.6366e-01	2.2467e-01	1.0183e+00	0.0000e+00
7.6630e-01	2.2461e-01	1.0181e+00	0.0000e+00
7.6470e-01	2.2553e-01	1.0181e+00	0.0000e+00
7.5837e-01	2.2703e-01	1.0180e+00	0.0000e+00
7.4771e-01	2.2875e-01	1.0180e+00	0.0000e+00
7.3506e-01	2.3015e-01	1.0184e+00	0.0000e+00
7.2269e-01	2.3123e-01	1.0188e+00	0.0000e+00
7.1280e-01	2.3221e-01	1.0191e+00	0.0000e+00
7.0659e-01	2.3289e-01	1.0186e+00	0.0000e+00
7.0313e-01	2.3309e-01	1.0164e+00	0.0000e+00
7.0054e-01	2.3312e-01	1.0135e+00	0.0000e+00
6.9863e-01	2.3309e-01	1.0105e+00	0.0000e+00
6.9730e-01	2.3311e-01	1.0084e+00	0.0000e+00
6.9695e-01	2.3303e-01	1.0076e+00	0.0000e+00
6.9778e-01	2.3274e-01	1.0070e+00	0.0000e+00
6.9902e-01	2.3242e-01	1.0066e+00	0.0000e+00
6.9987e-01	2.3217e-01	1.0073e+00	0.0000e+00
6.9969e-01	2.3201e-01	1.0093e+00	0.0000e+00
6.9834e-01	2.3184e-01	1.0123e+00	0.0000e+00
6.9591e-01	2.3182e-01	1.0150e+00	0.0000e+00
6.9279e-01	2.3202e-01	1.0176e+00	0.0000e+00
6.8936e-01	2.3234e-01	1.0205e+00	0.0000e+00
6.8595e-01	2.3283e-01	1.0235e+00	0.0000e+00
6.8257e-01	2.3334e-01	1.0265e+00	0.0000e+00
6.7909e-01	2.3383e-01	1.0295e+00	0.0000e+00
6.7602e-01	2.3405e-01	1.0323e+00	0.0000e+00
6.7388e-01	2.3396e-01	1.0343e+00	0.0000e+00
6.7219e-01	2.3375e-01	1.0353e+00	0.0000e+00
6.7087e-01	2.3353e-01	1.0355e+00	0.0000e+00
6.6996e-01	2.3339e-01	1.0347e+00	0.0000e+00
6.6969e-01	2.3318e-01	1.0333e+00	0.0000e+00
6.6987e-01	2.3296e-01	1.0298e+00	0.0000e+00
6.6994e-01	2.3275e-01	1.0253e+00	0.0000e+00
6.6957e-01	2.3259e-01	1.0218e+00	0.0000e+00
6.6846e-01	2.3285e-01	1.0189e+00	0.0000e+00
6.6668e-01	2.3368e-01	1.0166e+00	0.0000e+00
6.6498e-01	2.3475e-01	1.0147e+00	0.0000e+00
6.6355e-01	2.3580e-01	1.0132e+00	0.0000e+00
6.6253e-01	2.3660e-01	1.0119e+00	0.0000e+00
6.6201e-01	2.3720e-01	1.0110e+00	0.0000e+00
6.6170e-01	2.3760e-01	1.0108e+00	0.0000e+00
6.6212e-01	2.3734e-01	1.0114e+00	0.0000e+00
6.6323e-01	2.3673e-01	1.0125e+00	0.0000e+00
6.6443e-01	2.3591e-01	1.0133e+00	0.0000e+00
6.6515e-01	2.3530e-01	1.0131e+00	0.0000e+00
6.6578e-01	2.3482e-01	1.0119e+00	0.0000e+00
6.6716e-01	2.3414e-01	1.0104e+00	0.0000e+00
6.6923e-01	2.3312e-01	1.0091e+00	0.0000e+00
6.7080e-01	2.3219e-01	1.0086e+00	0.0000e+00
6.7086e-01	2.3170e-01	1.0081e+00	0.0000e+00
6.6930e-01	2.3180e-01	1.0057e+00	0.0000e+00
6.6690e-01	2.3223e-01	1.0023e+00	0.0000e+00
6.6497e-01	2.3242e-01	1.0004e+00	0.0000e+00
6.6648e-01	2.3233e-01	9.9924e-01	0.0000e+00
6.7298e-01	2.3200e-01	9.9868e-01	0.0000e+00
6.8347e-01	2.3147e-01	9.9802e-01	0.0000e+00
6.9550e-01	2.3079e-01	9.9668e-01	0.0000e+00
7.0596e-01	2.3015e-01	9.9545e-01	0.0000e+00
7.1208e-01	2.2971e-01	9.9500e-01	0.0000e+00
7.1313e-01	2.2953e-01	9.9766e-01	0.0000e+00
7.1117e-01	2.2965e-01	1.0049e+00	0.0000e+00
7.0897e-01	2.2990e-01	1.0153e+00	0.0000e+00
7.0731e-01	2.3019e-01	1.0272e+00	0.0000e+00
7.0618e-01	2.3050e-01	1.0398e+00	0.0000e+00
7.0529e-01	2.3087e-01	1.0524e+00	0.0000e+00
7.0481e-01	2.3121e-01	1.0639e+00	0.0000e+00
7.0498e-01	2.3153e-01	1.0733e+00	0.0000e+00
7.0584e-01	2.3184e-01	1.0799e+00	0.0000e+00
7.0815e-01	2.3185e-01	1.0831e+00	0.0000e+00
7.1356e-01	2.3127e-01	1.0832e+00	0.0000e+00
7.2178e-01	2.3049e-01	1.0810e+00	0.0000e+00
7.3187e-01	2.2973e-01	1.0784e+00	0.0000e+00
7.4254e-01	2.2900e-01	1.0774e+00	0.0000e+00
7.5194e-01	2.2816e-01	1.0781e+00	0.0000e+00
7.5729e-01	2.2767e-01	1.0795e+00	0.0000e+00
7.5637e-01	2.2781e-01	1.0813e+00	0.0000e+00
7.4891e-01	2.2886e-01	1.0830e+00	0.0000e+00
7.3825e-01	2.3004e-01	1.0849e+00	0.0000e+00
7.2714e-01	2.3109e-01	1.0868e+00	0.0000e+00
7.1797e-01	2.3188e-01	1.0885e+00	0.0000e+00
7.1219e-01	2.3237e-01	1.0900e+00	0.0000e+00
7.0984e-01	2.3237e-01	1.0915e+00	0.0000e+00
7.0927e-01	2.3200e-01	1.0927e+00	0.0000e+00
7.0880e-01	2.3194e-01	1.0924e+00	0.0000e+00
7.0819e-01	2.3211e-01	1.0895e+00	0.0000e+00
7.0776e-01	2.3187e-01	1.0854e+00	0.0000e+00
7.0761e-01	2.3115e-01	1.0814e+00	0.0000e+00
7.0750e-01	2.3038e-01	1.0791e+00	0.0000e+00
7.0704e-01	2.2992e-01	1.0793e+00	0.0000e+00
7.0615e-01	2.2980e-01	1.0811e+00	0.0000e+00
7.0522e-01	2.2988e-01	1.0827e+00	0.0000e+00
7.0474e-01	2.2990e-01	1.0838e+00	0.0000e+00
7.0579e-01	2.2968e-01	1.0849e+00	0.0000e+00
7.0800e-01	2.2949e-01	1.0859e+00	0.0000e+00
7.1090e-01	2.2926e-01	1.0864e+00	0.0000e+00
7.1361e-01	2.2911e-01	1.0867e+00	0.0000e+00
7.1533e-01	2.2907e-01	1.0867e+00	0.0000e+00
7.1585e-01	2.2911e-01	1.0864e+00	0.0000e+00
7.1503e-01	2.2920e-01	1.0858e+00	0.0000e+00
7.1292e-01	2.2938e-01	1.0846e+00	0.0000e+00
7.0994e-01	2.2975e-01	1.0835e+00	0.0000e+00
7.0698e-01	2.3052e-01	1.0828e+00	0.0000e+00
7.0390e-01	2.3169e-01	1.0821e+00	0.0000e+00
6.9893e-01	2.3333e-01	1.0814e+00	0.0000e+00
6.9167e-01	2.3538e-01	1.0803e+00	0.0000e+00
6.8187e-01	2.3786e-01	1.0791e+00	0.0000e+00
6.7119e-01	2.4022e-01	1.0780e+00	0.0000e+00
6.6200e-01	2.4200e-01	1.0761e+00	0.0000e+00
6.5614e-01	2.4307e-01	1.0728e+00	0.0000e+00
6.5410e-01	2.4352e-01	1.0681e+00	0.0000e+00
6.5439e-01	2.4348e-01	1.0647e+00	0.0000e+00
6.5524e-01	2.4366e-01	1.0621e+00	0.0000e+00
6.5605e-01	2.4404e-01	1.0601e+00	0.0000e+00
6.5699e-01	2.4425e-01	1.0608e+00	0.0000e+00
6.5805e-01	2.4399e-01	1.0635e+00	0.0000e+00
6.5929e-01	2.4310e-01	1.0667e+00	0.0000e+00
6.6022e-01	2.4199e-01	1.0695e+00	0.0000e+00
6.6067e-01	2.4121e-01	1.0714e+00	0.0000e+00
6.6118e-01	2.4079e-01	1.0714e+00	0.0000e+00
6.6224e-01	2.4051e-01	1.0692e+00	0.0000e+00
6.6407e-01	2.3992e-01	1.0661e+00	0.0000e+00
6.6615e-01	2.3917e-01	1.0634e+00	0.0000e+00
6.6800e-01	2.3851e-01	1.0613e+00	0.0000e+00
6.6943e-01	2.3790e-01	1.0598e+00	0.0000e+00
6.7002e-01	2.3733e-01	1.0587e+00	0.0000e+00
6.6974e-01	2.3691e-01	1.0581e+00	0.0000e+00
6.6872e-01	2.3676e-01	1.0576e+00	0.0000e+00
6.6651e-01	2.3709e-01	1.0575e+00	0.0000e+00
6.6348e-01	2.3763e-01	1.0578e+00	0.0000e+00
6.6050e-01	2.3801e-01	1.0588e+00	0.0000e+00
6.5829e-01	2.3809e-01	1.0613e+00	0.0000e+00
6.5665e-01	2.3806e-01	1.0649e+00	0.0000e+00
6.5461e-01	2.3818e-01	1.0690e+00	0.0000e+00
6.5223e-01	2.3850e-01	1.0714e+00	0.0000e+00
6.5018e-01	2.3890e-01	1.0717e+00	0.0000e+00
6.4884e-01	2.3933e-01	1.0720e+00	0.0000e+00
6.4762e-01	2.3996e-01	1.0733e+00	0.0000e+00
6.4638e-01	2.4070e-01	1.0749e+00	0.0000e+00
6.4553e-01	2.4134e-01	1.0757e+00	0.0000e+00
6.4544e-01	2.4181e-01	1.0757e+00	0.0000e+00
6.4609e-01	2.4198e-01	1.0754e+00	0.0000e+00
6.4703e-01	2.4185e-01	1.0752e+00	0.0000e+00
6.4822e-01	2.4142e-01	1.0749e+00	0.0000e+00
6.4952e-01	2.4078e-01	1.0744e+00	0.0000e+00
6.4913e-01	2.4084e-01	1.0731e+00	0.0000e+00
6.4545e-01	2.4146e-01	1.0701e+00	0.0000e+00
6.3747e-01	2.4232e-01	1.0662e+00	0.0000e+00
6.2661e-01	2.4315e-01	1.0627e+00	0.0000e+00
6.1520e-01	2.4393e-01	1.0603e+00	0.0000e+00
6.0546e-01	2.4477e-01	1.0596e+00	0.0000e+00
5.9896e-01	2.4572e-01	1.0618e+00	0.0000e+00
5.9555e-01	2.4637e-01	1.0661e+00	0.0000e+00
5.9375e-01	2.4657e-01	1.0701e+00	0.0000e+00
5.9218e-01	2.4648e-01	1.0716e+00	0.0000e+00
5.9107e-01	2.4604e-01	1.0708e+00	0.0000e+00
5.9031e-01	2.4571e-01	1.0688e+00	0.0000e+00
5.9010e-01	2.4561e-01	1.0676e+00	0.0000e+00
5.8994e-01	2.4556e-01	1.0687e+00	0.0000e+00
5.8926e-01	2.4576e-01	1.0719e+00	0.0000e+00
5.8786e-01	2.4631e-01	1.0762e+00	0.0000e+00
5.8616e-01	2.4698e-01	1.0804e+00	0.0000e+00
5.8473e-01	2.4752e-01	1.0838e+00	0.0000e+00
5.8387e-01	2.4794e-01	1.0864e+00	0.0000e+00
5.8439e-01	2.4805e-01	1.0895e+00	0.0000e+00
5.8738e-01	2.4800e-01	1.0936e+00	0.0000e+00
5.9270e-01	2.4783e-01	1.0975e+00	0.0000e+00
5.9954e-01	2.4749e-01	1.1003e+00	0.0000e+00
6.0656e-01	2.4692e-01	1.1018e+00	0.0000e+00
6.1227e-01	2.4629e-01	1.1022e+00	0.0000e+00
6.1553e-01	2.4586e-01	1.1013e+00	0.0000e+00
6.1665e-01	2.4594e-01	1.0994e+00	0.0000e+00
6.1733e-01	2.4622e-01	1.0965e+00	0.0000e+00
6.1850e-01	2.4621e-01	1.0930e+00	0.0000e+00
6.2020e-01	2.4597e-01	1.0908e+00	0.0000e+00
6.2233e-01	2.4559e-01	1.0897e+00	0.0000e+00
6.2425e-01	2.4534e-01	1.0893e+00	0.0000e+00
6.2525e-01	2.4537e-01	1.0889e+00	0.0000e+00
6.2536e-01	2.4556e-01	1.0884e+00	0.0000e+00
6.2466e-01	2.4578e-01	1.0878e+00	0.0000e+00
6.2373e-01	2.4594e-01	1.0865e+00	0.0000e+00
6.2289e-01	2.4608e-01	1.0843e+00	0.0000e+00
6.2241e-01	2.4619e-01	1.0821e+00	0.0000e+00
6.2236e-01	2.4634e-01	1.0809e+00	0.0000e+00
6.2317e-01	2.4625e-01	1.0805e+00	0.0000e+00
6.2553e-01	2.4570e-01	1.0811e+00	0.0000e+00
6.2956e-01	2.4469e-01	1.0820e+00	0.0000e+00
6.3428e-01	2.4358e-01	1.0825e+00	0.0000e+00
6.3938e-01	2.4244e-01	1.0824e+00	0.0000e+00
6.4614e-01	2.4122e-01	1.0820e+00	0.0000e+00
6.5637e-01	2.3975e-01	1.0817e+00	0.0000e+00
6.6952e-01	2.3804e-01	1.0819e+00	0.0000e+00
6.8238e-01	2.3682e-01	1.0831e+00	0.0000e+00
6.9232e-01	2.3584e-01	1.0855e+00	0.0000e+00
6.9789e-01	2.3492e-01	1.0889e+00	0.0000e+00
6.9920e-01	2.3441e-01	1.0941e+00	0.0000e+00
6.9897e-01	2.3462e-01	1.0980e+00	0.0000e+00
6.9832e-01	2.3522e-01	1.0988e+00	0.0000e+00
6.9707e-01	2.3604e-01	1.0987e+00	0.0000e+00
6.9556e-01	2.3665e-01	1.0995e+00	0.0000e+00
6.9628e-01	2.3648e-01	1.1022e+00	0.0000e+00
7.0146e-01	2.3559e-01	1.1056e+00	0.0000e+00
7.1085e-01	2.3439e-01	1.1085e+00	0.0000e+00
7.2282e-01	2.3350e-01	1.1101e+00	0.0000e+00
7.3256e-01	2.3294e-01	1.1104e+00	0.0000e+00
7.3636e-01	2.3258e-01	1.1095e+00	0.0000e+00
7.3306e-01	2.3240e-01	1.1065e+00	0.0000e+00
7.2431e-01	2.3250e-01	1.1026e+00	0.0000e+00
7.1475e-01	2.3297e-01	1.0998e+00	0.0000e+00
7.0873e-01	2.3372e-01	1.0985e+00	0.0000e+00
7.0709e-01	2.3450e-01	1.0980e+00	0.0000e+00
7.0809e-01	2.3508e-01	1.0980e+00	0.0000e+00
7.0958e-01	2.3550e-01	1.0980e+00	0.0000e+00
7.1093e-01	2.3583e-01	1.0971e+00	0.0000e+00
7.1193e-01	2.3599e-01	1.0952e+00	0.0000e+00
7.1228e-01	2.3602e-01	1.0945e+00	0.0000e+00
7.1183e-01	2.3597e-01	1.0957e+00	0.0000e+00
7.1058e-01	2.3589e-01	1.0977e+00	0.0000e+00
7.0925e-01	2.3556e-01	1.0992e+00	0.0000e+00
7.0679e-01	2.3533e-01	1.1005e+00	0.0000e+00
7.0170e-01	2.3546e-01	1.1016e+00	0.0000e+00
6.9456e-01	2.3574e-01	1.1025e+00	0.0000e+00
6.8595e-01	2.3617e-01	1.1031e+00	0.0000e+00
6.7700e-01	2.3673e-01	1.1023e+00	0.0000e+00
6.6938e-01	2.3741e-01	1.0991e+00	0.0000e+00
6.6454e-01	2.3812e-01	1.0948e+00	0.0000e+00
6.6278e-01	2.3861e-01	1.0913e+00	0.0000e+00
6.6300e-01	2.3868e-01	1.0896e+00	0.0000e+00
6.6291e-01	2.3901e-01	1.0898e+00	0.0000e+00
6.6208e-01	2.3953e-01	1.0928e+00	0.0000e+00
6.6129e-01	2.3985e-01	1.0991e+00	0.0000e+00
6.6122e-01	2.3993e-01	1.1076e+00	0.0000e+00
6.6266e-01	2.3970e-01	1.1159e+00	0.0000e+00
6.6651e-01	2.3903e-01	1.1238e+00	0.0000e+00
6.7424e-01	2.3794e-01	1.1322e+00	0.0000e+00
6.8624e-01	2.3669e-01	1.1400e+00	0.0000e+00
7.0079e-01	2.3571e-01	1.1469e+00	0.0000e+00
7.1519e-01	2.3510e-01	1.1496e+00	0.0000e+00
7.2696e-01	2.3464e-01	1.1491e+00	0.0000e+00
7.3536e-01	2.3424e-01	1.1464e+00	0.0000e+00
7.4075e-01	2.3400e-01	1.1443e+00	0.0000e+00
7.4523e-01	2.3394e-01	1.1427e+00	0.0000e+00
7.5176e-01	2.3374e-01	1.1416e+00	0.0000e+00
7.5882e-01	2.3366e-01	1.1405e+00	0.0000e+00
7.6475e-01	2.3360e-01	1.1377e+00	0.0000e+00
7.6837e-01	2.3355e-01	1.1334e+00	0.0000e+00
7.6949e-01	2.3354e-01	1.1293e+00	0.0000e+00
7.6892e-01	2.3372e-01	1.1259e+00	0.0000e+00
7.6784e-01	2.3419e-01	1.1233e+00	0.0000e+00
7.6745e-01	2.3472e-01	1.1209e+00	0.0000e+00
7.6800e-01	2.3501e-01	1.1188e+00	0.0000e+00
7.6898e-01	2.3511e-01	1.1168e+00	0.0000e+00
7.6968e-01	2.3506e-01	1.1152e+00	0.0000e+00
7.6991e-01	2.3469e-01	1.1143e+00	0.0000e+00
7.7024e-01	2.3392e-01	1.1144e+00	0.0000e+00
7.7088e-01	2.3279e-01	1.1156e+00	0.0000e+00
7.7241e-01	2.3110e-01	1.1180e+00	0.0000e+00
7.7486e-01	2.2936e-01	1.1225e+00	0.0000e+00
7.7783e-01	2.2810e-01	1.1269e+00	0.0000e+00
7.8033e-01	2.2747e-01	1.1322e+00	0.0000e+00
7.8274e-01	2.2716e-01	1.1392e+00	0.0000e+00
7.8752e-01	2.2682e-01	1.1454e+00	0.0000e+00
7.9423e-01	2.2641e-01	1.1509e+00	0.0000e+00
8.0146e-01	2.2595e-01	1.1541e+00	0.0000e+00
8.0738e-01	2.2559e-01	1.1549e+00	0.0000e+00
8.1070e-01	2.2549e-01	1.1541e+00	0.0000e+00
8.1151e-01	2.2569e-01	1.1529e+00	0.0000e+00
8.1092e-01	2.2613e-01	1.1525e+00	0.0000e+00
8.0979e-01	2.2671e-01	1.1537e+00	0.0000e+00
8.0859e-01	2.2723e-01	1.1572e+00	0.0000e+00
8.0750e-01	2.2756e-01	1.1631e+00	0.0000e+00
8.0612e-01	2.2799e-01	1.1701e+00	0.0000e+00
8.0436e-01	2.2873e-01	1.1752e+00	0.0000e+00
8.0270e-01	2.2936e-01	1.1778e+00	0.0000e+00
8.0138e-01	2.2985e-01	1.1781e+00	0.0000e+00
8.0052e-01	2.3028e-01	1.1774e+00	0.0000e+00
7.9976e-01	2.3064e-01	1.1779e+00	0.0000e+00
8.0030e-01	2.3053e-01	1.1800e+00	0.0000e+00
8.0503e-01	2.2956e-01	1.1826e+00	0.0000e+00
8.1501e-01	2.2821e-01	1.1844e+00	0.0000e+00
8.2905e-01	2.2685e-01	1.1852e+00	0.0000e+00
8.4409e-01	2.2577e-01	1.1855e+00	0.0000e+00
8.5700e-01	2.2496e-01	1.1851e+00	0.0000e+00
8.6569e-01	2.2429e-01	1.1840e+00	0.0000e+00
8.7037e-01	2.2376e-01	1.1825e+00	0.0000e+00
8.7423e-01	2.2325e-01	1.1808e+00	0.0000e+00
8.7973e-01	2.2265e-01	1.1788e+00	0.0000e+00
8.8618e-01	2.2185e-01	1.1766e+00	0.0000e+00
8.9188e-01	2.2104e-01	1.1740e+00	0.0000e+00
8.9514e-01	2.2090e-01	1.1713e+00	0.0000e+00
8.9580e-01	2.2183e-01	1.1685e+00	0.0000e+00
8.9641e-01	2.2251e-01	1.1656e+00	0.0000e+00
8.9843e-01	2.2277e-01	1.1628e+00	0.0000e+00
9.0141e-01	2.2276e-01	1.1600e+00	0.0000e+00
9.0421e-01	2.2263e-01	1.1574e+00	0.0000e+00
9.0603e-01	2.2262e-01	1.1551e+00	0.0000e+00
9.0680e-01	2.2308e-01	1.1528e+00	0.0000e+00
9.0688e-01	2.2405e-01	1.1510e+00	0.0000e+00
9.0647e-01	2.2515e-01	1.1497e+00	0.0000e+00
9.0604e-01	2.2574e-01	1.1483e+00	0.0000e+00
9.0585e-01	2.2587e-01	1.1474e+00	0.0000e+00
9.0626e-01	2.2531e-01	1.1464e+00	0.0000e+00
9.0755e-01	2.2408e-01	1.1451e+00	0.0000e+00
9.0951e-01	2.2254e-01	1.1437e+00	0.0000e+00
9.1172e-01	2.2117e-01	1.1427e+00	0.0000e+00
9.1395e-01	2.2022e-01	1.1420e+00	0.0000e+00
9.1562e-01	2.1977e-01	1.1417e+00	0.0000e+00
9.1678e-01	2.1952e-01	1.1415e+00	0.0000e+00
9.1819e-01	2.1910e-01	1.1411e+00	0.0000e+00
9.2023e-01	2.1844e-01	1.1405e+00	0.0000e+00
9.2265e-01	2.1771e-01	1.1399e+00	0.0000e+00
9.2547e-01	2.1705e-01	1.1396e+00	0.0000e+00
9.2840e-01	2.1667e-01	1.1393e+00	0.0000e+00
9.3085e-01	2.1647e-01	1.1392e+00	0.0000e+00
9.3089e-01	2.1667e-01	1.1396e+00	0.0000e+00
9.2694e-01	2.1730e-01	1.1403e+00	0.0000e+00
9.1988e-01	2.1808e-01	1.1423e+00	0.0000e+00
9.1222e-01	2.1872e-01	1.1453e+00	0.0000e+00
9.0543e-01	2.1927e-01	1.1486e+00	0.0000e+00
9.0073e-01	2.1966e-01	1.1521e+00	0.0000e+00
8.9911e-01	2.1969e-01	1.1549e+00	0.0000e+00
8.9993e-01	2.1915e-01	1.1567e+00	0.0000e+00
9.0122e-01	2.1845e-01	1.1573e+00	0.0000e+00
9.0165e-01	2.1805e-01	1.1559e+00	0.0000e+00
9.0086e-01	2.1804e-01	1.1525e+00	0.0000e+00
8.9907e-01	2.1844e-01	1.1498e+00	0.0000e+00
8.9689e-01	2.1927e-01	1.1479e+00	0.0000e+00
8.9520e-01	2.2017e-01	1.1465e+00	0.0000e+00
8.9412e-01	2.2083e-01	1.1453e+00	0.0000e+00
8.9376e-01	2.2125e-01	1.1436e+00	0.0000e+00
8.9400e-01	2.2140e-01	1.1410e+00	0.0000e+00
8.9442e-01	2.2146e-01	1.1365e+00	0.0000e+00
8.9438e-01	2.2169e-01	1.1289e+00	0.0000e+00
8.9387e-01	2.2200e-01	1.1208e+00	0.0000e+00
8.9261e-01	2.2236e-01	1.1151e+00	0.0000e+00
8.8998e-01	2.2276e-01	1.1130e+00	0.0000e+00
8.8591e-01	2.2314e-01	1.1142e+00	0.0000e+00
8.8111e-01	2.2340e-01	1.1158e+00	0.0000e+00
8.7582e-01	2.2376e-01	1.1168e+00	0.0000e+00
8.6903e-01	2.2444e-01	1.1173e+00	0.0000e+00
8.5913e-01	2.2551e-01	1.1171e+00	0.0000e+00
8.4674e-01	2.2657e-01	1.1163e+00	0.0000e+00
8.3421e-01	2.2740e-01	1.1151e+00	0.0000e+00
8.2389e-01	2.2812e-01	1.1138e+00	0.0000e+00
8.1726e-01	2.2897e-01	1.1126e+00	0.0000e+00
8.1458e-01	2.2967e-01	1.1118e+00	0.0000e+00
8.1373e-01	2.2973e-01	1.1114e+00	0.0000e+00
8.1310e-01	2.2960e-01	1.1114e+00	0.0000e+00
8.1268e-01	2.2944e-01	1.1121e+00	0.0000e+00
8.1248e-01	2.2915e-01	1.1139e+00	0.0000e+00
8.1052e-01	2.2924e-01	1.1166e+00	0.0000e+00
8.0493e-01	2.2956e-01	1.1194e+00	0.0000e+00
7.9564e-01	2.2995e-01	1.1213e+00	0.0000e+00
7.8297e-01	2.3041e-01	1.1224e+00	0.0000e+00
7.6893e-01	2.3098e-01	1.1228e+00	0.0000e+00
7.5699e-01	2.3142e-01	1.1227e+00	0.0000e+00
7.5028e-01	2.3162e-01	1.1220e+00	0.0000e+00
7.4987e-01	2.3146e-01	1.1194e+00	0.0000e+00
7.5324e-01	2.3089e-01	1.1152e+00	0.0000e+00
7.5697e-01	2.2999e-01	1.1129e+00	0.0000e+00
7.5948e-01	2.2893e-01	1.1113e+00	0.0000e+00
7.6063e-01	2.2798e-01	1.1104e+00	0.0000e+00
7.6056e-01	2.2735e-01	1.1116e+00	0.0000e+00
7.5988e-01	2.2712e-01	1.1135e+00	0.0000e+00
7.5878e-01	2.2744e-01	1.1148e+00	0.0000e+00
7.5781e-01	2.2809e-01	1.1154e+00	0.0000e+00
7.5906e-01	2.2821e-01	1.1155e+00	0.0000e+00
7.6452e-01	2.2777e-01	1.1154e+00	0.0000e+00
7.7408e-01	2.2716e-01	1.1153e+00	0.0000e+00
7.8731e-01	2.2635e-01	1.1152e+00	0.0000e+00
8.0129e-01	2.2549e-01	1.1154e+00	0.0000e+00
8.1233e-01	2.2477e-01	1.1161e+00	0.0000e+00
8.1848e-01	2.2412e-01	1.1172e+00	0.0000e+00
8.1972e-01	2.2369e-01	1.1189e+00	0.0000e+00
8.1842e-01	2.2370e-01	1.1213e+00	0.0000e+00
8.1654e-01	2.2386e-01	1.1247e+00	0.0000e+00
8.1505e-01	2.2394e-01	1.1299e+00	0.0000e+00
8.1413e-01	2.2377e-01	1.1401e+00	0.0000e+00
8.1379e-01	2.2339e-01	1.1545e+00	0.0000e+00
8.1392e-01	2.2303e-01	1.1687e+00	0.0000e+00
8.1383e-01	2.2295e-01	1.1836e+00	0.0000e+00
8.1333e-01	2.2292e-01	1.1960e+00	0.0000e+00
8.1200e-01	2.2305e-01	1.2043e+00	0.0000e+00
8.0919e-01	2.2342e-01	1.2089e+00	0.0000e+00
8.0326e-01	2.2400e-01	1.2111e+00	0.0000e+00
7.9364e-01	2.2455e-01	1.2119e+00	0.0000e+00
7.8349e-01	2.2473e-01	1.2121e+00	0.0000e+00
7.7673e-01	2.2480e-01	1.2121e+00	0.0000e+00
7.7529e-01	2.2493e-01	1.2121e+00	0.0000e+00
7.7856e-01	2.2506e-01	1.2129e+00	0.0000e+00
7.8426e-01	2.2503e-01	1.2153e+00	0.0000e+00
7.8850e-01	2.2481e-01	1.2197e+00	0.0000e+00
7.8768e-01	2.2480e-01	1.2269e+00	0.0000e+00
7.8223e-01	2.2497e-01	1.2369e+00	0.0000e+00
7.7477e-01	2.2538e-01	1.2481e+00	0.0000e+00
7.6871e-01	2.2576e-01	1.2590e+00	0.0000e+00
7.6497e-01	2.2606e-01	1.2673e+00	0.0000e+00
7.6322e-01	2.2636e-01	1.2729e+00	0.0000e+00
7.6233e-01	2.2661e-01	1.2785e+00	0.0000e+00
7.6143e-01	2.2679e-01	1.2834e+00	0.0000e+00
7.6058e-01	2.2691e-01	1.2869e+00	0.0000e+00
7.6051e-01	2.2674e-01	1.2866e+00	0.0000e+00
7.6144e-01	2.2612e-01	1.2821e+00	0.0000e+00
7.6297e-01	2.2533e-01	1.2752e+00	0.0000e+00
7.6443e-01	2.2462e-01	1.2676e+00	0.0000e+00
7.6549e-01	2.2401e-01	1.2604e+00	0.0000e+00
7.6568e-01	2.2368e-01	1.2539e+00	0.0000e+00
7.6491e-01	2.2364e-01	1.2479e+00	0.0000e+00
7.6358e-01	2.2378e-01	1.2428e+00	0.0000e+00
7.6288e-01	2.2391e-01	1.2390e+00	0.0000e+00
7.6231e-01	2.2395e-01	1.2375e+00	0.0000e+00
7.5885e-01	2.2407e-01	1.2396e+00	0.0000e+00
7.5267e-01	2.2430e-01	1.2466e+00	0.0000e+00
7.4530e-01	2.2465e-01	1.2580e+00	0.0000e+00
7.3861e-01	2.2514e-01	1.2722e+00	0.0000e+00
7.3392e-01	2.2574e-01	1.2870e+00	0.0000e+00
7.3147e-01	2.2635e-01	1.3002e+00	0.0000e+00
7.3070e-01	2.2682e-01	1.3105e+00	0.0000e+00
7.3100e-01	2.2693e-01	1.3165e+00	0.0000e+00
7.3163e-01	2.2677e-01	1.3186e+00	0.0000e+00
7.3248e-01	2.2654e-01	1.3168e+00	0.0000e+00
7.3562e-01	2.2579e-01	1.3127e+00	0.0000e+00
7.4225e-01	2.2452e-01	1.3069e+00	0.0000e+00
7.5219e-01	2.2327e-01	1.3014e+00	0.0000e+00
7.6355e-01	2.2218e-01	1.2980e+00	0.0000e+00
7.7415e-01	2.2120e-01	1.2985e+00	0.0000e+00
7.8244e-01	2.2023e-01	1.3015e+00	0.0000e+00
7.8640e-01	2.1969e-01	1.3041e+00	0.0000e+00
7.8374e-01	2.1975e-01	1.3061e+00	0.0000e+00
7.7504e-01	2.2009e-01	1.3082e+00	0.0000e+00
7.6222e-01	2.2066e-01	1.3113e+00	0.0000e+00
7.4770e-01	2.2161e-01	1.3157e+00	0.0000e+00
7.3423e-01	2.2305e-01	1.3200e+00	0.0000e+00
7.2455e-01	2.2475e-01	1.3213e+00	0.0000e+00
7.1865e-01	2.2652e-01	1.3202e+00	0.0000e+00
7.1333e-01	2.2844e-01	1.3180e+00	0.0000e+00
7.0723e-01	2.2986e-01	1.3149e+00	0.0000e+00
7.0240e-01	2.3049e-01	1.3110e+00	0.0000e+00
7.0076e-01	2.3037e-01	1.3057e+00	0.0000e+00
7.0344e-01	2.2946e-01	1.2995e+00	0.0000e+00
7.1010e-01	2.2756e-01	1.2952e+00	0.0000e+00
7.1725e-01	2.2602e-01	1.2886e+00	0.0000e+00
7.2217e-01	2.2504e-01	1.2798e+00	0.0000e+00
7.2410e-01	2.2447e-01	1.2751e+00	0.0000e+00
7.2383e-01	2.2429e-01	1.2714e+00	0.0000e+00
7.2435e-01	2.2399e-01	1.2712e+00	0.0000e+00
7.2697e-01	2.2312e-01	1.2733e+00	0.0000e+00
7.3074e-01	2.2170e-01	1.2752e+00	0.0000e+00
7.3410e-01	2.2024e-01	1.2759e+00	0.0000e+00
7.3606e-01	2.1938e-01	1.2760e+00	0.0000e+00
7.3688e-01	2.1913e-01	1.2760e+00	0.0000e+00
7.3704e-01	2.1934e-01	1.2759e+00	0.0000e+00
7.3641e-01	2.2003e-01	1.2754e+00	0.0000e+00
7.3489e-01	2.2127e-01	1.2736e+00	0.0000e+00
7.3279e-01	2.2267e-01	1.2687e+00	0.0000e+00
7.3049e-01	2.2367e-01	1.2621e+00	0.0000e+00
7.2851e-01	2.2409e-01	1.2558e+00	0.0000e+00
7.2712e-01	2.2415e-01	1.2503e+00	0.0000e+00
7.2587e-01	2.2428e-01	1.2458e+00	0.0000e+00
7.2432e-01	2.2469e-01	1.2415e+00	0.0000e+00
7.2252e-01	2.2533e-01	1.2385e+00	0.0000e+00
7.2056e-01	2.2600e-01	1.2369e+00	0.0000e+00
7.1880e-01	2.2641e-01	1.2362e+00	0.0000e+00
7.1761e-01	2.2652e-01	1.2369e+00	0.0000e+00
7.1723e-01	2.2631e-01	1.2383e+00	0.0000e+00
7.1743e-01	2.2589e-01	1.2395e+00	0.0000e+00
7.1898e-01	2.2539e-01	1.2401e+00	0.0000e+00
7.2239e-01	2.2505e-01	1.2401e+00	0.0000e+00
7.2833e-01	2.2478e-01	1.2409e+00	0.0000e+00
7.3570e-01	2.2457e-01	1.2434e+00	0.0000e+00
7.4243e-01	2.2443e-01	1.2468e+00	0.0000e+00
7.4729e-01	2.2428e-01	1.2504e+00	0.0000e+00
7.5030e-01	2.2408e-01	1.2540e+00	0.0000e+00
7.5606e-01	2.2373e-01	1.2578e+00	0.0000e+00
7.6700e-01	2.2321e-01	1.2605e+00	0.0000e+00
7.8170e-01	2.2244e-01	1.2604e+00	0.0000e+00
7.9723e-01	2.2129e-01	1.2584e+00	0.0000e+00
8.1053e-01	2.1996e-01	1.2551e+00	0.0000e+00
8.1997e-01	2.1880e-01	1.2486e+00	0.0000e+00
8.2534e-01	2.1789e-01	1.2392e+00	0.0000e+00
8.2813e-01	2.1723e-01	1.2311e+00	0.0000e+00
8.3021e-01	2.1667e-01	1.2267e+00	0.0000e+00
8.3224e-01	2.1612e-01	1.2249e+00	0.0000e+00
8.3382e-01	2.1574e-01	1.2256e+00	0.0000e+00
8.3501e-01	2.1566e-01	1.2321e+00	0.0000e+00
8.3637e-01	2.1551e-01	1.2387e+00	0.0000e+00
8.3827e-01	2.1504e-01	1.2428e+00	0.0000e+00
8.4012e-01	2.1458e-01	1.2402e+00	0.0000e+00
8.4181e-01	2.1415e-01	1.2337e+00	0.0000e+00
8.4391e-01	2.1351e-01	1.2268e+00	0.0000e+00
8.4620e-01	2.1258e-01	1.2214e+00	0.0000e+00
8.4785e-01	2.1185e-01	1.2200e+00	0.0000e+00
8.4821e-01	2.1160e-01	1.2231e+00	0.0000e+00
8.4769e-01	2.1171e-01	1.2278e+00	0.0000e+00
8.4875e-01	2.1148e-01	1.2316e+00	0.0000e+00
8.5360e-01	2.1046e-01	1.2338e+00	0.0000e+00
8.6199e-01	2.0912e-01	1.2346e+00	0.0000e+00
8.7310e-01	2.0779e-01	1.2340e+00	0.0000e+00
8.8504e-01	2.0657e-01	1.2323e+00	0.0000e+00
8.9542e-01	2.0579e-01	1.2304e+00	0.0000e+00
9.0239e-01	2.0533e-01	1.2297e+00	0.0000e+00
9.0528e-01	2.0510e-01	1.2309e+00	0.0000e+00
9.0562e-01	2.0521e-01	1.2335e+00	0.0000e+00
9.0679e-01	2.0519e-01	1.2380e+00	0.0000e+00
9.1095e-01	2.0493e-01	1.2421e+00	0.0000e+00
9.1880e-01	2.0463e-01	1.2405e+00	0.0000e+00
9.2880e-01	2.0439e-01	1.2323e+00	0.0000e+00
9.3838e-01	2.0426e-01	1.2225e+00	0.0000e+00
9.4542e-01	2.0415e-01	1.2139e+00	0.0000e+00
9.4878e-01	2.0404e-01	1.2076e+00	0.0000e+00
9.4884e-01	2.0399e-01	1.2039e+00	0.0000e+00
9.4738e-01	2.0405e-01	1.2024e+00	0.0000e+00
9.4623e-01	2.0404e-01	1.2032e+00	0.0000e+00
9.4575e-01	2.0399e-01	1.2061e+00	0.0000e+00
9.4596e-01	2.0371e-01	1.2114e+00	0.0000e+00
9.4672e-01	2.0311e-01	1.2181e+00	0.0000e+00
9.4600e-01	2.0303e-01	1.2246e+00	0.0000e+00
9.4164e-01	2.0339e-01	1.2301e+00	0.0000e+00
9.3280e-01	2.0409e-01	1.2352e+00	0.0000e+00
9.1988e-01	2.0511e-01	1.2407e+00	0.0000e+00
9.0555e-01	2.0621e-01	1.2458e+00	0.0000e+00
8.9306e-01	2.0721e-01	1.2503e+00	0.0000e+00
8.8472e-01	2.0821e-01	1.2533e+00	0.0000e+00
8.8117e-01	2.0924e-01	1.2529e+00	0.0000e+00
8.8039e-01	2.1019e-01	1.2510e+00	0.0000e+00
8.8055e-01	2.1135e-01	1.2486e+00	0.0000e+00
8.8089e-01	2.1261e-01	1.2463e+00	0.0000e+00
8.8123e-01	2.1346e-01	1.2442e+00	0.0000e+00
8.8167e-01	2.1367e-01	1.2424e+00	0.0000e+00
8.8205e-01	2.1351e-01	1.2408e+00	0.0000e+00
8.8231e-01	2.1329e-01	1.2395e+00	0.0000e+00
8.8304e-01	2.1297e-01	1.2384e+00	0.0000e+00
8.8563e-01	2.1237e-01	1.2375e+00	0.0000e+00
8.9085e-01	2.1159e-01	1.2371e+00	0.0000e+00
8.9778e-01	2.1079e-01	1.2376e+00	0.0000e+00
9.0445e-01	2.1016e-01	1.2382e+00	0.0000e+00
9.0705e-01	2.1002e-01	1.2383e+00	0.0000e+00
9.0292e-01	2.1028e-01	1.2379e+00	0.0000e+00
8.9515e-01	2.1073e-01	1.2369e+00	0.0000e+00
8.9059e-01	2.1074e-01	1.2346e+00	0.0000e+00
8.9153e-01	2.1048e-01	1.2321e+00	0.0000e+00
8.9743e-01	2.1000e-01	1.2287e+00	0.0000e+00
9.0551e-01	2.0935e-01	1.2252e+00	0.0000e+00
9.1282e-01	2.0865e-01	1.2229e+00	0.0000e+00
9.1699e-01	2.0802e-01	1.2224e+00	0.0000e+00
9.1721e-01	2.0799e-01	1.2234e+00	0.0000e+00
9.1695e-01	2.0812e-01	1.2249e+00	0.0000e+00
9.1741e-01	2.0790e-01	1.2253e+00	0.0000e+00
9.1861e-01	2.0737e-01	1.2243e+00	0.0000e+00
9.2010e-01	2.0691e-01	1.2229e+00	0.0000e+00
9.2144e-01	2.0677e-01	1.2216e+00	0.0000e+00
9.2209e-01	2.0700e-01	1.2203e+00	0.0000e+00
9.2218e-01	2.0742e-01	1.2186e+00	0.0000e+00
9.2171e-01	2.0804e-01	1.2158e+00	0.0000e+00
9.2089e-01	2.0887e-01	1.2127e+00	0.0000e+00
9.2205e-01	2.0904e-01	1.2098e+00	0.0000e+00
9.2690e-01	2.0868e-01	1.2077e+00	0.0000e+00
9.3497e-01	2.0809e-01	1.2080e+00	0.0000e+00
9.4446e-01	2.0740e-01	1.2104e+00	0.0000e+00
9.5288e-01	2.0672e-01	1.2139e+00	0.0000e+00
9.5831e-01	2.0618e-01	1.2151e+00	0.0000e+00
9.6021e-01	2.0585e-01	1.2143e+00	0.0000e+00
9.5986e-01	2.0573e-01	1.2122e+00	0.0000e+00
9.5925e-01	2.0569e-01	1.2097e+00	0.0000e+00
9.5882e-01	2.0562e-01	1.2087e+00	0.0000e+00
9.5910e-01	2.0534e-01	1.2093e+00	0.0000e+00
9.6009e-01	2.0462e-01	1.2103e+00	0.0000e+00
9.6109e-01	2.0369e-01	1.2116e+00	0.0000e+00
9.6168e-01	2.0319e-01	1.2154e+00	0.0000e+00
9.6184e-01	2.0329e-01	1.2208e+00	0.0000e+00
9.6160e-01	2.0378e-01	1.2265e+00	0.0000e+00
9.5897e-01	2.0472e-01	1.2320e+00	0.0000e+00
9.5256e-01	2.0590e-01	1.2375e+00	0.0000e+00
9.4214e-01	2.0720e-01	1.2420e+00	0.0000e+00
9.2947e-01	2.0847e-01	1.2448e+00	0.0000e+00
9.1739e-01	2.0963e-01	1.2455e+00	0.0000e+00
9.0803e-01	2.1077e-01	1.2449e+00	0.0000e+00
9.0207e-01	2.1188e-01	1.2437e+00	0.0000e+00
8.9925e-01	2.1302e-01	1.2430e+00	0.0000e+00
8.9778e-01	2.1412e-01	1.2427e+00	0.0000e+00
8.9689e-01	2.1474e-01	1.2410e+00	0.0000e+00
8.9690e-01	2.1464e-01	1.2359e+00	0.0000e+00
8.9809e-01	2.1393e-01	1.2291e+00	0.0000e+00
8.9969e-01	2.1302e-01	1.2227e+00	0.0000e+00
9.0142e-01	2.1181e-01	1.2179e+00	0.0000e+00
9.0315e-01	2.1031e-01	1.2191e+00	0.0000e+00
9.0379e-01	2.0934e-01	1.2228e+00	0.0000e+00
9.0267e-01	2.0898e-01	1.2251e+00	0.0000e+00
8.9970e-01	2.0902e-01	1.2258e+00	0.0000e+00
8.9532e-01	2.0916e-01	1.2248e+00	0.0000e+00
8.8983e-01	2.0939e-01	1.2229e+00	0.0000e+00
8.8411e-01	2.0965e-01	1.2208e+00	0.0000e+00
8.7935e-01	2.0988e-01	1.2193e+00	0.0000e+00
8.7683e-01	2.0997e-01	1.2185e+00	0.0000e+00
8.7841e-01	2.0949e-01	1.2194e+00	0.0000e+00
8.8386e-01	2.0866e-01	1.2227e+00	0.0000e+00
8.9125e-01	2.0787e-01	1.2283e+00	0.0000e+00
8.9911e-01	2.0711e-01	1.2352e+00	0.0000e+00
9.0593e-01	2.0641e-01	1.2424e+00	0.0000e+00
9.1037e-01	2.0581e-01	1.2488e+00	0.0000e+00
9.1208e-01	2.0539e-01	1.2543e+00	0.0000e+00
9.1254e-01	2.0520e-01	1.2591e+00	0.0000e+00
9.1281e-01	2.0484e-01	1.2645e+00	0.0000e+00
9.1338e-01	2.0404e-01	1.2703e+00	0.0000e+00
9.1434e-01	2.0292e-01	1.2752e+00	0.0000e+00
9.1550e-01	2.0193e-01	1.2850e+00	0.0000e+00
9.1633e-01	2.0135e-01	1.3013e+00	0.0000e+00
9.1645e-01	2.0125e-01	1.3184e+00	0.0000e+00
9.1597e-01	2.0151e-01	1.3382e+00	0.0000e+00
9.1532e-01	2.0166e-01	1.3582e+00	0.0000e+00
9.1464e-01	2.0143e-01	1.3759e+00	0.0000e+00
9.1354e-01	2.0113e-01	1.3899e+00	0.0000e+00
9.1190e-01	2.0100e-01	1.3999e+00	0.0000e+00
9.0995e-01	2.0114e-01	1.4064e+00	0.0000e+00
9.0819e-01	2.0148e-01	1.4103e+00	0.0000e+00
9.0744e-01	2.0177e-01	1.4122e+00	0.0000e+00
9.0779e-01	2.0174e-01	1.4127e+00	0.0000e+00
9.0967e-01	2.0155e-01	1.4121e+00	0.0000e+00
9.1300e-01	2.0132e-01	1.4101e+00	0.0000e+00
9.1837e-01	2.0111e-01	1.4065e+00	0.0000e+00
9.2558e-01	2.0099e-01	1.4014e+00	0.0000e+00
