WL	EN	AR	Marker
1.8395e+00	2.3974e-01	3.7244e+00	0.0000e+00
1.8532e+00	2.3837e-01	3.7213e+00	0.0000e+00
1.8566e+00	2.3718e-01	3.7185e+00	0.0000e+00
1.8451e+00	2.3647e-01	3.7154e+00	0.0000e+00
1.8235e+00	2.3685e-01	3.7135e+00	0.0000e+00
1.8058e+00	2.3691e-01	3.7121e+00	0.0000e+00
1.8038e+00	2.3587e-01	3.7109e+00	0.0000e+00
1.8160e+00	2.3447e-01	3.7097e+00	0.0000e+00
1.8360e+00	2.3285e-01	3.7085e+00	0.0000e+00
1.8562e+00	2.3107e-01	3.7069e+00	0.0000e+00
1.8690e+00	2.2925e-01	3.7049e+00	0.0000e+00
1.8694e+00	2.2783e-01	3.7028e+00	0.0000e+00
1.8596e+00	2.2752e-01	3.7006e+00	0.0000e+00
1.8499e+00	2.2762e-01	3.6985e+00	0.0000e+00
1.8494e+00	2.2698e-01	3.6968e+00	0.0000e+00
1.8610e+00	2.2575e-01	3.6956e+00	0.0000e+00
1.8814e+00	2.2430e-01	3.6952e+00	0.0000e+00
1.9037e+00	2.2275e-01	3.6957e+00	0.0000e+00
1.9193e+00	2.2116e-01	3.6970e+00	0.0000e+00
1.9223e+00	2.1973e-01	3.6982e+00	0.0000e+00
1.9128e+00	2.1903e-01	3.6989e+00	0.0000e+00
1.8989e+00	2.1920e-01	3.6993e+00	0.0000e+00
1.8884e+00	2.1912e-01	3.6986e+00	0.0000e+00
1.8832e+00	2.1888e-01	3.6977e+00	0.0000e+00
1.8847e+00	2.1853e-01	3.6965e+00	0.0000e+00
1.8908e+00	2.1812e-01	3.6950e+00	0.0000e+00
1.8974e+00	2.1768e-01	3.6930e+00	0.0000e+00
1.9000e+00	2.1725e-01	3.6894e+00	0.0000e+00
1.8968e+00	2.1687e-01	3.6832e+00	0.0000e+00
1.8923e+00	2.1643e-01	3.6793e+00	0.0000e+00
1.8913e+00	2.1575e-01	3.6820e+00	0.0000e+00
1.8954e+00	2.1487e-01	3.6877e+00	0.0000e+00
1.9062e+00	2.1384e-01	3.6918e+00	0.0000e+00
1.9195e+00	2.1278e-01	3.6938e+00	0.0000e+00
1.9290e+00	2.1179e-01	3.6951e+00	0.0000e+00
1.9300e+00	2.1125e-01	3.6983e+00	0.0000e+00
1.9228e+00	2.1169e-01	3.7065e+00	0.0000e+00
1.9131e+00	2.1236e-01	3.7216e+00	0.0000e+00
1.9055e+00	2.1249e-01	3.7433e+00	0.0000e+00
1.9026e+00	2.1225e-01	3.7692e+00	0.0000e+00
1.9024e+00	2.1188e-01	3.7959e+00	0.0000e+00
1.9011e+00	2.1154e-01	3.8257e+00	0.0000e+00
1.8958e+00	2.1136e-01	3.8487e+00	0.0000e+00
1.8877e+00	2.1143e-01	3.8591e+00	0.0000e+00
1.8815e+00	2.1151e-01	3.8612e+00	0.0000e+00
1.8841e+00	2.1111e-01	3.8582e+00	0.0000e+00
1.8952e+00	2.1038e-01	3.8526e+00	0.0000e+00
1.9101e+00	2.0941e-01	3.8477e+00	0.0000e+00
1.9228e+00	2.0831e-01	3.8414e+00	0.0000e+00
1.9284e+00	2.0724e-01	3.8342e+00	0.0000e+00
1.9256e+00	2.0654e-01	3.8293e+00	0.0000e+00
1.9166e+00	2.0655e-01	3.8254e+00	0.0000e+00
1.9059e+00	2.0704e-01	3.8227e+00	0.0000e+00
1.8947e+00	2.0771e-01	3.8212e+00	0.0000e+00
1.8828e+00	2.0866e-01	3.8212e+00	0.0000e+00
1.8708e+00	2.1014e-01	3.8226e+00	0.0000e+00
1.8594e+00	2.1178e-01	3.8255e+00	0.0000e+00
1.8492e+00	2.1294e-01	3.8301e+00	0.0000e+00
1.8393e+00	2.1370e-01	3.8369e+00	0.0000e+00
1.8288e+00	2.1449e-01	3.8494e+00	0.0000e+00
1.8171e+00	2.1626e-01	3.8653e+00	0.0000e+00
1.8041e+00	2.1950e-01	3.8758e+00	0.0000e+00
1.7933e+00	2.2099e-01	3.8891e+00	0.0000e+00
1.7888e+00	2.2075e-01	3.9026e+00	0.0000e+00
1.7910e+00	2.2003e-01	3.9077e+00	0.0000e+00
1.7973e+00	2.1918e-01	3.9120e+00	0.0000e+00
1.8037e+00	2.1836e-01	3.9155e+00	0.0000e+00
1.8063e+00	2.1761e-01	3.9166e+00	0.0000e+00
1.7825e+00	2.1806e-01	3.9243e+00	0.0000e+00
1.7575e+00	2.1899e-01	3.9330e+00	0.0000e+00
1.7372e+00	2.2026e-01	3.9253e+00	0.0000e+00
1.7204e+00	2.2162e-01	3.9021e+00	0.0000e+00
1.7032e+00	2.2303e-01	3.8759e+00	0.0000e+00
1.6861e+00	2.2423e-01	3.8584e+00	0.0000e+00
1.6734e+00	2.2469e-01	3.8560e+00	0.0000e+00
1.6645e+00	2.2500e-01	3.8668e+00	0.0000e+00
1.6559e+00	2.2549e-01	3.8852e+00	0.0000e+00
1.6475e+00	2.2595e-01	3.9056e+00	0.0000e+00
1.6403e+00	2.2596e-01	3.9245e+00	0.0000e+00
1.6339e+00	2.2578e-01	3.9409e+00	0.0000e+00
1.6276e+00	2.2570e-01	3.9550e+00	0.0000e+00
1.6207e+00	2.2585e-01	3.9665e+00	0.0000e+00
1.6125e+00	2.2657e-01	3.9772e+00	0.0000e+00
1.6037e+00	2.2779e-01	3.9869e+00	0.0000e+00
1.5959e+00	2.2869e-01	3.9971e+00	0.0000e+00
1.5975e+00	2.2718e-01	4.0022e+00	0.0000e+00
1.5990e+00	2.2556e-01	3.9986e+00	0.0000e+00
1.5987e+00	2.2467e-01	3.9903e+00	0.0000e+00
1.5919e+00	2.2535e-01	3.9788e+00	0.0000e+00
1.5843e+00	2.2612e-01	3.9644e+00	0.0000e+00
1.5762e+00	2.2695e-01	3.9477e+00	0.0000e+00
1.5683e+00	2.2784e-01	3.9285e+00	0.0000e+00
1.5627e+00	2.2822e-01	3.9096e+00	0.0000e+00
1.5619e+00	2.2777e-01	3.8921e+00	0.0000e+00
1.5652e+00	2.2691e-01	3.8731e+00	0.0000e+00
1.5703e+00	2.2598e-01	3.8531e+00	0.0000e+00
1.5740e+00	2.2513e-01	3.8355e+00	0.0000e+00
1.5738e+00	2.2449e-01	3.8217e+00	0.0000e+00
1.5757e+00	2.2299e-01	3.8116e+00	0.0000e+00
1.5746e+00	2.2225e-01	3.8045e+00	0.0000e+00
1.5737e+00	2.2176e-01	3.7978e+00	0.0000e+00
1.5723e+00	2.2175e-01	3.7928e+00	0.0000e+00
1.5696e+00	2.2265e-01	3.7878e+00	0.0000e+00
1.5645e+00	2.2405e-01	3.7819e+00	0.0000e+00
1.5546e+00	2.2574e-01	3.7791e+00	0.0000e+00
1.5381e+00	2.2765e-01	3.7767e+00	0.0000e+00
1.5165e+00	2.2979e-01	3.7743e+00	0.0000e+00
1.4941e+00	2.3189e-01	3.7725e+00	0.0000e+00
1.4757e+00	2.3368e-01	3.7704e+00	0.0000e+00
1.4636e+00	2.3509e-01	3.7683e+00	0.0000e+00
1.4577e+00	2.3583e-01	3.7662e+00	0.0000e+00
1.4554e+00	2.3575e-01	3.7643e+00	0.0000e+00
1.4532e+00	2.3541e-01	3.7624e+00	0.0000e+00
1.4491e+00	2.3526e-01	3.7601e+00	0.0000e+00
1.4422e+00	2.3523e-01	3.7574e+00	0.0000e+00
1.4316e+00	2.3533e-01	3.7544e+00	0.0000e+00
1.4192e+00	2.3542e-01	3.7516e+00	0.0000e+00
1.4076e+00	2.3549e-01	3.7493e+00	0.0000e+00
1.3999e+00	2.3553e-01	3.7477e+00	0.0000e+00
1.3985e+00	2.3550e-01	3.7483e+00	0.0000e+00
1.4043e+00	2.3525e-01	3.7518e+00	0.0000e+00
1.4148e+00	2.3443e-01	3.7559e+00	0.0000e+00
1.4264e+00	2.3286e-01	3.7603e+00	0.0000e+00
1.4343e+00	2.3153e-01	3.7625e+00	0.0000e+00
1.4402e+00	2.3080e-01	3.7625e+00	0.0000e+00
1.4515e+00	2.3001e-01	3.7619e+00	0.0000e+00
1.4667e+00	2.2916e-01	3.7615e+00	0.0000e+00
1.4827e+00	2.2825e-01	3.7631e+00	0.0000e+00
1.4954e+00	2.2740e-01	3.7662e+00	0.0000e+00
1.5017e+00	2.2675e-01	3.7749e+00	0.0000e+00
1.5011e+00	2.2660e-01	3.7888e+00	0.0000e+00
1.4961e+00	2.2719e-01	3.8109e+00	0.0000e+00
1.4895e+00	2.2817e-01	3.8446e+00	0.0000e+00
1.4826e+00	2.2909e-01	3.8747e+00	1.0000e+00
1.4754e+00	2.3002e-01	3.9040e+00	0.0000e+00
1.4679e+00	2.3101e-01	3.9285e+00	0.0000e+00
1.4604e+00	2.3216e-01	3.9446e+00	0.0000e+00
1.4535e+00	2.3307e-01	3.9508e+00	0.0000e+00
1.4470e+00	2.3376e-01	3.9486e+00	0.0000e+00
1.4406e+00	2.3441e-01	3.9421e+00	0.0000e+00
1.4340e+00	2.3513e-01	3.9348e+00	0.0000e+00
1.4305e+00	2.3589e-01	3.9285e+00	0.0000e+00
1.4244e+00	2.3660e-01	3.9227e+00	0.0000e+00
1.4175e+00	2.3707e-01	3.9179e+00	0.0000e+00
1.4116e+00	2.3741e-01	3.9150e+00	0.0000e+00
1.4081e+00	2.3763e-01	3.9103e+00	0.0000e+00
1.4077e+00	2.3759e-01	3.9027e+00	0.0000e+00
1.4083e+00	2.3736e-01	3.8952e+00	0.0000e+00
1.4050e+00	2.3775e-01	3.8869e+00	0.0000e+00
1.3964e+00	2.3864e-01	3.8783e+00	0.0000e+00
1.3846e+00	2.3968e-01	3.8699e+00	0.0000e+00
1.3733e+00	2.4061e-01	3.8618e+00	0.0000e+00
1.3661e+00	2.4137e-01	3.8544e+00	0.0000e+00
1.3642e+00	2.4197e-01	3.8482e+00	0.0000e+00
1.3658e+00	2.4234e-01	3.8436e+00	0.0000e+00
1.3655e+00	2.4288e-01	3.8418e+00	0.0000e+00
1.3594e+00	2.4370e-01	3.8443e+00	0.0000e+00
1.3485e+00	2.4460e-01	3.8499e+00	0.0000e+00
1.3362e+00	2.4529e-01	3.8569e+00	0.0000e+00
1.3285e+00	2.4561e-01	3.8634e+00	0.0000e+00
1.3295e+00	2.4561e-01	3.8691e+00	0.0000e+00
1.3394e+00	2.4532e-01	3.8742e+00	0.0000e+00
1.3540e+00	2.4456e-01	3.8790e+00	0.0000e+00
1.3661e+00	2.4361e-01	3.8829e+00	0.0000e+00
1.3699e+00	2.4307e-01	3.8856e+00	0.0000e+00
1.3633e+00	2.4321e-01	3.8859e+00	0.0000e+00
1.3490e+00	2.4436e-01	3.8834e+00	0.0000e+00
1.3333e+00	2.4577e-01	3.8774e+00	0.0000e+00
1.3209e+00	2.4681e-01	3.8727e+00	0.0000e+00
1.3144e+00	2.4746e-01	3.8675e+00	0.0000e+00
1.3138e+00	2.4760e-01	3.8634e+00	0.0000e+00
1.3176e+00	2.4720e-01	3.8614e+00	0.0000e+00
1.3254e+00	2.4676e-01	3.8583e+00	0.0000e+00
1.3350e+00	2.4630e-01	3.8549e+00	0.0000e+00
1.3431e+00	2.4583e-01	3.8533e+00	0.0000e+00
1.3474e+00	2.4538e-01	3.8532e+00	0.0000e+00
1.3468e+00	2.4503e-01	3.8548e+00	0.0000e+00
1.3419e+00	2.4500e-01	3.8568e+00	0.0000e+00
1.3357e+00	2.4570e-01	3.8581e+00	0.0000e+00
1.3301e+00	2.4653e-01	3.8586e+00	0.0000e+00
1.3225e+00	2.4760e-01	3.8582e+00	0.0000e+00
1.3119e+00	2.4903e-01	3.8569e+00	0.0000e+00
1.2973e+00	2.5063e-01	3.8550e+00	0.0000e+00
1.2812e+00	2.5209e-01	3.8525e+00	0.0000e+00
1.2671e+00	2.5334e-01	3.8493e+00	0.0000e+00
1.2578e+00	2.5437e-01	3.8460e+00	0.0000e+00
1.2530e+00	2.5501e-01	3.8435e+00	0.0000e+00
1.2499e+00	2.5546e-01	3.8409e+00	0.0000e+00
1.2456e+00	2.5618e-01	3.8381e+00	0.0000e+00
1.2387e+00	2.5733e-01	3.8351e+00	0.0000e+00
1.2304e+00	2.5878e-01	3.8321e+00	0.0000e+00
1.2229e+00	2.6024e-01	3.8291e+00	0.0000e+00
1.2178e+00	2.6114e-01	3.8263e+00	0.0000e+00
1.2150e+00	2.6151e-01	3.8245e+00	0.0000e+00
1.2137e+00	2.6145e-01	3.8249e+00	0.0000e+00
1.2126e+00	2.6141e-01	3.8261e+00	0.0000e+00
1.2107e+00	2.6150e-01	3.8270e+00	0.0000e+00
1.2081e+00	2.6174e-01	3.8272e+00	0.0000e+00
1.2050e+00	2.6212e-01	3.8267e+00	0.0000e+00
1.2017e+00	2.6266e-01	3.8257e+00	0.0000e+00
1.1988e+00	2.6341e-01	3.8256e+00	0.0000e+00
1.1975e+00	2.6389e-01	3.8244e+00	0.0000e+00
1.2018e+00	2.6327e-01	3.8192e+00	0.0000e+00
1.2125e+00	2.6219e-01	3.8121e+00	0.0000e+00
1.2283e+00	2.6082e-01	3.8066e+00	0.0000e+00
1.2453e+00	2.5910e-01	3.8037e+00	0.0000e+00
1.2593e+00	2.5737e-01	3.8033e+00	0.0000e+00
1.2682e+00	2.5618e-01	3.8043e+00	0.0000e+00
1.2746e+00	2.5555e-01	3.8046e+00	0.0000e+00
1.2830e+00	2.5489e-01	3.8041e+00	0.0000e+00
1.2961e+00	2.5338e-01	3.8028e+00	0.0000e+00
1.3119e+00	2.5071e-01	3.8030e+00	0.0000e+00
1.3248e+00	2.4927e-01	3.8050e+00	0.0000e+00
1.3289e+00	2.4920e-01	3.8089e+00	0.0000e+00
1.3237e+00	2.4976e-01	3.8138e+00	0.0000e+00
1.3132e+00	2.5067e-01	3.8189e+00	0.0000e+00
1.3024e+00	2.5155e-01	3.8232e+00	0.0000e+00
1.2944e+00	2.5232e-01	3.8264e+00	0.0000e+00
1.2901e+00	2.5308e-01	3.8284e+00	0.0000e+00
1.2886e+00	2.5374e-01	3.8295e+00	0.0000e+00
1.2880e+00	2.5418e-01	3.8297e+00	0.0000e+00
1.2874e+00	2.5453e-01	3.8292e+00	0.0000e+00
1.2871e+00	2.5470e-01	3.8281e+00	0.0000e+00
1.2873e+00	2.5475e-01	3.8267e+00	0.0000e+00
1.2874e+00	2.5491e-01	3.8253e+00	0.0000e+00
1.2875e+00	2.5520e-01	3.8236e+00	0.0000e+00
1.2872e+00	2.5578e-01	3.8213e+00	0.0000e+00
1.2866e+00	2.5690e-01	3.8187e+00	0.0000e+00
1.2849e+00	2.5850e-01	3.8167e+00	0.0000e+00
1.2830e+00	2.5966e-01	3.8160e+00	0.0000e+00
1.2819e+00	2.6013e-01	3.8149e+00	0.0000e+00
1.2829e+00	2.6004e-01	3.8137e+00	0.0000e+00
1.2871e+00	2.5932e-01	3.8121e+00	0.0000e+00
1.2930e+00	2.5816e-01	3.8109e+00	0.0000e+00
1.2978e+00	2.5728e-01	3.8119e+00	0.0000e+00
1.2995e+00	2.5694e-01	3.8149e+00	0.0000e+00
1.2983e+00	2.5700e-01	3.8210e+00	0.0000e+00
1.2957e+00	2.5806e-01	3.8306e+00	0.0000e+00
1.2934e+00	2.5955e-01	3.8436e+00	0.0000e+00
1.2920e+00	2.6035e-01	3.8589e+00	0.0000e+00
1.2914e+00	2.6073e-01	3.8745e+00	0.0000e+00
1.2910e+00	2.6077e-01	3.8885e+00	0.0000e+00
1.2892e+00	2.6107e-01	3.8995e+00	0.0000e+00
1.2836e+00	2.6215e-01	3.9075e+00	0.0000e+00
1.2746e+00	2.6367e-01	3.9126e+00	0.0000e+00
1.2646e+00	2.6515e-01	3.9152e+00	0.0000e+00
1.2559e+00	2.6652e-01	3.9169e+00	0.0000e+00
1.2503e+00	2.6788e-01	3.9185e+00	0.0000e+00
1.2484e+00	2.6902e-01	3.9204e+00	0.0000e+00
1.2490e+00	2.6952e-01	3.9229e+00	0.0000e+00
1.2497e+00	2.6952e-01	3.9253e+00	0.0000e+00
1.2509e+00	2.6879e-01	3.9289e+00	0.0000e+00
1.2554e+00	2.6709e-01	3.9321e+00	0.0000e+00
1.2654e+00	2.6504e-01	3.9332e+00	0.0000e+00
1.2802e+00	2.6307e-01	3.9329e+00	0.0000e+00
1.2968e+00	2.6123e-01	3.9313e+00	0.0000e+00
1.3127e+00	2.5932e-01	3.9288e+00	0.0000e+00
1.3268e+00	2.5745e-01	3.9257e+00	0.0000e+00
1.3402e+00	2.5576e-01	3.9224e+00	0.0000e+00
1.3540e+00	2.5418e-01	3.9190e+00	0.0000e+00
1.3669e+00	2.5268e-01	3.9155e+00	0.0000e+00
1.3777e+00	2.5117e-01	3.9118e+00	0.0000e+00
1.3855e+00	2.5003e-01	3.9081e+00	0.0000e+00
1.3908e+00	2.4926e-01	3.9044e+00	0.0000e+00
1.3945e+00	2.4868e-01	3.9009e+00	0.0000e+00
1.3958e+00	2.4830e-01	3.8976e+00	0.0000e+00
1.3952e+00	2.4841e-01	3.8954e+00	0.0000e+00
1.3932e+00	2.4857e-01	3.8952e+00	0.0000e+00
1.3896e+00	2.4882e-01	3.8992e+00	0.0000e+00
1.3842e+00	2.4924e-01	3.9075e+00	0.0000e+00
1.3758e+00	2.4991e-01	3.9154e+00	0.0000e+00
1.3654e+00	2.5080e-01	3.9222e+00	0.0000e+00
1.3567e+00	2.5154e-01	3.9270e+00	0.0000e+00
1.3549e+00	2.5179e-01	3.9314e+00	0.0000e+00
1.3574e+00	2.5184e-01	3.9350e+00	0.0000e+00
1.3586e+00	2.5187e-01	3.9368e+00	0.0000e+00
1.3566e+00	2.5199e-01	3.9370e+00	0.0000e+00
1.3510e+00	2.5224e-01	3.9364e+00	0.0000e+00
1.3432e+00	2.5267e-01	3.9358e+00	0.0000e+00
1.3354e+00	2.5353e-01	3.9357e+00	0.0000e+00
1.3302e+00	2.5507e-01	3.9358e+00	0.0000e+00
1.3277e+00	2.5690e-01	3.9355e+00	0.0000e+00
1.3269e+00	2.5856e-01	3.9347e+00	0.0000e+00
1.3266e+00	2.6021e-01	3.9326e+00	0.0000e+00
1.3267e+00	2.6165e-01	3.9288e+00	0.0000e+00
1.3277e+00	2.6247e-01	3.9231e+00	0.0000e+00
1.3294e+00	2.6235e-01	3.9160e+00	0.0000e+00
1.3316e+00	2.6185e-01	3.9067e+00	0.0000e+00
1.3337e+00	2.6125e-01	3.8992e+00	0.0000e+00
1.3360e+00	2.6051e-01	3.8918e+00	0.0000e+00
1.3389e+00	2.5963e-01	3.8855e+00	0.0000e+00
1.3423e+00	2.5889e-01	3.8828e+00	0.0000e+00
1.3446e+00	2.5879e-01	3.8815e+00	0.0000e+00
1.3444e+00	2.5947e-01	3.8812e+00	0.0000e+00
1.3419e+00	2.6077e-01	3.8807e+00	0.0000e+00
1.3384e+00	2.6249e-01	3.8796e+00	0.0000e+00
1.3351e+00	2.6410e-01	3.8784e+00	0.0000e+00
1.3326e+00	2.6517e-01	3.8774e+00	0.0000e+00
1.3306e+00	2.6588e-01	3.8770e+00	0.0000e+00
1.3289e+00	2.6658e-01	3.8787e+00	0.0000e+00
1.3272e+00	2.6756e-01	3.8814e+00	0.0000e+00
1.3248e+00	2.6864e-01	3.8840e+00	0.0000e+00
1.3219e+00	2.6956e-01	3.8860e+00	0.0000e+00
1.3187e+00	2.7022e-01	3.8873e+00	0.0000e+00
1.3161e+00	2.7067e-01	3.8886e+00	0.0000e+00
1.3149e+00	2.7074e-01	3.8897e+00	0.0000e+00
1.3147e+00	2.7052e-01	3.8896e+00	0.0000e+00
1.3142e+00	2.7017e-01	3.8877e+00	0.0000e+00
1.3114e+00	2.7019e-01	3.8851e+00	0.0000e+00
1.3034e+00	2.7086e-01	3.8789e+00	0.0000e+00
1.2887e+00	2.7228e-01	3.8711e+00	0.0000e+00
1.2702e+00	2.7381e-01	3.8657e+00	0.0000e+00
1.2517e+00	2.7519e-01	3.8618e+00	0.0000e+00
1.2364e+00	2.7644e-01	3.8588e+00	0.0000e+00
1.2262e+00	2.7770e-01	3.8554e+00	0.0000e+00
1.2214e+00	2.7887e-01	3.8519e+00	0.0000e+00
1.2194e+00	2.7977e-01	3.8508e+00	0.0000e+00
1.2176e+00	2.8077e-01	3.8554e+00	0.0000e+00
1.2178e+00	2.8100e-01	3.8688e+00	0.0000e+00
1.2219e+00	2.8082e-01	3.8892e+00	0.0000e+00
1.2295e+00	2.8059e-01	3.9088e+00	0.0000e+00
1.2362e+00	2.8047e-01	3.9257e+00	0.0000e+00
1.2363e+00	2.8052e-01	3.9412e+00	0.0000e+00
1.2305e+00	2.8071e-01	3.9554e+00	0.0000e+00
1.2259e+00	2.8092e-01	3.9692e+00	0.0000e+00
1.2272e+00	2.8104e-01	3.9840e+00	0.0000e+00
1.2350e+00	2.8103e-01	4.0006e+00	0.0000e+00
1.2466e+00	2.8071e-01	4.0181e+00	0.0000e+00
1.2572e+00	2.7974e-01	4.0349e+00	0.0000e+00
1.2615e+00	2.7911e-01	4.0491e+00	0.0000e+00
1.2616e+00	2.7936e-01	4.0600e+00	0.0000e+00
1.2609e+00	2.7972e-01	4.0703e+00	0.0000e+00
1.2607e+00	2.7986e-01	4.0794e+00	0.0000e+00
1.2611e+00	2.7986e-01	4.0864e+00	0.0000e+00
1.2618e+00	2.7980e-01	4.0920e+00	1.0000e+00
1.2623e+00	2.7959e-01	4.0973e+00	0.0000e+00
1.2623e+00	2.7916e-01	4.1037e+00	0.0000e+00
1.2625e+00	2.7871e-01	4.1106e+00	0.0000e+00
1.2648e+00	2.7821e-01	4.1171e+00	0.0000e+00
1.2692e+00	2.7763e-01	4.1225e+00	0.0000e+00
1.2734e+00	2.7682e-01	4.1251e+00	0.0000e+00
1.2776e+00	2.7597e-01	4.1250e+00	0.0000e+00
1.2817e+00	2.7559e-01	4.1233e+00	0.0000e+00
1.2854e+00	2.7562e-01	4.1226e+00	0.0000e+00
1.2864e+00	2.7608e-01	4.1251e+00	0.0000e+00
1.2817e+00	2.7682e-01	4.1314e+00	0.0000e+00
1.2723e+00	2.7766e-01	4.1412e+00	0.0000e+00
1.2608e+00	2.7853e-01	4.1525e+00	0.0000e+00
1.2510e+00	2.7935e-01	4.1630e+00	0.0000e+00
1.2458e+00	2.8001e-01	4.1714e+00	0.0000e+00
1.2461e+00	2.8021e-01	4.1777e+00	0.0000e+00
1.2488e+00	2.8021e-01	4.1833e+00	0.0000e+00
1.2469e+00	2.8108e-01	4.1884e+00	0.0000e+00
1.2384e+00	2.8234e-01	4.1930e+00	0.0000e+00
1.2247e+00	2.8373e-01	4.1981e+00	0.0000e+00
1.2096e+00	2.8511e-01	4.2030e+00	0.0000e+00
1.1975e+00	2.8637e-01	4.2069e+00	0.0000e+00
1.1904e+00	2.8739e-01	4.2094e+00	0.0000e+00
1.1858e+00	2.8809e-01	4.2103e+00	0.0000e+00
1.1795e+00	2.8878e-01	4.2096e+00	0.0000e+00
1.1687e+00	2.8967e-01	4.2072e+00	0.0000e+00
1.1559e+00	2.9068e-01	4.2122e+00	0.0000e+00
1.1447e+00	2.9167e-01	4.2371e+00	0.0000e+00
1.1386e+00	2.9253e-01	4.2643e+00	0.0000e+00
1.1377e+00	2.9308e-01	4.2808e+00	0.0000e+00
1.1395e+00	2.9332e-01	4.2860e+00	0.0000e+00
1.1414e+00	2.9360e-01	4.2829e+00	0.0000e+00
1.1435e+00	2.9396e-01	4.2744e+00	0.0000e+00
1.1462e+00	2.9416e-01	4.2565e+00	0.0000e+00
1.1496e+00	2.9404e-01	4.2183e+00	0.0000e+00
1.1536e+00	2.9360e-01	4.1751e+00	0.0000e+00
1.1579e+00	2.9294e-01	4.1344e+00	0.0000e+00
1.1628e+00	2.9228e-01	4.1029e+00	0.0000e+00
1.1678e+00	2.9183e-01	4.0827e+00	0.0000e+00
1.1724e+00	2.9172e-01	4.0721e+00	0.0000e+00
1.1768e+00	2.9162e-01	4.0680e+00	0.0000e+00
1.1817e+00	2.9092e-01	4.0677e+00	0.0000e+00
1.1869e+00	2.8953e-01	4.0697e+00	0.0000e+00
1.1927e+00	2.8792e-01	4.0730e+00	0.0000e+00
1.1936e+00	2.8789e-01	4.0768e+00	0.0000e+00
1.1925e+00	2.8944e-01	4.0806e+00	0.0000e+00
1.1895e+00	2.9160e-01	4.0837e+00	0.0000e+00
1.1888e+00	2.9240e-01	4.0858e+00	0.0000e+00
1.1865e+00	2.9326e-01	4.0864e+00	0.0000e+00
1.1850e+00	2.9406e-01	4.0857e+00	0.0000e+00
1.1861e+00	2.9472e-01	4.0838e+00	0.0000e+00
1.1907e+00	2.9493e-01	4.0813e+00	0.0000e+00
1.1979e+00	2.9352e-01	4.0777e+00	0.0000e+00
1.2054e+00	2.9120e-01	4.0745e+00	0.0000e+00
1.2129e+00	2.8972e-01	4.0712e+00	0.0000e+00
1.2205e+00	2.8875e-01	4.0667e+00	0.0000e+00
1.2275e+00	2.8818e-01	4.0641e+00	0.0000e+00
1.2436e+00	2.8643e-01	4.0607e+00	0.0000e+00
1.2668e+00	2.8426e-01	4.0563e+00	0.0000e+00
1.2925e+00	2.8186e-01	4.0537e+00	0.0000e+00
1.3147e+00	2.7966e-01	4.0503e+00	0.0000e+00
1.3301e+00	2.7767e-01	4.0464e+00	0.0000e+00
1.3375e+00	2.7595e-01	4.0436e+00	0.0000e+00
1.3382e+00	2.7516e-01	4.0411e+00	0.0000e+00
1.3372e+00	2.7501e-01	4.0387e+00	0.0000e+00
1.3371e+00	2.7463e-01	4.0363e+00	0.0000e+00
1.3381e+00	2.7437e-01	4.0340e+00	0.0000e+00
1.3406e+00	2.7454e-01	4.0320e+00	0.0000e+00
1.3424e+00	2.7509e-01	4.0303e+00	0.0000e+00
1.3420e+00	2.7571e-01	4.0287e+00	0.0000e+00
1.3393e+00	2.7632e-01	4.0269e+00	0.0000e+00
1.3333e+00	2.7694e-01	4.0251e+00	0.0000e+00
1.3223e+00	2.7778e-01	4.0231e+00	0.0000e+00
1.3055e+00	2.7900e-01	4.0208e+00	0.0000e+00
1.2864e+00	2.8010e-01	4.0188e+00	0.0000e+00
1.2691e+00	2.8102e-01	4.0169e+00	0.0000e+00
1.2552e+00	2.8204e-01	4.0144e+00	0.0000e+00
1.2455e+00	2.8328e-01	4.0129e+00	0.0000e+00
1.2382e+00	2.8495e-01	4.0112e+00	0.0000e+00
1.2324e+00	2.8678e-01	4.0087e+00	0.0000e+00
1.2302e+00	2.8805e-01	4.0064e+00	0.0000e+00
1.2288e+00	2.8857e-01	4.0038e+00	0.0000e+00
1.2263e+00	2.8924e-01	4.0014e+00	0.0000e+00
1.2238e+00	2.8981e-01	3.9995e+00	0.0000e+00
1.2227e+00	2.9005e-01	3.9982e+00	0.0000e+00
1.2230e+00	2.8997e-01	3.9975e+00	0.0000e+00
1.2228e+00	2.8984e-01	3.9979e+00	0.0000e+00
1.2190e+00	2.9023e-01	4.0033e+00	0.0000e+00
1.2062e+00	2.9185e-01	4.0220e+00	0.0000e+00
1.1848e+00	2.9412e-01	4.0414e+00	0.0000e+00
1.1593e+00	2.9611e-01	4.0400e+00	0.0000e+00
1.1356e+00	2.9760e-01	4.0241e+00	0.0000e+00
1.1177e+00	2.9870e-01	4.0039e+00	0.0000e+00
1.1078e+00	2.9943e-01	3.9856e+00	0.0000e+00
1.1052e+00	2.9954e-01	3.9721e+00	0.0000e+00
1.1064e+00	2.9857e-01	3.9635e+00	0.0000e+00
1.1088e+00	2.9653e-01	3.9582e+00	0.0000e+00
1.1117e+00	2.9401e-01	3.9561e+00	0.0000e+00
1.1160e+00	2.9126e-01	3.9554e+00	0.0000e+00
1.1229e+00	2.8827e-01	3.9547e+00	0.0000e+00
1.1347e+00	2.8544e-01	3.9548e+00	0.0000e+00
1.1521e+00	2.8332e-01	3.9566e+00	0.0000e+00
1.1734e+00	2.8193e-01	3.9597e+00	0.0000e+00
1.1955e+00	2.8096e-01	3.9631e+00	0.0000e+00
1.2138e+00	2.8027e-01	3.9660e+00	0.0000e+00
1.2243e+00	2.7984e-01	3.9681e+00	0.0000e+00
1.2257e+00	2.7987e-01	3.9693e+00	0.0000e+00
1.2227e+00	2.8028e-01	3.9697e+00	0.0000e+00
1.2206e+00	2.8000e-01	3.9695e+00	0.0000e+00
1.2198e+00	2.7900e-01	3.9689e+00	0.0000e+00
1.2193e+00	2.7753e-01	3.9678e+00	0.0000e+00
1.2188e+00	2.7625e-01	3.9665e+00	0.0000e+00
1.2179e+00	2.7534e-01	3.9651e+00	0.0000e+00
1.2166e+00	2.7466e-01	3.9642e+00	0.0000e+00
1.2153e+00	2.7379e-01	3.9649e+00	0.0000e+00
1.2148e+00	2.7246e-01	3.9665e+00	0.0000e+00
1.2148e+00	2.7161e-01	3.9684e+00	0.0000e+00
1.2146e+00	2.7210e-01	3.9721e+00	0.0000e+00
1.2143e+00	2.7338e-01	3.9757e+00	0.0000e+00
1.2143e+00	2.7412e-01	3.9780e+00	0.0000e+00
1.2146e+00	2.7435e-01	3.9797e+00	0.0000e+00
1.2156e+00	2.7469e-01	3.9806e+00	0.0000e+00
1.2177e+00	2.7519e-01	3.9808e+00	0.0000e+00
1.2211e+00	2.7550e-01	3.9803e+00	0.0000e+00
1.2246e+00	2.7558e-01	3.9796e+00	0.0000e+00
1.2274e+00	2.7520e-01	3.9792e+00	0.0000e+00
1.2280e+00	2.7512e-01	3.9798e+00	0.0000e+00
1.2260e+00	2.7593e-01	3.9790e+00	0.0000e+00
1.2222e+00	2.7780e-01	3.9772e+00	0.0000e+00
1.2172e+00	2.8008e-01	3.9742e+00	0.0000e+00
1.2128e+00	2.8132e-01	3.9707e+00	0.0000e+00
1.2104e+00	2.8101e-01	3.9682e+00	0.0000e+00
1.2084e+00	2.8000e-01	3.9658e+00	0.0000e+00
1.2028e+00	2.8079e-01	3.9635e+00	0.0000e+00
1.1916e+00	2.8242e-01	3.9615e+00	0.0000e+00
1.1756e+00	2.8396e-01	3.9603e+00	0.0000e+00
1.1575e+00	2.8528e-01	3.9607e+00	0.0000e+00
1.1408e+00	2.8661e-01	3.9630e+00	0.0000e+00
1.1256e+00	2.8819e-01	3.9650e+00	0.0000e+00
1.1055e+00	2.9027e-01	3.9680e+00	0.0000e+00
1.0788e+00	2.9273e-01	3.9713e+00	0.0000e+00
1.0508e+00	2.9467e-01	3.9734e+00	0.0000e+00
1.0285e+00	2.9593e-01	3.9752e+00	0.0000e+00
1.0168e+00	2.9682e-01	3.9761e+00	0.0000e+00
1.0161e+00	2.9699e-01	3.9756e+00	0.0000e+00
1.0221e+00	2.9567e-01	3.9741e+00	0.0000e+00
1.0282e+00	2.9406e-01	3.9720e+00	0.0000e+00
1.0323e+00	2.9338e-01	3.9692e+00	0.0000e+00
1.0336e+00	2.9412e-01	3.9662e+00	0.0000e+00
1.0346e+00	2.9474e-01	3.9635e+00	0.0000e+00
1.0380e+00	2.9451e-01	3.9612e+00	0.0000e+00
1.0436e+00	2.9377e-01	3.9590e+00	0.0000e+00
1.0492e+00	2.9307e-01	3.9569e+00	0.0000e+00
1.0523e+00	2.9237e-01	3.9546e+00	0.0000e+00
1.0575e+00	2.9093e-01	3.9522e+00	0.0000e+00
1.0684e+00	2.8919e-01	3.9498e+00	0.0000e+00
1.0847e+00	2.8737e-01	3.9475e+00	0.0000e+00
1.1026e+00	2.8559e-01	3.9448e+00	0.0000e+00
1.1174e+00	2.8398e-01	3.9427e+00	0.0000e+00
1.1264e+00	2.8271e-01	3.9414e+00	0.0000e+00
1.1282e+00	2.8219e-01	3.9396e+00	0.0000e+00
1.1262e+00	2.8216e-01	3.9384e+00	0.0000e+00
1.1256e+00	2.8166e-01	3.9383e+00	0.0000e+00
1.1289e+00	2.8069e-01	3.9388e+00	0.0000e+00
1.1366e+00	2.7954e-01	3.9399e+00	0.0000e+00
1.1503e+00	2.7820e-01	3.9414e+00	0.0000e+00
1.1697e+00	2.7678e-01	3.9429e+00	0.0000e+00
1.1917e+00	2.7537e-01	3.9445e+00	0.0000e+00
1.2123e+00	2.7399e-01	3.9460e+00	0.0000e+00
1.2268e+00	2.7272e-01	3.9473e+00	0.0000e+00
1.2329e+00	2.7176e-01	3.9478e+00	0.0000e+00
1.2316e+00	2.7163e-01	3.9484e+00	0.0000e+00
1.2277e+00	2.7247e-01	3.9489e+00	0.0000e+00
1.2238e+00	2.7372e-01	3.9507e+00	0.0000e+00
1.2207e+00	2.7471e-01	3.9548e+00	0.0000e+00
1.2187e+00	2.7499e-01	3.9605e+00	0.0000e+00
1.2171e+00	2.7476e-01	3.9668e+00	0.0000e+00
1.2155e+00	2.7436e-01	3.9726e+00	0.0000e+00
1.2134e+00	2.7410e-01	3.9776e+00	0.0000e+00
1.2100e+00	2.7425e-01	3.9823e+00	0.0000e+00
1.2052e+00	2.7514e-01	3.9852e+00	0.0000e+00
1.1999e+00	2.7638e-01	3.9875e+00	0.0000e+00
1.1950e+00	2.7761e-01	3.9890e+00	0.0000e+00
1.1906e+00	2.7862e-01	3.9896e+00	0.0000e+00
1.1865e+00	2.7941e-01	3.9892e+00	0.0000e+00
1.1826e+00	2.7995e-01	3.9879e+00	0.0000e+00
1.1789e+00	2.8027e-01	3.9859e+00	0.0000e+00
1.1753e+00	2.8033e-01	3.9836e+00	0.0000e+00
1.1712e+00	2.8040e-01	3.9809e+00	0.0000e+00
1.1663e+00	2.8082e-01	3.9777e+00	0.0000e+00
1.1610e+00	2.8131e-01	3.9741e+00	0.0000e+00
1.1559e+00	2.8165e-01	3.9701e+00	0.0000e+00
1.1510e+00	2.8179e-01	3.9660e+00	0.0000e+00
1.1464e+00	2.8189e-01	3.9621e+00	0.0000e+00
1.1450e+00	2.8143e-01	3.9586e+00	0.0000e+00
1.1449e+00	2.8039e-01	3.9559e+00	0.0000e+00
1.1453e+00	2.7912e-01	3.9554e+00	0.0000e+00
1.1422e+00	2.7905e-01	3.9576e+00	0.0000e+00
1.1389e+00	2.7909e-01	3.9597e+00	0.0000e+00
1.1365e+00	2.7899e-01	3.9587e+00	0.0000e+00
1.1387e+00	2.7829e-01	3.9540e+00	0.0000e+00
1.1458e+00	2.7735e-01	3.9506e+00	0.0000e+00
1.1556e+00	2.7635e-01	3.9477e+00	0.0000e+00
1.1651e+00	2.7540e-01	3.9432e+00	0.0000e+00
1.1715e+00	2.7462e-01	3.9397e+00	0.0000e+00
1.1739e+00	2.7411e-01	3.9360e+00	0.0000e+00
1.1741e+00	2.7373e-01	3.9316e+00	0.0000e+00
1.1674e+00	2.7408e-01	3.9291e+00	0.0000e+00
1.1556e+00	2.7450e-01	3.9283e+00	0.0000e+00
1.1410e+00	2.7494e-01	3.9291e+00	0.0000e+00
1.1272e+00	2.7533e-01	3.9308e+00	0.0000e+00
1.1181e+00	2.7563e-01	3.9327e+00	0.0000e+00
1.1152e+00	2.7562e-01	3.9342e+00	0.0000e+00
1.1176e+00	2.7495e-01	3.9351e+00	0.0000e+00
1.1209e+00	2.7404e-01	3.9377e+00	0.0000e+00
1.1228e+00	2.7365e-01	3.9454e+00	0.0000e+00
1.1225e+00	2.7381e-01	3.9587e+00	0.0000e+00
1.1182e+00	2.7436e-01	3.9745e+00	0.0000e+00
1.1097e+00	2.7495e-01	3.9881e+00	0.0000e+00
1.0986e+00	2.7557e-01	3.9973e+00	0.0000e+00
1.0868e+00	2.7635e-01	4.0024e+00	0.0000e+00
1.0771e+00	2.7721e-01	4.0055e+00	0.0000e+00
1.0709e+00	2.7795e-01	4.0082e+00	0.0000e+00
1.0676e+00	2.7851e-01	4.0110e+00	0.0000e+00
1.0651e+00	2.7908e-01	4.0128e+00	0.0000e+00
1.0633e+00	2.7965e-01	4.0126e+00	0.0000e+00
1.0633e+00	2.7988e-01	4.0111e+00	0.0000e+00
1.0650e+00	2.7968e-01	4.0085e+00	0.0000e+00
1.0675e+00	2.7907e-01	4.0054e+00	0.0000e+00
1.0695e+00	2.7833e-01	4.0021e+00	0.0000e+00
1.0705e+00	2.7776e-01	3.9988e+00	0.0000e+00
1.0712e+00	2.7749e-01	3.9949e+00	0.0000e+00
1.0720e+00	2.7735e-01	3.9908e+00	0.0000e+00
1.0760e+00	2.7670e-01	3.9873e+00	0.0000e+00
1.0850e+00	2.7588e-01	3.9847e+00	0.0000e+00
1.0984e+00	2.7502e-01	3.9830e+00	0.0000e+00
1.1141e+00	2.7403e-01	3.9821e+00	0.0000e+00
1.1287e+00	2.7292e-01	3.9812e+00	0.0000e+00
1.1399e+00	2.7165e-01	3.9796e+00	0.0000e+00
1.1462e+00	2.7063e-01	3.9751e+00	0.0000e+00
1.1473e+00	2.7083e-01	3.9681e+00	0.0000e+00
1.1459e+00	2.7163e-01	3.9611e+00	0.0000e+00
1.1435e+00	2.7184e-01	3.9555e+00	0.0000e+00
1.1413e+00	2.7159e-01	3.9507e+00	0.0000e+00
1.1402e+00	2.7115e-01	3.9477e+00	0.0000e+00
1.1398e+00	2.7060e-01	3.9468e+00	0.0000e+00
1.1393e+00	2.7044e-01	3.9466e+00	0.0000e+00
1.1374e+00	2.7125e-01	3.9457e+00	0.0000e+00
1.1348e+00	2.7231e-01	3.9421e+00	0.0000e+00
1.1309e+00	2.7309e-01	3.9379e+00	0.0000e+00
1.1236e+00	2.7397e-01	3.9341e+00	0.0000e+00
1.1116e+00	2.7499e-01	3.9313e+00	0.0000e+00
1.0961e+00	2.7613e-01	3.9298e+00	0.0000e+00
1.0793e+00	2.7743e-01	3.9299e+00	0.0000e+00
1.0645e+00	2.7917e-01	3.9310e+00	0.0000e+00
1.0541e+00	2.8096e-01	3.9323e+00	0.0000e+00
1.0488e+00	2.8215e-01	3.9331e+00	0.0000e+00
1.0473e+00	2.8225e-01	3.9332e+00	0.0000e+00
1.0501e+00	2.8149e-01	3.9328e+00	0.0000e+00
1.0585e+00	2.8032e-01	3.9330e+00	0.0000e+00
1.0716e+00	2.7894e-01	3.9337e+00	0.0000e+00
1.0862e+00	2.7743e-01	3.9341e+00	0.0000e+00
1.0989e+00	2.7609e-01	3.9345e+00	0.0000e+00
1.1079e+00	2.7483e-01	3.9347e+00	0.0000e+00
1.1130e+00	2.7365e-01	3.9319e+00	0.0000e+00
1.1148e+00	2.7285e-01	3.9201e+00	0.0000e+00
1.1157e+00	2.7226e-01	3.9082e+00	0.0000e+00
1.1166e+00	2.7133e-01	3.8990e+00	0.0000e+00
1.1170e+00	2.7029e-01	3.8961e+00	0.0000e+00
1.1169e+00	2.6969e-01	3.8995e+00	0.0000e+00
1.1159e+00	2.6970e-01	3.9066e+00	0.0000e+00
1.1141e+00	2.6989e-01	3.9152e+00	0.0000e+00
1.1120e+00	2.7017e-01	3.9234e+00	0.0000e+00
1.1102e+00	2.7053e-01	3.9288e+00	0.0000e+00
1.1092e+00	2.7074e-01	3.9304e+00	0.0000e+00
1.1093e+00	2.7071e-01	3.9302e+00	0.0000e+00
1.1101e+00	2.7043e-01	3.9327e+00	0.0000e+00
1.1115e+00	2.6966e-01	3.9371e+00	0.0000e+00
1.1131e+00	2.6846e-01	3.9428e+00	0.0000e+00
1.1142e+00	2.6728e-01	3.9514e+00	0.0000e+00
1.1146e+00	2.6697e-01	3.9616e+00	0.0000e+00
1.1146e+00	2.6704e-01	3.9674e+00	0.0000e+00
1.1150e+00	2.6692e-01	3.9701e+00	0.0000e+00
1.1160e+00	2.6658e-01	3.9701e+00	0.0000e+00
1.1168e+00	2.6631e-01	3.9693e+00	0.0000e+00
1.1178e+00	2.6597e-01	3.9700e+00	0.0000e+00
1.1191e+00	2.6553e-01	3.9743e+00	0.0000e+00
1.1204e+00	2.6502e-01	3.9813e+00	0.0000e+00
1.1212e+00	2.6458e-01	3.9917e+00	0.0000e+00
1.1216e+00	2.6440e-01	4.0039e+00	0.0000e+00
1.1210e+00	2.6493e-01	4.0162e+00	0.0000e+00
1.1191e+00	2.6632e-01	4.0256e+00	0.0000e+00
1.1162e+00	2.6776e-01	4.0282e+00	0.0000e+00
1.1131e+00	2.6847e-01	4.0250e+00	0.0000e+00
1.1106e+00	2.6869e-01	4.0194e+00	0.0000e+00
1.1088e+00	2.6875e-01	4.0164e+00	0.0000e+00
1.1075e+00	2.6873e-01	4.0179e+00	0.0000e+00
1.1071e+00	2.6829e-01	4.0185e+00	0.0000e+00
1.1081e+00	2.6721e-01	4.0158e+00	0.0000e+00
1.1086e+00	2.6648e-01	4.0121e+00	0.0000e+00
1.1076e+00	2.6647e-01	4.0105e+00	0.0000e+00
1.1055e+00	2.6682e-01	4.0162e+00	0.0000e+00
1.1036e+00	2.6715e-01	4.0279e+00	0.0000e+00
1.1020e+00	2.6735e-01	4.0433e+00	0.0000e+00
1.1004e+00	2.6751e-01	4.0792e+00	0.0000e+00
1.0988e+00	2.6770e-01	4.1138e+00	0.0000e+00
1.0964e+00	2.6790e-01	4.1528e+00	0.0000e+00
1.0931e+00	2.6805e-01	4.2023e+00	0.0000e+00
1.0890e+00	2.6815e-01	4.2354e+00	0.0000e+00
1.0845e+00	2.6821e-01	4.2587e+00	0.0000e+00
1.0812e+00	2.6818e-01	4.2718e+00	0.0000e+00
1.0799e+00	2.6795e-01	4.2756e+00	0.0000e+00
1.0776e+00	2.6796e-01	4.2726e+00	0.0000e+00
1.0723e+00	2.6832e-01	4.2660e+00	0.0000e+00
1.0634e+00	2.6895e-01	4.2568e+00	0.0000e+00
1.0496e+00	2.6993e-01	4.2445e+00	0.0000e+00
1.0307e+00	2.7131e-01	4.2315e+00	0.0000e+00
1.0091e+00	2.7319e-01	4.2191e+00	0.0000e+00
9.8833e-01	2.7532e-01	4.2097e+00	0.0000e+00
9.7221e-01	2.7720e-01	4.2058e+00	0.0000e+00
9.6240e-01	2.7867e-01	4.2094e+00	0.0000e+00
9.5805e-01	2.7949e-01	4.2212e+00	0.0000e+00
9.5564e-01	2.7953e-01	4.2402e+00	0.0000e+00
9.5344e-01	2.7890e-01	4.2619e+00	0.0000e+00
9.5191e-01	2.7788e-01	4.2851e+00	0.0000e+00
9.5081e-01	2.7719e-01	4.2994e+00	0.0000e+00
9.5032e-01	2.7691e-01	4.3049e+00	0.0000e+00
9.5047e-01	2.7695e-01	4.3113e+00	0.0000e+00
9.5137e-01	2.7703e-01	4.3174e+00	0.0000e+00
9.5332e-01	2.7680e-01	4.3191e+00	0.0000e+00
9.5588e-01	2.7599e-01	4.3172e+00	0.0000e+00
9.5772e-01	2.7508e-01	4.3126e+00	0.0000e+00
9.5837e-01	2.7449e-01	4.3066e+00	0.0000e+00
9.5846e-01	2.7415e-01	4.3011e+00	0.0000e+00
9.5871e-01	2.7386e-01	4.2970e+00	0.0000e+00
9.5864e-01	2.7361e-01	4.2939e+00	0.0000e+00
9.5823e-01	2.7358e-01	4.2907e+00	0.0000e+00
9.5753e-01	2.7395e-01	4.2861e+00	0.0000e+00
9.5751e-01	2.7458e-01	4.2802e+00	0.0000e+00
9.5839e-01	2.7522e-01	4.2741e+00	0.0000e+00
9.5936e-01	2.7596e-01	4.2704e+00	0.0000e+00
9.6002e-01	2.7657e-01	4.2672e+00	0.0000e+00
9.6097e-01	2.7675e-01	4.2627e+00	0.0000e+00
9.6266e-01	2.7664e-01	4.2573e+00	0.0000e+00
9.6479e-01	2.7637e-01	4.2518e+00	0.0000e+00
9.6638e-01	2.7629e-01	4.2469e+00	0.0000e+00
9.6767e-01	2.7630e-01	4.2470e+00	0.0000e+00
9.6981e-01	2.7610e-01	4.2497e+00	0.0000e+00
9.7320e-01	2.7549e-01	4.2544e+00	0.0000e+00
9.7577e-01	2.7492e-01	4.2593e+00	0.0000e+00
9.7320e-01	2.7499e-01	4.2608e+00	0.0000e+00
9.6456e-01	2.7547e-01	4.2581e+00	0.0000e+00
9.5240e-01	2.7613e-01	4.2487e+00	0.0000e+00
9.4059e-01	2.7682e-01	4.2355e+00	0.0000e+00
9.3202e-01	2.7749e-01	4.2217e+00	0.0000e+00
9.2744e-01	2.7796e-01	4.2084e+00	0.0000e+00
9.2520e-01	2.7830e-01	4.1967e+00	0.0000e+00
9.2373e-01	2.7852e-01	4.1880e+00	0.0000e+00
9.2595e-01	2.7858e-01	4.1843e+00	0.0000e+00
9.3355e-01	2.7855e-01	4.1849e+00	0.0000e+00
9.4482e-01	2.7850e-01	4.1891e+00	0.0000e+00
9.5589e-01	2.7843e-01	4.1953e+00	0.0000e+00
9.6345e-01	2.7830e-01	4.2021e+00	0.0000e+00
9.6592e-01	2.7814e-01	4.2082e+00	0.0000e+00
9.6567e-01	2.7798e-01	4.2129e+00	0.0000e+00
9.6501e-01	2.7777e-01	4.2146e+00	0.0000e+00
9.6450e-01	2.7755e-01	4.2141e+00	0.0000e+00
9.6313e-01	2.7762e-01	4.2096e+00	0.0000e+00
9.6110e-01	2.7789e-01	4.2044e+00	0.0000e+00
9.5974e-01	2.7800e-01	4.1962e+00	0.0000e+00
9.5948e-01	2.7789e-01	4.1859e+00	0.0000e+00
9.6033e-01	2.7772e-01	4.1782e+00	0.0000e+00
9.6459e-01	2.7726e-01	4.1717e+00	0.0000e+00
9.7332e-01	2.7655e-01	4.1696e+00	0.0000e+00
9.8427e-01	2.7581e-01	4.1708e+00	0.0000e+00
9.9418e-01	2.7508e-01	4.1723e+00	0.0000e+00
9.9983e-01	2.7453e-01	4.1737e+00	0.0000e+00
1.0001e+00	2.7436e-01	4.1752e+00	0.0000e+00
9.9739e-01	2.7473e-01	4.1770e+00	0.0000e+00
9.9499e-01	2.7516e-01	4.1788e+00	0.0000e+00
9.9368e-01	2.7548e-01	4.1808e+00	0.0000e+00
9.9262e-01	2.7569e-01	4.1835e+00	0.0000e+00
9.9139e-01	2.7596e-01	4.1886e+00	0.0000e+00
9.8620e-01	2.7717e-01	4.1978e+00	0.0000e+00
9.7479e-01	2.7900e-01	4.2121e+00	0.0000e+00
9.5882e-01	2.8084e-01	4.2314e+00	0.0000e+00
9.4126e-01	2.8260e-01	4.2569e+00	0.0000e+00
9.2558e-01	2.8438e-01	4.2785e+00	0.0000e+00
9.1416e-01	2.8602e-01	4.2914e+00	0.0000e+00
9.0815e-01	2.8708e-01	4.2988e+00	0.0000e+00
9.0687e-01	2.8706e-01	4.3063e+00	0.0000e+00
9.0705e-01	2.8659e-01	4.3136e+00	0.0000e+00
9.0701e-01	2.8671e-01	4.3193e+00	0.0000e+00
9.0635e-01	2.8723e-01	4.3274e+00	0.0000e+00
9.0521e-01	2.8788e-01	4.3377e+00	0.0000e+00
9.0420e-01	2.8859e-01	4.3486e+00	0.0000e+00
9.0401e-01	2.8886e-01	4.3589e+00	0.0000e+00
9.0447e-01	2.8821e-01	4.3689e+00	0.0000e+00
9.0433e-01	2.8763e-01	4.3791e+00	0.0000e+00
9.0330e-01	2.8795e-01	4.3893e+00	0.0000e+00
9.0209e-01	2.8907e-01	4.3990e+00	0.0000e+00
9.0145e-01	2.9083e-01	4.4073e+00	0.0000e+00
9.0152e-01	2.9281e-01	4.4133e+00	0.0000e+00
9.0218e-01	2.9418e-01	4.4166e+00	0.0000e+00
9.0361e-01	2.9445e-01	4.4175e+00	0.0000e+00
9.0536e-01	2.9432e-01	4.4155e+00	0.0000e+00
9.0655e-01	2.9451e-01	4.4095e+00	0.0000e+00
9.0610e-01	2.9543e-01	4.4044e+00	0.0000e+00
9.0147e-01	2.9710e-01	4.3988e+00	0.0000e+00
8.9175e-01	2.9900e-01	4.3881e+00	0.0000e+00
8.7846e-01	3.0067e-01	4.3760e+00	0.0000e+00
8.6404e-01	3.0231e-01	4.3588e+00	0.0000e+00
8.5117e-01	3.0400e-01	4.3371e+00	0.0000e+00
8.4209e-01	3.0565e-01	4.3219e+00	0.0000e+00
8.3770e-01	3.0727e-01	4.3095e+00	0.0000e+00
8.3724e-01	3.0842e-01	4.2990e+00	0.0000e+00
8.3869e-01	3.0870e-01	4.2898e+00	0.0000e+00
8.4109e-01	3.0844e-01	4.2798e+00	0.0000e+00
8.4370e-01	3.0796e-01	4.2707e+00	0.0000e+00
8.4541e-01	3.0759e-01	4.2637e+00	0.0000e+00
8.4643e-01	3.0735e-01	4.2580e+00	0.0000e+00
8.4727e-01	3.0724e-01	4.2529e+00	0.0000e+00
8.5153e-01	3.0660e-01	4.2481e+00	0.0000e+00
8.6066e-01	3.0552e-01	4.2444e+00	0.0000e+00
8.7337e-01	3.0443e-01	4.2424e+00	0.0000e+00
8.8724e-01	3.0343e-01	4.2419e+00	0.0000e+00
8.9969e-01	3.0255e-01	4.2422e+00	0.0000e+00
9.0851e-01	3.0185e-01	4.2425e+00	0.0000e+00
9.1286e-01	3.0125e-01	4.2426e+00	0.0000e+00
9.1399e-01	3.0073e-01	4.2423e+00	0.0000e+00
9.1409e-01	3.0019e-01	4.2420e+00	0.0000e+00
9.1400e-01	2.9968e-01	4.2419e+00	0.0000e+00
9.1363e-01	2.9921e-01	4.2420e+00	0.0000e+00
9.1343e-01	2.9871e-01	4.2422e+00	0.0000e+00
9.1325e-01	2.9822e-01	4.2427e+00	0.0000e+00
9.1243e-01	2.9802e-01	4.2435e+00	0.0000e+00
9.1253e-01	2.9805e-01	4.2449e+00	0.0000e+00
9.1713e-01	2.9792e-01	4.2467e+00	0.0000e+00
9.2753e-01	2.9743e-01	4.2489e+00	0.0000e+00
9.4182e-01	2.9635e-01	4.2504e+00	0.0000e+00
9.5733e-01	2.9434e-01	4.2507e+00	0.0000e+00
9.7131e-01	2.9181e-01	4.2513e+00	0.0000e+00
9.8315e-01	2.8964e-01	4.2536e+00	0.0000e+00
9.9546e-01	2.8829e-01	4.2591e+00	0.0000e+00
1.0095e+00	2.8744e-01	4.2687e+00	0.0000e+00
1.0238e+00	2.8673e-01	4.2819e+00	0.0000e+00
1.0355e+00	2.8598e-01	4.2972e+00	0.0000e+00
1.0427e+00	2.8528e-01	4.3156e+00	0.0000e+00
1.0469e+00	2.8472e-01	4.3302e+00	0.0000e+00
1.0515e+00	2.8410e-01	4.3364e+00	0.0000e+00
1.0560e+00	2.8353e-01	4.3416e+00	0.0000e+00
1.0589e+00	2.8318e-01	4.3456e+00	0.0000e+00
1.0604e+00	2.8305e-01	4.3468e+00	0.0000e+00
1.0631e+00	2.8296e-01	4.3464e+00	0.0000e+00
1.0659e+00	2.8308e-01	4.3430e+00	0.0000e+00
1.0647e+00	2.8339e-01	4.3384e+00	0.0000e+00
1.0587e+00	2.8387e-01	4.3346e+00	0.0000e+00
1.0492e+00	2.8469e-01	4.3357e+00	0.0000e+00
1.0392e+00	2.8594e-01	4.3433e+00	0.0000e+00
1.0327e+00	2.8732e-01	4.3591e+00	0.0000e+00
1.0300e+00	2.8835e-01	4.3883e+00	0.0000e+00
1.0283e+00	2.8936e-01	4.4254e+00	0.0000e+00
1.0265e+00	2.9059e-01	4.4034e+00	0.0000e+00
1.0244e+00	2.9205e-01	4.3347e+00	0.0000e+00
1.0223e+00	2.9397e-01	4.2704e+00	0.0000e+00
1.0205e+00	2.9603e-01	4.2294e+00	0.0000e+00
1.0197e+00	2.9750e-01	4.2108e+00	0.0000e+00
1.0201e+00	2.9799e-01	4.2076e+00	0.0000e+00
1.0218e+00	2.9751e-01	4.2119e+00	0.0000e+00
1.0248e+00	2.9665e-01	4.2184e+00	0.0000e+00
1.0289e+00	2.9564e-01	4.2219e+00	0.0000e+00
1.0343e+00	2.9510e-01	4.2212e+00	0.0000e+00
1.0402e+00	2.9539e-01	4.2133e+00	0.0000e+00
1.0455e+00	2.9671e-01	4.1999e+00	0.0000e+00
1.0486e+00	2.9898e-01	4.1821e+00	0.0000e+00
1.0500e+00	3.0135e-01	4.1617e+00	0.0000e+00
1.0500e+00	3.0337e-01	4.1400e+00	0.0000e+00
1.0488e+00	3.0462e-01	4.1192e+00	0.0000e+00
1.0468e+00	3.0503e-01	4.1011e+00	0.0000e+00
1.0440e+00	3.0521e-01	4.0873e+00	0.0000e+00
1.0416e+00	3.0532e-01	4.0791e+00	0.0000e+00
1.0402e+00	3.0530e-01	4.0761e+00	0.0000e+00
1.0400e+00	3.0510e-01	4.0772e+00	0.0000e+00
1.0402e+00	3.0515e-01	4.0780e+00	0.0000e+00
1.0404e+00	3.0548e-01	4.0738e+00	0.0000e+00
1.0413e+00	3.0570e-01	4.0637e+00	0.0000e+00
1.0428e+00	3.0569e-01	4.0546e+00	0.0000e+00
1.0444e+00	3.0540e-01	4.0463e+00	0.0000e+00
1.0455e+00	3.0477e-01	4.0363e+00	0.0000e+00
1.0460e+00	3.0387e-01	4.0283e+00	0.0000e+00
1.0466e+00	3.0313e-01	4.0201e+00	0.0000e+00
1.0469e+00	3.0336e-01	4.0145e+00	0.0000e+00
1.0463e+00	3.0504e-01	4.0075e+00	0.0000e+00
1.0450e+00	3.0703e-01	3.9993e+00	0.0000e+00
1.0437e+00	3.0834e-01	3.9936e+00	0.0000e+00
1.0429e+00	3.0871e-01	3.9869e+00	0.0000e+00
1.0420e+00	3.0861e-01	3.9791e+00	0.0000e+00
1.0398e+00	3.0873e-01	3.9704e+00	0.0000e+00
1.0369e+00	3.0900e-01	3.9616e+00	0.0000e+00
1.0343e+00	3.0930e-01	3.9537e+00	0.0000e+00
1.0319e+00	3.0968e-01	3.9468e+00	0.0000e+00
1.0303e+00	3.1026e-01	3.9410e+00	0.0000e+00
1.0286e+00	3.1133e-01	3.9364e+00	0.0000e+00
1.0280e+00	3.1201e-01	3.9331e+00	0.0000e+00
1.0311e+00	3.1159e-01	3.9309e+00	0.0000e+00
1.0381e+00	3.1070e-01	3.9297e+00	0.0000e+00
1.0472e+00	3.0968e-01	3.9296e+00	0.0000e+00
1.0549e+00	3.0892e-01	3.9299e+00	0.0000e+00
1.0563e+00	3.0861e-01	3.9304e+00	0.0000e+00
1.0498e+00	3.0872e-01	3.9317e+00	0.0000e+00
1.0397e+00	3.0916e-01	3.9333e+00	0.0000e+00
1.0300e+00	3.0975e-01	3.9343e+00	0.0000e+00
1.0227e+00	3.1045e-01	3.9344e+00	0.0000e+00
1.0191e+00	3.1119e-01	3.9340e+00	0.0000e+00
1.0179e+00	3.1184e-01	3.9334e+00	0.0000e+00
1.0175e+00	3.1214e-01	3.9335e+00	0.0000e+00
1.0173e+00	3.1212e-01	3.9343e+00	0.0000e+00
1.0179e+00	3.1160e-01	3.9355e+00	0.0000e+00
1.0193e+00	3.1088e-01	3.9370e+00	0.0000e+00
1.0209e+00	3.1031e-01	3.9380e+00	0.0000e+00
1.0227e+00	3.0988e-01	3.9383e+00	0.0000e+00
1.0241e+00	3.0947e-01	3.9381e+00	0.0000e+00
1.0219e+00	3.0947e-01	3.9379e+00	0.0000e+00
1.0144e+00	3.0982e-01	3.9393e+00	0.0000e+00
1.0036e+00	3.1032e-01	3.9429e+00	0.0000e+00
9.9282e-01	3.1094e-01	3.9484e+00	0.0000e+00
9.8468e-01	3.1175e-01	3.9552e+00	0.0000e+00
9.8067e-01	3.1262e-01	3.9624e+00	0.0000e+00
9.7965e-01	3.1325e-01	3.9702e+00	0.0000e+00
9.7930e-01	3.1376e-01	3.9764e+00	0.0000e+00
9.7944e-01	3.1413e-01	3.9800e+00	0.0000e+00
9.8074e-01	3.1422e-01	3.9822e+00	0.0000e+00
9.8287e-01	3.1392e-01	3.9829e+00	0.0000e+00
9.8501e-01	3.1321e-01	3.9826e+00	0.0000e+00
9.8869e-01	3.1197e-01	3.9833e+00	0.0000e+00
9.9796e-01	3.1057e-01	3.9851e+00	0.0000e+00
1.0139e+00	3.0914e-01	3.9857e+00	0.0000e+00
1.0342e+00	3.0759e-01	3.9838e+00	0.0000e+00
1.0564e+00	3.0598e-01	3.9780e+00	0.0000e+00
1.0777e+00	3.0448e-01	3.9697e+00	0.0000e+00
1.0989e+00	3.0303e-01	3.9613e+00	0.0000e+00
1.1192e+00	3.0165e-01	3.9543e+00	0.0000e+00
1.1366e+00	3.0043e-01	3.9485e+00	0.0000e+00
1.1485e+00	2.9933e-01	3.9427e+00	0.0000e+00
1.1540e+00	2.9836e-01	3.9376e+00	0.0000e+00
1.1555e+00	2.9757e-01	3.9348e+00	0.0000e+00
1.1573e+00	2.9679e-01	3.9336e+00	0.0000e+00
1.1604e+00	2.9601e-01	3.9336e+00	0.0000e+00
1.1645e+00	2.9506e-01	3.9340e+00	0.0000e+00
1.1687e+00	2.9376e-01	3.9337e+00	0.0000e+00
1.1720e+00	2.9196e-01	3.9316e+00	0.0000e+00
1.1737e+00	2.8981e-01	3.9291e+00	0.0000e+00
1.1742e+00	2.8765e-01	3.9229e+00	0.0000e+00
1.1742e+00	2.8596e-01	3.9125e+00	0.0000e+00
1.1739e+00	2.8490e-01	3.9058e+00	0.0000e+00
1.1739e+00	2.8417e-01	3.9016e+00	0.0000e+00
1.1746e+00	2.8348e-01	3.8997e+00	0.0000e+00
1.1758e+00	2.8284e-01	3.9000e+00	0.0000e+00
1.1766e+00	2.8256e-01	3.9011e+00	0.0000e+00
1.1770e+00	2.8244e-01	3.9021e+00	0.0000e+00
1.1780e+00	2.8212e-01	3.9027e+00	0.0000e+00
1.1798e+00	2.8146e-01	3.9029e+00	0.0000e+00
1.1820e+00	2.8073e-01	3.9037e+00	0.0000e+00
1.1835e+00	2.8016e-01	3.9064e+00	0.0000e+00
1.1839e+00	2.7973e-01	3.9105e+00	0.0000e+00
1.1840e+00	2.7927e-01	3.9153e+00	0.0000e+00
1.1834e+00	2.7912e-01	3.9208e+00	0.0000e+00
1.1819e+00	2.7939e-01	3.9266e+00	0.0000e+00
1.1798e+00	2.7977e-01	3.9346e+00	0.0000e+00
1.1785e+00	2.7981e-01	3.9411e+00	0.0000e+00
1.1783e+00	2.7956e-01	3.9470e+00	0.0000e+00
1.1786e+00	2.7917e-01	3.9532e+00	0.0000e+00
1.1755e+00	2.7925e-01	3.9562e+00	0.0000e+00
1.1666e+00	2.7966e-01	3.9590e+00	0.0000e+00
1.1530e+00	2.8019e-01	3.9603e+00	0.0000e+00
1.1376e+00	2.8086e-01	3.9599e+00	0.0000e+00
1.1239e+00	2.8175e-01	3.9583e+00	0.0000e+00
1.1144e+00	2.8276e-01	3.9567e+00	0.0000e+00
1.1104e+00	2.8349e-01	3.9561e+00	0.0000e+00
1.1108e+00	2.8355e-01	3.9561e+00	0.0000e+00
1.1135e+00	2.8288e-01	3.9563e+00	0.0000e+00
1.1166e+00	2.8220e-01	3.9562e+00	0.0000e+00
1.1188e+00	2.8206e-01	3.9557e+00	0.0000e+00
1.1189e+00	2.8272e-01	3.9554e+00	0.0000e+00
1.1172e+00	2.8408e-01	3.9559e+00	0.0000e+00
1.1148e+00	2.8575e-01	3.9562e+00	0.0000e+00
1.1115e+00	2.8744e-01	3.9561e+00	0.0000e+00
1.1050e+00	2.8899e-01	3.9557e+00	0.0000e+00
1.0944e+00	2.9033e-01	3.9535e+00	0.0000e+00
1.0812e+00	2.9142e-01	3.9516e+00	0.0000e+00
1.0673e+00	2.9235e-01	3.9514e+00	0.0000e+00
1.0549e+00	2.9331e-01	3.9533e+00	0.0000e+00
1.0442e+00	2.9425e-01	3.9580e+00	0.0000e+00
1.0318e+00	2.9518e-01	3.9632e+00	0.0000e+00
1.0172e+00	2.9588e-01	3.9685e+00	0.0000e+00
1.0022e+00	2.9650e-01	3.9739e+00	0.0000e+00
9.8969e-01	2.9719e-01	3.9801e+00	0.0000e+00
9.8162e-01	2.9788e-01	3.9882e+00	0.0000e+00
9.7690e-01	2.9843e-01	3.9989e+00	0.0000e+00
9.7319e-01	2.9890e-01	4.0112e+00	0.0000e+00
9.7026e-01	2.9925e-01	4.0246e+00	0.0000e+00
9.6904e-01	2.9939e-01	4.0394e+00	0.0000e+00
9.6828e-01	2.9941e-01	4.0536e+00	0.0000e+00
9.6452e-01	2.9973e-01	4.0655e+00	0.0000e+00
9.5813e-01	3.0027e-01	4.0751e+00	0.0000e+00
9.5174e-01	3.0095e-01	4.0824e+00	0.0000e+00
9.4826e-01	3.0151e-01	4.0874e+00	0.0000e+00
9.5144e-01	3.0134e-01	4.0901e+00	0.0000e+00
9.6316e-01	3.0024e-01	4.0907e+00	0.0000e+00
9.8075e-01	2.9858e-01	4.0900e+00	0.0000e+00
9.9999e-01	2.9677e-01	4.0888e+00	0.0000e+00
1.0174e+00	2.9492e-01	4.0875e+00	0.0000e+00
1.0313e+00	2.9312e-01	4.0860e+00	0.0000e+00
1.0410e+00	2.9138e-01	4.0851e+00	0.0000e+00
1.0470e+00	2.8952e-01	4.0835e+00	0.0000e+00
1.0507e+00	2.8776e-01	4.0796e+00	0.0000e+00
1.0524e+00	2.8671e-01	4.0734e+00	0.0000e+00
1.0526e+00	2.8621e-01	4.0666e+00	0.0000e+00
1.0518e+00	2.8599e-01	4.0598e+00	0.0000e+00
1.0501e+00	2.8603e-01	4.0537e+00	0.0000e+00
1.0479e+00	2.8634e-01	4.0484e+00	0.0000e+00
1.0447e+00	2.8628e-01	4.0447e+00	0.0000e+00
1.0409e+00	2.8565e-01	4.0409e+00	0.0000e+00
1.0372e+00	2.8462e-01	4.0371e+00	0.0000e+00
1.0340e+00	2.8349e-01	4.0354e+00	0.0000e+00
1.0310e+00	2.8281e-01	4.0354e+00	0.0000e+00
1.0293e+00	2.8220e-01	4.0361e+00	0.0000e+00
1.0299e+00	2.8151e-01	4.0369e+00	0.0000e+00
1.0329e+00	2.8101e-01	4.0373e+00	0.0000e+00
1.0375e+00	2.8050e-01	4.0356e+00	0.0000e+00
1.0419e+00	2.8008e-01	4.0331e+00	0.0000e+00
1.0449e+00	2.7986e-01	4.0318e+00	0.0000e+00
1.0458e+00	2.7999e-01	4.0318e+00	0.0000e+00
1.0461e+00	2.7982e-01	4.0325e+00	0.0000e+00
1.0476e+00	2.7911e-01	4.0340e+00	0.0000e+00
1.0501e+00	2.7839e-01	4.0361e+00	0.0000e+00
1.0530e+00	2.7788e-01	4.0385e+00	0.0000e+00
1.0556e+00	2.7754e-01	4.0408e+00	0.0000e+00
1.0574e+00	2.7738e-01	4.0427e+00	0.0000e+00
1.0582e+00	2.7731e-01	4.0442e+00	0.0000e+00
1.0599e+00	2.7682e-01	4.0461e+00	0.0000e+00
1.0663e+00	2.7507e-01	4.0487e+00	0.0000e+00
1.0784e+00	2.7222e-01	4.0519e+00	0.0000e+00
1.0944e+00	2.6923e-01	4.0562e+00	0.0000e+00
1.1110e+00	2.6689e-01	4.0610e+00	0.0000e+00
1.1246e+00	2.6530e-01	4.0654e+00	0.0000e+00
1.1331e+00	2.6436e-01	4.0691e+00	0.0000e+00
1.1366e+00	2.6392e-01	4.0719e+00	0.0000e+00
1.1371e+00	2.6409e-01	4.0737e+00	0.0000e+00
1.1362e+00	2.6471e-01	4.0742e+00	0.0000e+00
1.1352e+00	2.6555e-01	4.0734e+00	0.0000e+00
1.1350e+00	2.6611e-01	4.0721e+00	0.0000e+00
1.1362e+00	2.6587e-01	4.0701e+00	0.0000e+00
1.1365e+00	2.6579e-01	4.0686e+00	0.0000e+00
1.1327e+00	2.6678e-01	4.0668e+00	0.0000e+00
1.1248e+00	2.6818e-01	4.0650e+00	0.0000e+00
1.1140e+00	2.6975e-01	4.0603e+00	0.0000e+00
1.1031e+00	2.7152e-01	4.0489e+00	0.0000e+00
1.0952e+00	2.7292e-01	4.0387e+00	0.0000e+00
1.0915e+00	2.7376e-01	4.0311e+00	0.0000e+00
1.0891e+00	2.7423e-01	4.0264e+00	0.0000e+00
1.0872e+00	2.7442e-01	4.0240e+00	0.0000e+00
1.0862e+00	2.7435e-01	4.0233e+00	0.0000e+00
1.0865e+00	2.7395e-01	4.0242e+00	0.0000e+00
1.0878e+00	2.7334e-01	4.0261e+00	0.0000e+00
1.0898e+00	2.7278e-01	4.0289e+00	0.0000e+00
1.0931e+00	2.7232e-01	4.0321e+00	0.0000e+00
1.0966e+00	2.7208e-01	4.0340e+00	0.0000e+00
1.0986e+00	2.7211e-01	4.0332e+00	0.0000e+00
1.0980e+00	2.7236e-01	4.0304e+00	0.0000e+00
1.0955e+00	2.7275e-01	4.0266e+00	0.0000e+00
1.0920e+00	2.7333e-01	4.0231e+00	0.0000e+00
1.0882e+00	2.7429e-01	4.0218e+00	0.0000e+00
1.0861e+00	2.7514e-01	4.0221e+00	0.0000e+00
1.0854e+00	2.7585e-01	4.0225e+00	0.0000e+00
1.0853e+00	2.7637e-01	4.0217e+00	0.0000e+00
1.0852e+00	2.7668e-01	4.0202e+00	0.0000e+00
1.0848e+00	2.7700e-01	4.0189e+00	0.0000e+00
1.0839e+00	2.7739e-01	4.0176e+00	0.0000e+00
1.0826e+00	2.7828e-01	4.0160e+00	0.0000e+00
1.0803e+00	2.7945e-01	4.0143e+00	0.0000e+00
1.0774e+00	2.8048e-01	4.0117e+00	0.0000e+00
1.0743e+00	2.8145e-01	4.0079e+00	0.0000e+00
1.0721e+00	2.8232e-01	4.0039e+00	0.0000e+00
1.0688e+00	2.8333e-01	4.0009e+00	0.0000e+00
1.0597e+00	2.8459e-01	3.9986e+00	0.0000e+00
1.0438e+00	2.8602e-01	3.9963e+00	0.0000e+00
1.0231e+00	2.8751e-01	3.9944e+00	0.0000e+00
1.0006e+00	2.8905e-01	3.9930e+00	0.0000e+00
9.7912e-01	2.9072e-01	3.9921e+00	0.0000e+00
9.5791e-01	2.9275e-01	3.9912e+00	0.0000e+00
9.3708e-01	2.9517e-01	3.9902e+00	0.0000e+00
9.1884e-01	2.9772e-01	3.9893e+00	0.0000e+00
9.0590e-01	3.0011e-01	3.9895e+00	0.0000e+00
8.9938e-01	3.0208e-01	3.9911e+00	0.0000e+00
8.9699e-01	3.0323e-01	3.9936e+00	0.0000e+00
8.9472e-01	3.0395e-01	3.9960e+00	0.0000e+00
8.9239e-01	3.0441e-01	3.9977e+00	0.0000e+00
8.9071e-01	3.0460e-01	3.9935e+00	0.0000e+00
8.9008e-01	3.0473e-01	3.9731e+00	0.0000e+00
8.9026e-01	3.0496e-01	3.9454e+00	0.0000e+00
8.9096e-01	3.0531e-01	3.9184e+00	0.0000e+00
8.9106e-01	3.0602e-01	3.8955e+00	0.0000e+00
8.9047e-01	3.0693e-01	3.8785e+00	0.0000e+00
8.8977e-01	3.0752e-01	3.8685e+00	0.0000e+00
8.8911e-01	3.0765e-01	3.8663e+00	0.0000e+00
8.8863e-01	3.0752e-01	3.8734e+00	0.0000e+00
8.8903e-01	3.0703e-01	3.8865e+00	0.0000e+00
8.9026e-01	3.0625e-01	3.9056e+00	0.0000e+00
8.9159e-01	3.0559e-01	3.9382e+00	0.0000e+00
8.9180e-01	3.0559e-01	3.9749e+00	0.0000e+00
8.9077e-01	3.0614e-01	4.0053e+00	0.0000e+00
8.8885e-01	3.0684e-01	4.0292e+00	0.0000e+00
8.8960e-01	3.0673e-01	4.0418e+00	0.0000e+00
8.9659e-01	3.0582e-01	4.0496e+00	0.0000e+00
9.0875e-01	3.0474e-01	4.0562e+00	0.0000e+00
9.2399e-01	3.0362e-01	4.0613e+00	0.0000e+00
9.3995e-01	3.0232e-01	4.0646e+00	0.0000e+00
9.5376e-01	3.0097e-01	4.0656e+00	0.0000e+00
9.6264e-01	2.9997e-01	4.0650e+00	0.0000e+00
9.6574e-01	2.9961e-01	4.0635e+00	0.0000e+00
9.6509e-01	3.0033e-01	4.0616e+00	0.0000e+00
9.6373e-01	3.0107e-01	4.0595e+00	0.0000e+00
9.6296e-01	3.0148e-01	4.0571e+00	0.0000e+00
9.6280e-01	3.0196e-01	4.0544e+00	0.0000e+00
9.6298e-01	3.0251e-01	4.0513e+00	0.0000e+00
9.6283e-01	3.0297e-01	4.0479e+00	0.0000e+00
9.6238e-01	3.0323e-01	4.0443e+00	0.0000e+00
9.6201e-01	3.0347e-01	4.0416e+00	0.0000e+00
9.6143e-01	3.0394e-01	4.0398e+00	0.0000e+00
9.5974e-01	3.0461e-01	4.0352e+00	0.0000e+00
9.5743e-01	3.0529e-01	4.0265e+00	0.0000e+00
9.5842e-01	3.0547e-01	4.0154e+00	0.0000e+00
9.6061e-01	3.0507e-01	4.0062e+00	0.0000e+00
9.6386e-01	3.0407e-01	4.0017e+00	0.0000e+00
9.6762e-01	3.0284e-01	3.9989e+00	0.0000e+00
9.7113e-01	3.0167e-01	3.9977e+00	0.0000e+00
9.7382e-01	3.0080e-01	3.9980e+00	0.0000e+00
9.7582e-01	3.0022e-01	4.0004e+00	0.0000e+00
9.7770e-01	2.9998e-01	4.0031e+00	0.0000e+00
9.7999e-01	2.9995e-01	4.0047e+00	0.0000e+00
9.8283e-01	2.9996e-01	4.0049e+00	0.0000e+00
9.8551e-01	3.0002e-01	4.0040e+00	0.0000e+00
1.0019e+00	2.9866e-01	4.0024e+00	0.0000e+00
1.0191e+00	2.9757e-01	3.9997e+00	0.0000e+00
1.0341e+00	2.9662e-01	3.9956e+00	0.0000e+00
1.0446e+00	2.9573e-01	3.9917e+00	0.0000e+00
1.0497e+00	2.9506e-01	3.9897e+00	0.0000e+00
1.0498e+00	2.9484e-01	3.9904e+00	0.0000e+00
1.0486e+00	2.9481e-01	3.9950e+00	0.0000e+00
1.0475e+00	2.9491e-01	4.0036e+00	0.0000e+00
1.0459e+00	2.9530e-01	4.0130e+00	0.0000e+00
1.0437e+00	2.9608e-01	4.0204e+00	0.0000e+00
1.0415e+00	2.9691e-01	4.0253e+00	0.0000e+00
1.0397e+00	2.9741e-01	4.0271e+00	0.0000e+00
1.0383e+00	2.9739e-01	4.0259e+00	0.0000e+00
1.0366e+00	2.9724e-01	4.0240e+00	0.0000e+00
1.0314e+00	2.9757e-01	4.0222e+00	0.0000e+00
1.0202e+00	2.9844e-01	4.0207e+00	0.0000e+00
1.0031e+00	2.9980e-01	4.0202e+00	0.0000e+00
9.8335e-01	3.0148e-01	4.0200e+00	0.0000e+00
9.6491e-01	3.0322e-01	4.0198e+00	0.0000e+00
9.5057e-01	3.0469e-01	4.0195e+00	0.0000e+00
9.4259e-01	3.0545e-01	4.0186e+00	0.0000e+00
9.4049e-01	3.0546e-01	4.0168e+00	0.0000e+00
9.4131e-01	3.0485e-01	4.0143e+00	0.0000e+00
9.4317e-01	3.0387e-01	4.0117e+00	0.0000e+00
9.4458e-01	3.0305e-01	4.0091e+00	0.0000e+00
9.4442e-01	3.0299e-01	4.0069e+00	0.0000e+00
9.4334e-01	3.0329e-01	4.0050e+00	0.0000e+00
9.4216e-01	3.0352e-01	4.0043e+00	0.0000e+00
9.4160e-01	3.0361e-01	4.0066e+00	0.0000e+00
9.4220e-01	3.0343e-01	4.0140e+00	0.0000e+00
9.4326e-01	3.0297e-01	4.0284e+00	0.0000e+00
9.4426e-01	3.0225e-01	4.0498e+00	0.0000e+00
9.4501e-01	3.0110e-01	4.0811e+00	0.0000e+00
9.4509e-01	3.0019e-01	4.1102e+00	0.0000e+00
9.4319e-01	3.0027e-01	4.1290e+00	0.0000e+00
9.3884e-01	3.0129e-01	4.1443e+00	0.0000e+00
9.3342e-01	3.0297e-01	4.1558e+00	0.0000e+00
9.2852e-01	3.0474e-01	4.1614e+00	0.0000e+00
9.2551e-01	3.0540e-01	4.1616e+00	0.0000e+00
9.2730e-01	3.0455e-01	4.1600e+00	0.0000e+00
9.3340e-01	3.0327e-01	4.1591e+00	0.0000e+00
9.4079e-01	3.0231e-01	4.1599e+00	0.0000e+00
9.4681e-01	3.0161e-01	4.1625e+00	0.0000e+00
9.4987e-01	3.0100e-01	4.1666e+00	0.0000e+00
9.4953e-01	3.0063e-01	4.1727e+00	0.0000e+00
9.4736e-01	3.0065e-01	4.1814e+00	0.0000e+00
9.4610e-01	3.0058e-01	4.1918e+00	0.0000e+00
9.4447e-01	3.0045e-01	4.2024e+00	0.0000e+00
9.3808e-01	3.0091e-01	4.2118e+00	0.0000e+00
9.2596e-01	3.0179e-01	4.2189e+00	0.0000e+00
9.0987e-01	3.0285e-01	4.2232e+00	0.0000e+00
8.9289e-01	3.0401e-01	4.2247e+00	0.0000e+00
8.7862e-01	3.0526e-01	4.2239e+00	0.0000e+00
8.6910e-01	3.0668e-01	4.2234e+00	0.0000e+00
8.6454e-01	3.0801e-01	4.2233e+00	0.0000e+00
8.6363e-01	3.0838e-01	4.2223e+00	0.0000e+00
8.6539e-01	3.0787e-01	4.2203e+00	0.0000e+00
8.6840e-01	3.0691e-01	4.2167e+00	0.0000e+00
8.7106e-01	3.0614e-01	4.2135e+00	0.0000e+00
8.7242e-01	3.0586e-01	4.2088e+00	0.0000e+00
8.7250e-01	3.0591e-01	4.2023e+00	0.0000e+00
8.7182e-01	3.0593e-01	4.1967e+00	0.0000e+00
8.7119e-01	3.0598e-01	4.1905e+00	0.0000e+00
8.7214e-01	3.0570e-01	4.1839e+00	0.0000e+00
8.7706e-01	3.0464e-01	4.1781e+00	0.0000e+00
8.8599e-01	3.0349e-01	4.1740e+00	0.0000e+00
8.9688e-01	3.0248e-01	4.1717e+00	0.0000e+00
9.0713e-01	3.0156e-01	4.1712e+00	0.0000e+00
9.1382e-01	3.0089e-01	4.1721e+00	0.0000e+00
9.1573e-01	3.0081e-01	4.1734e+00	0.0000e+00
9.1347e-01	3.0223e-01	4.1744e+00	0.0000e+00
9.0968e-01	3.0479e-01	4.1740e+00	0.0000e+00
9.0567e-01	3.0723e-01	4.1720e+00	0.0000e+00
9.0147e-01	3.0914e-01	4.1689e+00	0.0000e+00
8.9765e-01	3.1073e-01	4.1659e+00	0.0000e+00
8.9456e-01	3.1235e-01	4.1639e+00	0.0000e+00
8.9217e-01	3.1407e-01	4.1625e+00	0.0000e+00
8.9012e-01	3.1595e-01	4.1593e+00	0.0000e+00
8.8909e-01	3.1730e-01	4.1543e+00	0.0000e+00
8.8989e-01	3.1749e-01	4.1500e+00	0.0000e+00
8.9097e-01	3.1746e-01	4.1459e+00	0.0000e+00
8.9157e-01	3.1795e-01	4.1423e+00	0.0000e+00
8.9176e-01	3.1912e-01	4.1400e+00	0.0000e+00
8.9215e-01	3.2062e-01	4.1376e+00	0.0000e+00
8.9282e-01	3.2210e-01	4.1347e+00	0.0000e+00
8.9340e-01	3.2331e-01	4.1327e+00	0.0000e+00
8.9374e-01	3.2359e-01	4.1311e+00	0.0000e+00
8.9419e-01	3.2292e-01	4.1301e+00	0.0000e+00
8.9431e-01	3.2204e-01	4.1297e+00	0.0000e+00
8.9412e-01	3.2110e-01	4.1294e+00	0.0000e+00
8.9428e-01	3.2030e-01	4.1293e+00	0.0000e+00
8.9501e-01	3.1991e-01	4.1293e+00	0.0000e+00
8.9671e-01	3.1973e-01	4.1296e+00	0.0000e+00
8.9907e-01	3.1953e-01	4.1300e+00	0.0000e+00
9.0188e-01	3.1908e-01	4.1301e+00	0.0000e+00
9.0444e-01	3.1830e-01	4.1294e+00	0.0000e+00
9.0621e-01	3.1710e-01	4.1272e+00	0.0000e+00
9.0752e-01	3.1539e-01	4.1255e+00	0.0000e+00
9.0892e-01	3.1340e-01	4.1232e+00	0.0000e+00
9.1049e-01	3.1152e-01	4.1194e+00	0.0000e+00
9.1188e-01	3.1020e-01	4.1152e+00	0.0000e+00
9.1312e-01	3.0944e-01	4.1124e+00	0.0000e+00
9.1406e-01	3.0918e-01	4.1113e+00	0.0000e+00
9.1446e-01	3.0929e-01	4.1119e+00	0.0000e+00
9.1350e-01	3.0994e-01	4.1137e+00	0.0000e+00
9.1081e-01	3.1108e-01	4.1153e+00	0.0000e+00
9.0697e-01	3.1260e-01	4.1162e+00	0.0000e+00
9.0360e-01	3.1395e-01	4.1164e+00	0.0000e+00
9.0180e-01	3.1468e-01	4.1161e+00	0.0000e+00
9.0214e-01	3.1414e-01	4.1162e+00	0.0000e+00
9.0351e-01	3.1303e-01	4.1174e+00	0.0000e+00
9.0455e-01	3.1227e-01	4.1203e+00	0.0000e+00
9.0508e-01	3.1213e-01	4.1252e+00	0.0000e+00
9.0565e-01	3.1226e-01	4.1312e+00	0.0000e+00
9.0551e-01	3.1281e-01	4.1387e+00	0.0000e+00
9.0462e-01	3.1367e-01	4.1462e+00	0.0000e+00
9.0451e-01	3.1437e-01	4.1508e+00	0.0000e+00
9.0606e-01	3.1475e-01	4.1562e+00	0.0000e+00
9.0931e-01	3.1477e-01	4.1609e+00	0.0000e+00
9.1316e-01	3.1465e-01	4.1622e+00	0.0000e+00
9.1334e-01	3.1534e-01	4.1602e+00	0.0000e+00
9.0583e-01	3.1678e-01	4.1548e+00	0.0000e+00
8.9246e-01	3.1812e-01	4.1493e+00	0.0000e+00
8.7566e-01	3.1939e-01	4.1439e+00	0.0000e+00
8.5870e-01	3.2065e-01	4.1386e+00	0.0000e+00
8.4476e-01	3.2189e-01	4.1332e+00	0.0000e+00
8.3577e-01	3.2320e-01	4.1280e+00	0.0000e+00
8.3187e-01	3.2416e-01	4.1260e+00	0.0000e+00
8.3093e-01	3.2409e-01	4.1300e+00	0.0000e+00
8.3045e-01	3.2390e-01	4.1399e+00	0.0000e+00
8.2991e-01	3.2417e-01	4.1584e+00	0.0000e+00
8.2973e-01	3.2438e-01	4.1749e+00	0.0000e+00
8.3009e-01	3.2420e-01	4.1870e+00	0.0000e+00
8.3103e-01	3.2373e-01	4.2017e+00	0.0000e+00
8.3211e-01	3.2318e-01	4.2142e+00	0.0000e+00
8.3242e-01	3.2278e-01	4.2242e+00	0.0000e+00
8.3253e-01	3.2246e-01	4.2337e+00	0.0000e+00
8.3372e-01	3.2221e-01	4.2399e+00	0.0000e+00
8.3659e-01	3.2186e-01	4.2429e+00	0.0000e+00
8.3783e-01	3.2152e-01	4.2445e+00	0.0000e+00
8.3840e-01	3.2108e-01	4.2442e+00	0.0000e+00
8.3842e-01	3.2048e-01	4.2424e+00	0.0000e+00
8.3894e-01	3.1959e-01	4.2396e+00	0.0000e+00
8.3993e-01	3.1857e-01	4.2365e+00	0.0000e+00
8.4037e-01	3.1759e-01	4.2341e+00	0.0000e+00
8.4015e-01	3.1675e-01	4.2338e+00	0.0000e+00
8.3918e-01	3.1625e-01	4.2385e+00	0.0000e+00
8.3988e-01	3.1558e-01	4.2527e+00	0.0000e+00
8.4438e-01	3.1452e-01	4.2795e+00	0.0000e+00
8.5301e-01	3.1328e-01	4.3179e+00	0.0000e+00
8.4980e-01	3.1348e-01	4.3638e+00	0.0000e+00
8.4427e-01	3.1374e-01	4.4077e+00	0.0000e+00
8.3787e-01	3.1405e-01	4.4484e+00	0.0000e+00
8.3333e-01	3.1436e-01	4.4726e+00	0.0000e+00
8.3257e-01	3.1453e-01	4.4858e+00	0.0000e+00
8.3488e-01	3.1433e-01	4.5019e+00	0.0000e+00
8.3620e-01	3.1420e-01	4.5109e+00	0.0000e+00
8.3552e-01	3.1429e-01	4.5129e+00	0.0000e+00
8.3362e-01	3.1465e-01	4.5121e+00	0.0000e+00
8.3161e-01	3.1527e-01	4.5104e+00	0.0000e+00
8.3080e-01	3.1590e-01	4.5084e+00	0.0000e+00
8.3220e-01	3.1626e-01	4.5079e+00	0.0000e+00
8.3534e-01	3.1668e-01	4.5097e+00	0.0000e+00
8.3982e-01	3.1694e-01	4.5249e+00	0.0000e+00
8.4517e-01	3.1691e-01	4.5876e+00	0.0000e+00
8.5023e-01	3.1672e-01	4.6848e+00	0.0000e+00
8.5425e-01	3.1634e-01	4.7806e+00	0.0000e+00
8.5687e-01	3.1593e-01	4.8538e+00	0.0000e+00
8.5817e-01	3.1574e-01	4.8990e+00	0.0000e+00
8.5803e-01	3.1587e-01	4.9202e+00	0.0000e+00
8.5647e-01	3.1650e-01	4.9209e+00	0.0000e+00
8.5496e-01	3.1715e-01	4.8811e+00	0.0000e+00
8.5443e-01	3.1762e-01	4.8317e+00	0.0000e+00
8.5516e-01	3.1778e-01	4.8020e+00	0.0000e+00
8.5673e-01	3.1770e-01	4.7871e+00	0.0000e+00
8.5849e-01	3.1759e-01	4.7871e+00	0.0000e+00
8.5998e-01	3.1768e-01	4.7922e+00	0.0000e+00
8.6081e-01	3.1810e-01	4.8054e+00	0.0000e+00
8.6148e-01	3.1808e-01	4.8227e+00	0.0000e+00
8.6391e-01	3.1747e-01	4.8385e+00	0.0000e+00
8.6963e-01	3.1656e-01	4.8552e+00	0.0000e+00
