WL	EN	AR	Marker
1.8336e+00	1.7067e-01	9.0325e-01	0.0000e+00
1.8465e+00	1.7002e-01	9.0213e-01	0.0000e+00
1.8574e+00	1.6917e-01	9.0153e-01	0.0000e+00
1.8677e+00	1.6818e-01	9.0124e-01	0.0000e+00
1.8782e+00	1.6714e-01	9.0091e-01	0.0000e+00
1.8873e+00	1.6602e-01	9.0026e-01	0.0000e+00
1.8944e+00	1.6475e-01	8.9936e-01	0.0000e+00
1.9018e+00	1.6311e-01	8.9840e-01	0.0000e+00
1.9118e+00	1.6111e-01	8.9722e-01	0.0000e+00
1.9210e+00	1.6030e-01	8.9620e-01	0.0000e+00
1.9268e+00	1.5989e-01	8.9559e-01	0.0000e+00
1.9298e+00	1.5951e-01	8.9507e-01	0.0000e+00
1.9329e+00	1.5907e-01	8.9432e-01	0.0000e+00
1.9368e+00	1.5864e-01	8.9323e-01	0.0000e+00
1.9408e+00	1.5821e-01	8.9182e-01	0.0000e+00
1.9415e+00	1.5797e-01	8.9021e-01	0.0000e+00
1.9373e+00	1.5803e-01	8.8854e-01	0.0000e+00
1.9291e+00	1.5836e-01	8.8676e-01	0.0000e+00
1.9213e+00	1.5852e-01	8.8491e-01	0.0000e+00
1.9172e+00	1.5843e-01	8.8309e-01	0.0000e+00
1.9165e+00	1.5836e-01	8.8171e-01	0.0000e+00
1.9172e+00	1.5844e-01	8.8124e-01	0.0000e+00
1.9133e+00	1.5884e-01	8.8143e-01	0.0000e+00
1.9047e+00	1.5944e-01	8.8174e-01	0.0000e+00
1.8966e+00	1.6002e-01	8.8175e-01	0.0000e+00
1.8945e+00	1.6033e-01	8.8136e-01	0.0000e+00
1.8979e+00	1.6037e-01	8.8074e-01	0.0000e+00
1.9020e+00	1.6017e-01	8.7992e-01	0.0000e+00
1.9025e+00	1.6011e-01	8.7891e-01	0.0000e+00
1.9014e+00	1.6018e-01	8.7774e-01	0.0000e+00
1.9007e+00	1.6038e-01	8.7623e-01	0.0000e+00
1.9019e+00	1.6066e-01	8.7478e-01	0.0000e+00
1.9065e+00	1.6083e-01	8.7380e-01	0.0000e+00
1.9148e+00	1.6065e-01	8.7304e-01	0.0000e+00
1.9234e+00	1.6053e-01	8.7264e-01	0.0000e+00
1.9294e+00	1.6065e-01	8.7243e-01	0.0000e+00
1.9320e+00	1.6107e-01	8.7207e-01	0.0000e+00
1.9307e+00	1.6204e-01	8.7127e-01	0.0000e+00
1.9287e+00	1.6350e-01	8.7017e-01	0.0000e+00
1.9303e+00	1.6477e-01	8.6899e-01	0.0000e+00
1.9364e+00	1.6552e-01	8.6796e-01	0.0000e+00
1.9421e+00	1.6591e-01	8.6752e-01	0.0000e+00
1.9449e+00	1.6597e-01	8.6802e-01	0.0000e+00
1.9453e+00	1.6564e-01	8.6986e-01	0.0000e+00
1.9481e+00	1.6496e-01	8.7258e-01	0.0000e+00
1.9544e+00	1.6427e-01	8.7586e-01	0.0000e+00
1.9647e+00	1.6365e-01	8.7877e-01	0.0000e+00
1.9783e+00	1.6309e-01	8.8099e-01	0.0000e+00
1.9933e+00	1.6248e-01	8.8159e-01	0.0000e+00
2.0070e+00	1.6165e-01	8.8105e-01	0.0000e+00
2.0154e+00	1.6101e-01	8.7945e-01	0.0000e+00
2.0169e+00	1.6066e-01	8.7775e-01	0.0000e+00
2.0108e+00	1.6063e-01	8.7618e-01	0.0000e+00
2.0020e+00	1.6074e-01	8.7476e-01	0.0000e+00
1.9963e+00	1.6070e-01	8.7336e-01	0.0000e+00
1.9933e+00	1.6050e-01	8.7196e-01	0.0000e+00
1.9905e+00	1.6022e-01	8.7059e-01	0.0000e+00
1.9881e+00	1.5992e-01	8.6918e-01	0.0000e+00
1.9870e+00	1.5971e-01	8.6764e-01	0.0000e+00
1.9886e+00	1.5965e-01	8.6607e-01	0.0000e+00
1.9970e+00	1.5944e-01	8.6521e-01	0.0000e+00
2.0086e+00	1.5924e-01	8.6561e-01	0.0000e+00
2.0190e+00	1.5907e-01	8.6724e-01	0.0000e+00
2.0258e+00	1.5896e-01	8.6963e-01	0.0000e+00
2.0317e+00	1.5886e-01	8.7205e-01	0.0000e+00
2.0393e+00	1.5871e-01	8.7427e-01	0.0000e+00
2.0463e+00	1.5854e-01	8.7515e-01	0.0000e+00
2.0507e+00	1.5843e-01	8.7528e-01	0.0000e+00
2.0563e+00	1.5830e-01	8.7506e-01	0.0000e+00
2.0661e+00	1.5806e-01	8.7462e-01	0.0000e+00
2.0798e+00	1.5765e-01	8.7417e-01	0.0000e+00
2.0959e+00	1.5687e-01	8.7347e-01	0.0000e+00
2.1141e+00	1.5580e-01	8.7252e-01	0.0000e+00
2.1326e+00	1.5503e-01	8.7161e-01	0.0000e+00
2.1480e+00	1.5471e-01	8.7098e-01	0.0000e+00
2.1577e+00	1.5470e-01	8.7079e-01	0.0000e+00
2.1640e+00	1.5478e-01	8.7104e-01	0.0000e+00
2.1686e+00	1.5486e-01	8.7157e-01	0.0000e+00
2.1720e+00	1.5485e-01	8.7218e-01	0.0000e+00
2.1720e+00	1.5481e-01	8.7262e-01	0.0000e+00
2.1638e+00	1.5530e-01	8.7282e-01	0.0000e+00
2.1511e+00	1.5585e-01	8.7282e-01	0.0000e+00
2.1382e+00	1.5624e-01	8.7255e-01	0.0000e+00
2.1272e+00	1.5647e-01	8.7197e-01	0.0000e+00
2.1173e+00	1.5665e-01	8.7118e-01	0.0000e+00
2.1063e+00	1.5697e-01	8.7023e-01	0.0000e+00
2.0949e+00	1.5763e-01	8.6924e-01	0.0000e+00
2.0864e+00	1.5847e-01	8.6836e-01	0.0000e+00
2.0824e+00	1.5927e-01	8.6788e-01	0.0000e+00
2.0815e+00	1.5973e-01	8.6756e-01	0.0000e+00
2.0815e+00	1.5985e-01	8.6745e-01	0.0000e+00
2.0814e+00	1.5984e-01	8.6751e-01	0.0000e+00
2.0814e+00	1.5973e-01	8.6742e-01	0.0000e+00
2.0824e+00	1.5923e-01	8.6730e-01	0.0000e+00
2.0874e+00	1.5822e-01	8.6726e-01	0.0000e+00
2.0974e+00	1.5700e-01	8.6724e-01	0.0000e+00
2.1106e+00	1.5588e-01	8.6713e-01	0.0000e+00
2.1243e+00	1.5489e-01	8.6690e-01	0.0000e+00
2.1366e+00	1.5394e-01	8.6655e-01	0.0000e+00
2.1452e+00	1.5301e-01	8.6621e-01	0.0000e+00
2.1501e+00	1.5249e-01	8.6602e-01	0.0000e+00
2.1558e+00	1.5214e-01	8.6609e-01	0.0000e+00
2.1639e+00	1.5186e-01	8.6636e-01	0.0000e+00
2.1742e+00	1.5158e-01	8.6654e-01	0.0000e+00
2.1844e+00	1.5120e-01	8.6705e-01	0.0000e+00
2.1900e+00	1.5088e-01	8.6741e-01	0.0000e+00
2.1907e+00	1.5078e-01	8.6666e-01	0.0000e+00
2.1902e+00	1.5080e-01	8.6844e-01	0.0000e+00
2.1920e+00	1.5086e-01	8.7297e-01	0.0000e+00
2.1928e+00	1.5103e-01	8.7550e-01	0.0000e+00
2.1878e+00	1.5133e-01	8.7780e-01	0.0000e+00
2.1775e+00	1.5176e-01	8.7939e-01	0.0000e+00
2.1678e+00	1.5224e-01	8.7955e-01	0.0000e+00
2.1647e+00	1.5252e-01	8.7874e-01	0.0000e+00
2.1692e+00	1.5244e-01	8.7680e-01	0.0000e+00
2.1776e+00	1.5202e-01	8.7575e-01	0.0000e+00
2.1846e+00	1.5153e-01	8.7657e-01	0.0000e+00
2.1884e+00	1.5097e-01	8.7887e-01	0.0000e+00
2.1889e+00	1.5041e-01	8.8208e-01	0.0000e+00
2.1868e+00	1.5004e-01	8.8609e-01	0.0000e+00
2.1828e+00	1.4995e-01	8.8948e-01	0.0000e+00
2.1776e+00	1.5022e-01	8.9202e-01	0.0000e+00
2.1726e+00	1.5070e-01	8.9351e-01	0.0000e+00
2.1689e+00	1.5116e-01	8.9391e-01	0.0000e+00
2.1669e+00	1.5134e-01	8.9348e-01	0.0000e+00
2.1660e+00	1.5133e-01	8.9260e-01	0.0000e+00
2.1680e+00	1.5120e-01	8.9167e-01	0.0000e+00
2.1739e+00	1.5088e-01	8.9123e-01	0.0000e+00
2.1835e+00	1.5031e-01	8.9151e-01	0.0000e+00
2.1946e+00	1.4967e-01	8.9218e-01	0.0000e+00
2.2032e+00	1.4914e-01	8.9248e-01	0.0000e+00
2.2077e+00	1.4877e-01	8.9243e-01	0.0000e+00
2.2099e+00	1.4852e-01	8.9163e-01	0.0000e+00
2.2125e+00	1.4841e-01	8.9043e-01	0.0000e+00
2.2153e+00	1.4846e-01	8.8893e-01	0.0000e+00
2.2155e+00	1.4875e-01	8.8735e-01	0.0000e+00
2.2100e+00	1.4918e-01	8.8585e-01	0.0000e+00
2.1995e+00	1.4961e-01	8.8448e-01	0.0000e+00
2.1866e+00	1.5010e-01	8.8313e-01	0.0000e+00
2.1751e+00	1.5058e-01	8.8166e-01	0.0000e+00
2.1686e+00	1.5077e-01	8.8007e-01	0.0000e+00
2.1682e+00	1.5081e-01	8.7844e-01	0.0000e+00
2.1712e+00	1.5089e-01	8.7673e-01	0.0000e+00
2.1728e+00	1.5112e-01	8.7525e-01	0.0000e+00
2.1697e+00	1.5146e-01	8.7444e-01	0.0000e+00
2.1630e+00	1.5181e-01	8.7442e-01	0.0000e+00
2.1587e+00	1.5203e-01	8.7418e-01	0.0000e+00
2.1582e+00	1.5203e-01	8.7446e-01	0.0000e+00
2.1567e+00	1.5196e-01	8.7614e-01	0.0000e+00
2.1503e+00	1.5206e-01	8.7639e-01	0.0000e+00
2.1424e+00	1.5230e-01	8.7231e-01	0.0000e+00
2.1392e+00	1.5247e-01	8.6942e-01	0.0000e+00
2.1422e+00	1.5252e-01	8.6756e-01	0.0000e+00
2.1472e+00	1.5245e-01	8.6792e-01	0.0000e+00
2.1504e+00	1.5239e-01	8.6989e-01	0.0000e+00
2.1518e+00	1.5238e-01	8.7120e-01	0.0000e+00
2.1545e+00	1.5228e-01	8.7215e-01	0.0000e+00
2.1585e+00	1.5223e-01	8.7306e-01	0.0000e+00
2.1601e+00	1.5230e-01	8.7423e-01	0.0000e+00
2.1575e+00	1.5246e-01	8.7573e-01	0.0000e+00
2.1510e+00	1.5273e-01	8.7750e-01	0.0000e+00
2.1416e+00	1.5332e-01	8.7955e-01	0.0000e+00
2.1298e+00	1.5435e-01	8.8130e-01	0.0000e+00
2.1168e+00	1.5565e-01	8.8273e-01	0.0000e+00
2.1054e+00	1.5690e-01	8.8474e-01	0.0000e+00
2.0981e+00	1.5761e-01	8.8616e-01	0.0000e+00
2.0949e+00	1.5782e-01	8.8676e-01	0.0000e+00
2.0922e+00	1.5781e-01	8.8632e-01	0.0000e+00
2.0859e+00	1.5804e-01	8.8505e-01	0.0000e+00
2.0756e+00	1.5846e-01	8.8336e-01	0.0000e+00
2.0631e+00	1.5882e-01	8.8214e-01	0.0000e+00
2.0517e+00	1.5905e-01	8.8050e-01	0.0000e+00
2.0440e+00	1.5911e-01	8.7935e-01	0.0000e+00
2.0382e+00	1.5905e-01	8.7841e-01	0.0000e+00
2.0299e+00	1.5910e-01	8.7742e-01	0.0000e+00
2.0165e+00	1.5953e-01	8.7684e-01	0.0000e+00
2.0018e+00	1.6013e-01	8.7645e-01	0.0000e+00
1.9883e+00	1.6064e-01	8.7620e-01	0.0000e+00
1.9745e+00	1.6118e-01	8.7604e-01	0.0000e+00
1.9590e+00	1.6184e-01	8.7578e-01	0.0000e+00
1.9438e+00	1.6236e-01	8.7544e-01	0.0000e+00
1.9330e+00	1.6246e-01	8.7507e-01	0.0000e+00
1.9260e+00	1.6237e-01	8.7464e-01	0.0000e+00
1.9206e+00	1.6238e-01	8.7403e-01	0.0000e+00
1.9155e+00	1.6246e-01	8.7332e-01	0.0000e+00
1.9105e+00	1.6242e-01	8.7272e-01	0.0000e+00
1.9052e+00	1.6212e-01	8.7231e-01	0.0000e+00
1.9004e+00	1.6135e-01	8.7222e-01	0.0000e+00
1.8943e+00	1.6028e-01	8.7244e-01	0.0000e+00
1.8861e+00	1.5964e-01	8.7302e-01	0.0000e+00
1.8764e+00	1.5949e-01	8.7360e-01	0.0000e+00
1.8661e+00	1.5953e-01	8.7446e-01	0.0000e+00
1.8561e+00	1.5973e-01	8.7547e-01	0.0000e+00
1.8460e+00	1.6010e-01	8.7601e-01	0.0000e+00
1.8338e+00	1.6037e-01	8.7651e-01	0.0000e+00
1.8226e+00	1.6046e-01	8.7713e-01	0.0000e+00
1.8141e+00	1.6047e-01	8.7770e-01	0.0000e+00
1.8080e+00	1.6049e-01	8.7844e-01	0.0000e+00
1.8027e+00	1.6058e-01	8.7953e-01	0.0000e+00
1.7969e+00	1.6074e-01	8.8120e-01	0.0000e+00
1.7888e+00	1.6101e-01	8.8327e-01	0.0000e+00
1.7800e+00	1.6130e-01	8.8792e-01	0.0000e+00
1.7744e+00	1.6132e-01	8.9546e-01	0.0000e+00
1.7703e+00	1.6118e-01	9.0272e-01	0.0000e+00
1.7643e+00	1.6110e-01	9.0825e-01	0.0000e+00
1.7559e+00	1.6112e-01	9.1236e-01	0.0000e+00
1.7462e+00	1.6128e-01	9.1608e-01	0.0000e+00
1.7381e+00	1.6144e-01	9.2031e-01	0.0000e+00
1.7352e+00	1.6136e-01	9.2570e-01	0.0000e+00
1.7359e+00	1.6095e-01	9.3192e-01	0.0000e+00
1.7330e+00	1.6051e-01	9.3759e-01	0.0000e+00
1.7244e+00	1.6023e-01	9.4185e-01	0.0000e+00
1.7114e+00	1.6025e-01	9.4473e-01	0.0000e+00
1.6981e+00	1.6073e-01	9.4534e-01	0.0000e+00
1.6876e+00	1.6120e-01	9.4512e-01	0.0000e+00
1.6790e+00	1.6161e-01	9.4403e-01	0.0000e+00
1.6729e+00	1.6193e-01	9.4176e-01	0.0000e+00
1.6691e+00	1.6218e-01	9.3956e-01	0.0000e+00
1.6629e+00	1.6258e-01	9.3725e-01	0.0000e+00
1.6513e+00	1.6330e-01	9.3493e-01	0.0000e+00
1.6351e+00	1.6453e-01	9.3271e-01	0.0000e+00
1.6169e+00	1.6631e-01	9.3062e-01	0.0000e+00
1.5976e+00	1.6837e-01	9.2872e-01	0.0000e+00
1.5776e+00	1.6978e-01	9.2655e-01	0.0000e+00
1.5599e+00	1.7042e-01	9.2406e-01	0.0000e+00
1.5469e+00	1.7048e-01	9.2216e-01	0.0000e+00
1.5379e+00	1.7035e-01	9.2089e-01	0.0000e+00
1.5327e+00	1.7019e-01	9.1998e-01	0.0000e+00
1.5313e+00	1.7006e-01	9.1918e-01	0.0000e+00
1.5331e+00	1.6988e-01	9.1835e-01	0.0000e+00
1.5363e+00	1.6948e-01	9.1742e-01	0.0000e+00
1.5361e+00	1.6946e-01	9.1791e-01	0.0000e+00
1.5322e+00	1.6975e-01	9.1895e-01	0.0000e+00
1.5274e+00	1.6990e-01	9.1795e-01	0.0000e+00
1.5259e+00	1.6988e-01	9.1617e-01	0.0000e+00
1.5289e+00	1.6972e-01	9.1628e-01	0.0000e+00
1.5353e+00	1.6930e-01	9.1725e-01	0.0000e+00
1.5420e+00	1.6874e-01	9.1819e-01	0.0000e+00
1.5484e+00	1.6805e-01	9.1789e-01	0.0000e+00
1.5561e+00	1.6731e-01	9.1814e-01	0.0000e+00
1.5667e+00	1.6647e-01	9.1935e-01	0.0000e+00
1.5803e+00	1.6560e-01	9.2068e-01	0.0000e+00
1.5954e+00	1.6473e-01	9.2185e-01	0.0000e+00
1.6079e+00	1.6411e-01	9.2264e-01	0.0000e+00
1.6124e+00	1.6400e-01	9.2291e-01	0.0000e+00
1.6071e+00	1.6431e-01	9.2340e-01	0.0000e+00
1.5947e+00	1.6511e-01	9.2481e-01	0.0000e+00
1.5810e+00	1.6592e-01	9.2578e-01	0.0000e+00
1.5693e+00	1.6661e-01	9.2641e-01	0.0000e+00
1.5619e+00	1.6715e-01	9.2653e-01	0.0000e+00
1.5562e+00	1.6759e-01	9.2716e-01	0.0000e+00
1.5470e+00	1.6820e-01	9.2858e-01	0.0000e+00
1.5329e+00	1.6901e-01	9.3099e-01	0.0000e+00
1.5152e+00	1.6999e-01	9.3318e-01	0.0000e+00
1.4968e+00	1.7096e-01	9.3567e-01	0.0000e+00
1.4813e+00	1.7182e-01	9.3849e-01	0.0000e+00
1.4706e+00	1.7250e-01	9.3958e-01	0.0000e+00
1.4632e+00	1.7305e-01	9.4033e-01	0.0000e+00
1.4574e+00	1.7351e-01	9.4043e-01	0.0000e+00
1.4537e+00	1.7390e-01	9.4008e-01	0.0000e+00
1.4525e+00	1.7428e-01	9.3997e-01	0.0000e+00
1.4531e+00	1.7467e-01	9.3995e-01	0.0000e+00
1.4518e+00	1.7515e-01	9.3973e-01	0.0000e+00
1.4459e+00	1.7585e-01	9.3921e-01	0.0000e+00
1.4373e+00	1.7663e-01	9.3836e-01	0.0000e+00
1.4292e+00	1.7713e-01	9.3729e-01	0.0000e+00
1.4253e+00	1.7720e-01	9.3622e-01	0.0000e+00
1.4281e+00	1.7700e-01	9.3403e-01	0.0000e+00
1.4367e+00	1.7664e-01	9.3157e-01	0.0000e+00
1.4475e+00	1.7613e-01	9.3037e-01	0.0000e+00
1.4566e+00	1.7546e-01	9.2999e-01	0.0000e+00
1.4627e+00	1.7474e-01	9.3241e-01	0.0000e+00
1.4700e+00	1.7383e-01	9.3534e-01	0.0000e+00
1.4804e+00	1.7271e-01	9.3672e-01	0.0000e+00
1.4917e+00	1.7177e-01	9.3642e-01	0.0000e+00
1.5006e+00	1.7121e-01	9.3604e-01	0.0000e+00
1.5038e+00	1.7106e-01	9.3642e-01	0.0000e+00
1.5001e+00	1.7135e-01	9.3867e-01	0.0000e+00
1.4902e+00	1.7213e-01	9.4189e-01	0.0000e+00
1.4777e+00	1.7295e-01	9.4552e-01	0.0000e+00
1.4662e+00	1.7361e-01	9.4985e-01	0.0000e+00
1.4565e+00	1.7417e-01	9.5419e-01	0.0000e+00
1.4488e+00	1.7443e-01	9.5699e-01	0.0000e+00
1.4441e+00	1.7433e-01	9.5798e-01	0.0000e+00
1.4442e+00	1.7406e-01	9.5759e-01	0.0000e+00
1.4497e+00	1.7373e-01	9.5634e-01	0.0000e+00
1.4592e+00	1.7335e-01	9.5448e-01	0.0000e+00
1.4694e+00	1.7292e-01	9.5219e-01	0.0000e+00
1.4769e+00	1.7234e-01	9.4986e-01	0.0000e+00
1.4799e+00	1.7186e-01	9.4737e-01	0.0000e+00
1.4819e+00	1.7156e-01	9.4460e-01	0.0000e+00
1.4854e+00	1.7121e-01	9.4201e-01	0.0000e+00
1.4913e+00	1.7086e-01	9.3958e-01	0.0000e+00
1.4991e+00	1.7051e-01	9.3670e-01	0.0000e+00
1.5077e+00	1.7017e-01	9.3496e-01	0.0000e+00
1.5152e+00	1.6988e-01	9.3423e-01	0.0000e+00
1.5195e+00	1.6975e-01	9.3344e-01	0.0000e+00
1.5248e+00	1.6970e-01	9.3281e-01	0.0000e+00
1.5326e+00	1.6960e-01	9.3243e-01	0.0000e+00
1.5435e+00	1.6935e-01	9.3271e-01	0.0000e+00
1.5545e+00	1.6906e-01	9.3417e-01	0.0000e+00
1.5589e+00	1.6899e-01	9.3503e-01	0.0000e+00
1.5543e+00	1.6926e-01	9.3108e-01	0.0000e+00
1.5428e+00	1.7001e-01	9.2374e-01	0.0000e+00
1.5297e+00	1.7118e-01	9.1549e-01	1.0000e+00
1.5195e+00	1.7200e-01	9.1056e-01	0.0000e+00
1.5110e+00	1.7248e-01	9.1043e-01	0.0000e+00
1.5047e+00	1.7274e-01	9.1298e-01	0.0000e+00
1.5029e+00	1.7289e-01	9.1800e-01	0.0000e+00
1.5067e+00	1.7298e-01	9.3011e-01	0.0000e+00
1.5153e+00	1.7297e-01	9.4566e-01	0.0000e+00
1.5256e+00	1.7274e-01	9.5966e-01	0.0000e+00
1.5343e+00	1.7233e-01	9.6979e-01	0.0000e+00
1.5421e+00	1.7196e-01	9.7586e-01	0.0000e+00
1.5495e+00	1.7171e-01	9.7899e-01	0.0000e+00
1.5549e+00	1.7192e-01	9.7939e-01	0.0000e+00
1.5579e+00	1.7229e-01	9.7886e-01	0.0000e+00
1.5591e+00	1.7254e-01	9.7748e-01	0.0000e+00
1.5596e+00	1.7282e-01	9.7654e-01	0.0000e+00
1.5587e+00	1.7335e-01	9.7578e-01	0.0000e+00
1.5559e+00	1.7427e-01	9.7307e-01	0.0000e+00
1.5515e+00	1.7514e-01	9.7208e-01	0.0000e+00
1.5468e+00	1.7561e-01	9.7278e-01	0.0000e+00
1.5445e+00	1.7571e-01	9.7381e-01	0.0000e+00
1.5462e+00	1.7550e-01	9.7476e-01	0.0000e+00
1.5526e+00	1.7498e-01	9.7535e-01	0.0000e+00
1.5612e+00	1.7428e-01	9.7565e-01	0.0000e+00
1.5695e+00	1.7363e-01	9.7610e-01	0.0000e+00
1.5760e+00	1.7303e-01	9.7641e-01	0.0000e+00
1.5808e+00	1.7258e-01	9.7607e-01	0.0000e+00
1.5863e+00	1.7239e-01	9.7533e-01	0.0000e+00
1.5925e+00	1.7226e-01	9.7450e-01	0.0000e+00
1.5979e+00	1.7219e-01	9.7374e-01	0.0000e+00
1.6003e+00	1.7220e-01	9.7308e-01	0.0000e+00
1.5977e+00	1.7233e-01	9.7250e-01	0.0000e+00
1.5911e+00	1.7260e-01	9.7199e-01	0.0000e+00
1.5830e+00	1.7308e-01	9.7146e-01	0.0000e+00
1.5772e+00	1.7366e-01	9.7260e-01	0.0000e+00
1.5769e+00	1.7391e-01	9.7558e-01	0.0000e+00
1.5839e+00	1.7349e-01	9.7889e-01	0.0000e+00
1.5951e+00	1.7272e-01	9.8149e-01	0.0000e+00
1.6077e+00	1.7190e-01	9.8317e-01	0.0000e+00
1.6188e+00	1.7109e-01	9.8393e-01	0.0000e+00
1.6255e+00	1.7059e-01	9.8405e-01	0.0000e+00
1.6253e+00	1.7121e-01	9.8381e-01	0.0000e+00
1.6196e+00	1.7251e-01	9.8327e-01	0.0000e+00
1.6102e+00	1.7334e-01	9.8120e-01	0.0000e+00
1.5994e+00	1.7370e-01	9.7645e-01	0.0000e+00
1.5919e+00	1.7369e-01	9.7286e-01	0.0000e+00
1.5908e+00	1.7346e-01	9.7185e-01	0.0000e+00
1.5960e+00	1.7301e-01	9.7252e-01	0.0000e+00
1.6031e+00	1.7243e-01	9.7401e-01	0.0000e+00
1.6064e+00	1.7210e-01	9.7592e-01	0.0000e+00
1.6036e+00	1.7230e-01	9.7880e-01	0.0000e+00
1.5962e+00	1.7324e-01	9.8475e-01	0.0000e+00
1.5883e+00	1.7436e-01	9.9034e-01	0.0000e+00
1.5842e+00	1.7481e-01	9.9429e-01	0.0000e+00
1.5846e+00	1.7484e-01	9.9956e-01	0.0000e+00
1.5870e+00	1.7485e-01	1.0029e+00	0.0000e+00
1.5898e+00	1.7491e-01	1.0041e+00	0.0000e+00
1.5923e+00	1.7500e-01	1.0041e+00	0.0000e+00
1.5946e+00	1.7514e-01	1.0035e+00	0.0000e+00
1.5978e+00	1.7532e-01	1.0026e+00	0.0000e+00
1.6007e+00	1.7545e-01	1.0017e+00	0.0000e+00
1.6011e+00	1.7565e-01	1.0010e+00	0.0000e+00
1.5980e+00	1.7596e-01	1.0005e+00	0.0000e+00
1.5920e+00	1.7639e-01	1.0000e+00	0.0000e+00
1.5849e+00	1.7694e-01	9.9955e-01	0.0000e+00
1.5799e+00	1.7730e-01	9.9914e-01	0.0000e+00
1.5787e+00	1.7736e-01	9.9895e-01	1.0000e+00
1.5819e+00	1.7690e-01	9.9844e-01	0.0000e+00
1.5877e+00	1.7583e-01	9.9755e-01	0.0000e+00
1.5937e+00	1.7439e-01	9.9652e-01	0.0000e+00
1.5997e+00	1.7348e-01	9.9572e-01	0.0000e+00
1.6050e+00	1.7324e-01	9.9525e-01	0.0000e+00
1.6073e+00	1.7358e-01	9.9485e-01	0.0000e+00
1.6048e+00	1.7421e-01	9.9432e-01	0.0000e+00
1.5977e+00	1.7512e-01	9.9314e-01	0.0000e+00
1.5910e+00	1.7578e-01	9.9171e-01	0.0000e+00
1.5872e+00	1.7615e-01	9.9090e-01	0.0000e+00
1.5872e+00	1.7631e-01	9.8994e-01	0.0000e+00
1.5911e+00	1.7626e-01	9.8872e-01	0.0000e+00
1.5959e+00	1.7624e-01	9.8792e-01	0.0000e+00
1.5987e+00	1.7661e-01	9.8683e-01	0.0000e+00
1.5968e+00	1.7737e-01	9.8542e-01	0.0000e+00
1.5915e+00	1.7830e-01	9.8429e-01	0.0000e+00
1.5886e+00	1.7872e-01	9.8311e-01	0.0000e+00
1.5915e+00	1.7883e-01	9.8192e-01	0.0000e+00
1.5984e+00	1.7886e-01	9.8079e-01	0.0000e+00
1.6069e+00	1.7887e-01	9.7969e-01	0.0000e+00
1.6153e+00	1.7887e-01	9.7849e-01	0.0000e+00
1.6234e+00	1.7881e-01	9.7767e-01	0.0000e+00
1.6313e+00	1.7879e-01	9.7759e-01	0.0000e+00
1.6387e+00	1.7895e-01	9.7759e-01	0.0000e+00
1.6468e+00	1.7957e-01	9.7773e-01	0.0000e+00
1.6589e+00	1.8062e-01	9.7794e-01	0.0000e+00
1.6750e+00	1.8165e-01	9.7801e-01	0.0000e+00
1.6915e+00	1.8263e-01	9.7792e-01	0.0000e+00
1.7082e+00	1.8321e-01	9.7774e-01	0.0000e+00
1.7256e+00	1.8336e-01	9.7739e-01	0.0000e+00
1.7424e+00	1.8317e-01	9.7708e-01	0.0000e+00
1.7608e+00	1.8271e-01	9.7622e-01	0.0000e+00
1.7796e+00	1.8208e-01	9.7490e-01	0.0000e+00
1.7977e+00	1.8131e-01	9.7412e-01	0.0000e+00
1.8131e+00	1.8060e-01	9.7381e-01	0.0000e+00
1.8233e+00	1.8005e-01	9.7366e-01	0.0000e+00
1.8277e+00	1.7985e-01	9.7343e-01	0.0000e+00
1.8287e+00	1.7989e-01	9.7301e-01	0.0000e+00
1.8262e+00	1.8012e-01	9.7244e-01	0.0000e+00
1.8206e+00	1.8053e-01	9.7175e-01	0.0000e+00
1.8134e+00	1.8116e-01	9.7098e-01	0.0000e+00
1.8070e+00	1.8173e-01	9.7021e-01	0.0000e+00
1.8033e+00	1.8201e-01	9.6938e-01	0.0000e+00
1.8035e+00	1.8175e-01	9.6843e-01	0.0000e+00
1.8075e+00	1.8113e-01	9.6745e-01	0.0000e+00
1.8139e+00	1.8062e-01	9.6648e-01	0.0000e+00
1.8217e+00	1.8040e-01	9.6544e-01	0.0000e+00
1.8274e+00	1.8033e-01	9.6447e-01	0.0000e+00
1.8290e+00	1.8040e-01	9.6367e-01	0.0000e+00
1.8265e+00	1.8071e-01	9.6285e-01	0.0000e+00
1.8286e+00	1.8096e-01	9.6214e-01	0.0000e+00
1.8364e+00	1.8088e-01	9.6176e-01	0.0000e+00
1.8432e+00	1.8068e-01	9.6130e-01	0.0000e+00
1.8449e+00	1.8053e-01	9.6094e-01	0.0000e+00
1.8427e+00	1.8041e-01	9.6107e-01	0.0000e+00
1.8450e+00	1.8011e-01	9.6159e-01	0.0000e+00
1.8549e+00	1.7960e-01	9.6238e-01	0.0000e+00
1.8700e+00	1.7880e-01	9.6325e-01	0.0000e+00
1.8864e+00	1.7767e-01	9.6390e-01	0.0000e+00
1.8994e+00	1.7674e-01	9.6415e-01	0.0000e+00
1.9066e+00	1.7636e-01	9.6410e-01	0.0000e+00
1.9104e+00	1.7636e-01	9.6392e-01	0.0000e+00
1.9170e+00	1.7613e-01	9.6356e-01	0.0000e+00
1.9238e+00	1.7607e-01	9.6300e-01	0.0000e+00
1.9272e+00	1.7617e-01	9.6258e-01	0.0000e+00
1.9252e+00	1.7640e-01	9.6206e-01	0.0000e+00
1.9188e+00	1.7680e-01	9.6131e-01	0.0000e+00
1.9125e+00	1.7727e-01	9.6044e-01	0.0000e+00
1.9148e+00	1.7738e-01	9.5954e-01	0.0000e+00
1.9266e+00	1.7710e-01	9.5884e-01	0.0000e+00
1.9386e+00	1.7681e-01	9.5820e-01	0.0000e+00
1.9437e+00	1.7676e-01	9.5733e-01	0.0000e+00
1.9391e+00	1.7689e-01	9.5658e-01	0.0000e+00
1.9254e+00	1.7731e-01	9.5590e-01	0.0000e+00
1.9074e+00	1.7834e-01	9.5507e-01	0.0000e+00
1.8908e+00	1.7961e-01	9.5450e-01	0.0000e+00
1.8759e+00	1.8075e-01	9.5400e-01	0.0000e+00
1.8589e+00	1.8166e-01	9.5351e-01	0.0000e+00
1.8398e+00	1.8239e-01	9.5307e-01	0.0000e+00
1.8194e+00	1.8316e-01	9.5283e-01	0.0000e+00
1.7990e+00	1.8398e-01	9.5284e-01	0.0000e+00
1.7822e+00	1.8467e-01	9.5309e-01	0.0000e+00
1.7714e+00	1.8507e-01	9.5346e-01	0.0000e+00
1.7671e+00	1.8492e-01	9.5366e-01	0.0000e+00
1.7670e+00	1.8409e-01	9.5387e-01	0.0000e+00
1.7694e+00	1.8333e-01	9.5408e-01	0.0000e+00
1.7749e+00	1.8267e-01	9.5439e-01	0.0000e+00
1.7803e+00	1.8220e-01	9.5480e-01	0.0000e+00
1.7827e+00	1.8189e-01	9.5517e-01	0.0000e+00
1.7807e+00	1.8171e-01	9.5542e-01	0.0000e+00
1.7739e+00	1.8175e-01	9.5551e-01	0.0000e+00
1.7684e+00	1.8176e-01	9.5520e-01	0.0000e+00
1.7695e+00	1.8139e-01	9.5453e-01	0.0000e+00
1.7742e+00	1.8065e-01	9.5398e-01	0.0000e+00
1.7790e+00	1.7978e-01	9.5315e-01	0.0000e+00
1.7823e+00	1.7890e-01	9.5209e-01	0.0000e+00
1.7841e+00	1.7815e-01	9.5137e-01	0.0000e+00
1.7877e+00	1.7747e-01	9.5070e-01	0.0000e+00
1.7959e+00	1.7648e-01	9.4994e-01	0.0000e+00
1.8079e+00	1.7528e-01	9.4911e-01	0.0000e+00
1.8208e+00	1.7385e-01	9.4824e-01	0.0000e+00
1.8314e+00	1.7260e-01	9.4733e-01	0.0000e+00
1.8368e+00	1.7187e-01	9.4641e-01	0.0000e+00
1.8367e+00	1.7164e-01	9.4553e-01	0.0000e+00
1.8330e+00	1.7184e-01	9.4473e-01	0.0000e+00
1.8257e+00	1.7233e-01	9.4404e-01	0.0000e+00
1.8157e+00	1.7304e-01	9.4350e-01	0.0000e+00
1.8061e+00	1.7382e-01	9.4297e-01	0.0000e+00
1.8022e+00	1.7424e-01	9.4248e-01	0.0000e+00
1.8058e+00	1.7419e-01	9.4223e-01	0.0000e+00
1.8142e+00	1.7384e-01	9.4280e-01	0.0000e+00
1.8214e+00	1.7373e-01	9.4369e-01	0.0000e+00
1.8242e+00	1.7372e-01	9.4451e-01	0.0000e+00
1.8220e+00	1.7382e-01	9.4522e-01	0.0000e+00
1.8164e+00	1.7417e-01	9.4576e-01	0.0000e+00
1.8128e+00	1.7441e-01	9.4742e-01	0.0000e+00
1.8163e+00	1.7397e-01	9.4942e-01	0.0000e+00
1.8248e+00	1.7324e-01	9.5064e-01	0.0000e+00
1.8335e+00	1.7264e-01	9.5138e-01	0.0000e+00
1.8364e+00	1.7232e-01	9.5189e-01	0.0000e+00
1.8320e+00	1.7224e-01	9.5220e-01	0.0000e+00
1.8224e+00	1.7251e-01	9.5218e-01	0.0000e+00
1.8124e+00	1.7303e-01	9.5190e-01	0.0000e+00
1.8061e+00	1.7353e-01	9.5158e-01	0.0000e+00
1.8049e+00	1.7342e-01	9.5138e-01	0.0000e+00
1.8051e+00	1.7315e-01	9.5145e-01	0.0000e+00
1.8047e+00	1.7339e-01	9.5205e-01	0.0000e+00
1.8033e+00	1.7387e-01	9.5334e-01	0.0000e+00
1.8010e+00	1.7437e-01	9.5511e-01	0.0000e+00
1.7989e+00	1.7483e-01	9.5691e-01	0.0000e+00
1.7984e+00	1.7521e-01	9.5840e-01	0.0000e+00
1.8003e+00	1.7551e-01	9.5933e-01	0.0000e+00
1.8048e+00	1.7567e-01	9.5970e-01	0.0000e+00
1.8113e+00	1.7553e-01	9.5955e-01	0.0000e+00
1.8180e+00	1.7491e-01	9.5900e-01	0.0000e+00
1.8219e+00	1.7439e-01	9.5850e-01	0.0000e+00
1.8204e+00	1.7484e-01	9.5781e-01	0.0000e+00
1.8126e+00	1.7579e-01	9.5728e-01	0.0000e+00
1.8009e+00	1.7673e-01	9.5709e-01	0.0000e+00
1.7910e+00	1.7715e-01	9.5683e-01	0.0000e+00
1.7877e+00	1.7726e-01	9.5633e-01	0.0000e+00
1.7929e+00	1.7719e-01	9.5563e-01	0.0000e+00
1.8046e+00	1.7684e-01	9.5486e-01	0.0000e+00
1.8181e+00	1.7611e-01	9.5416e-01	0.0000e+00
1.8282e+00	1.7547e-01	9.5360e-01	0.0000e+00
1.8342e+00	1.7500e-01	9.5314e-01	0.0000e+00
1.8402e+00	1.7452e-01	9.5268e-01	0.0000e+00
1.8504e+00	1.7377e-01	9.5218e-01	0.0000e+00
1.8618e+00	1.7304e-01	9.5146e-01	0.0000e+00
1.8713e+00	1.7241e-01	9.5078e-01	0.0000e+00
1.8766e+00	1.7204e-01	9.5025e-01	0.0000e+00
1.8773e+00	1.7209e-01	9.4940e-01	0.0000e+00
1.8749e+00	1.7251e-01	9.4860e-01	0.0000e+00
1.8708e+00	1.7300e-01	9.4809e-01	0.0000e+00
1.8664e+00	1.7307e-01	9.4728e-01	0.0000e+00
1.8624e+00	1.7293e-01	9.4599e-01	0.0000e+00
1.8595e+00	1.7280e-01	9.4461e-01	0.0000e+00
1.8573e+00	1.7260e-01	9.4321e-01	0.0000e+00
1.8549e+00	1.7246e-01	9.4229e-01	0.0000e+00
1.8542e+00	1.7227e-01	9.4182e-01	0.0000e+00
1.8561e+00	1.7203e-01	9.4202e-01	0.0000e+00
1.8598e+00	1.7166e-01	9.4258e-01	0.0000e+00
1.8637e+00	1.7120e-01	9.4314e-01	0.0000e+00
1.8666e+00	1.7072e-01	9.4344e-01	0.0000e+00
1.8682e+00	1.7038e-01	9.4343e-01	0.0000e+00
1.8684e+00	1.7035e-01	9.4324e-01	0.0000e+00
1.8661e+00	1.7065e-01	9.4288e-01	0.0000e+00
1.8608e+00	1.7103e-01	9.4237e-01	0.0000e+00
1.8543e+00	1.7126e-01	9.4173e-01	0.0000e+00
1.8474e+00	1.7140e-01	9.4076e-01	0.0000e+00
1.8380e+00	1.7160e-01	9.3971e-01	0.0000e+00
1.8235e+00	1.7204e-01	9.3902e-01	0.0000e+00
1.8046e+00	1.7276e-01	9.3804e-01	0.0000e+00
1.7848e+00	1.7369e-01	9.3682e-01	0.0000e+00
1.7683e+00	1.7393e-01	9.3612e-01	0.0000e+00
1.7551e+00	1.7307e-01	9.3542e-01	0.0000e+00
1.7439e+00	1.7170e-01	9.3518e-01	0.0000e+00
1.7339e+00	1.7038e-01	9.3537e-01	0.0000e+00
1.7225e+00	1.6963e-01	9.3555e-01	0.0000e+00
1.7073e+00	1.6953e-01	9.3544e-01	0.0000e+00
1.6898e+00	1.7006e-01	9.3511e-01	0.0000e+00
1.6703e+00	1.7103e-01	9.3462e-01	0.0000e+00
1.6531e+00	1.7172e-01	9.3399e-01	0.0000e+00
1.6421e+00	1.7205e-01	9.3324e-01	0.0000e+00
1.6389e+00	1.7217e-01	9.3240e-01	0.0000e+00
1.6443e+00	1.7204e-01	9.3148e-01	0.0000e+00
1.6555e+00	1.7153e-01	9.3052e-01	0.0000e+00
1.6660e+00	1.7080e-01	9.2952e-01	0.0000e+00
1.6731e+00	1.7001e-01	9.2873e-01	0.0000e+00
1.6810e+00	1.6912e-01	9.2792e-01	0.0000e+00
1.6924e+00	1.6800e-01	9.2625e-01	0.0000e+00
1.7049e+00	1.6687e-01	9.2511e-01	0.0000e+00
1.7155e+00	1.6598e-01	9.2478e-01	0.0000e+00
1.7221e+00	1.6565e-01	9.2449e-01	0.0000e+00
1.7251e+00	1.6579e-01	9.2403e-01	0.0000e+00
1.7249e+00	1.6610e-01	9.2373e-01	0.0000e+00
1.7196e+00	1.6652e-01	9.2337e-01	0.0000e+00
1.7098e+00	1.6706e-01	9.2291e-01	0.0000e+00
1.6983e+00	1.6786e-01	9.2250e-01	0.0000e+00
1.6886e+00	1.6897e-01	9.2203e-01	0.0000e+00
1.6766e+00	1.7016e-01	9.2150e-01	0.0000e+00
1.6627e+00	1.7129e-01	9.2090e-01	0.0000e+00
1.6491e+00	1.7230e-01	9.2019e-01	0.0000e+00
1.6382e+00	1.7328e-01	9.1942e-01	0.0000e+00
1.6313e+00	1.7420e-01	9.1864e-01	0.0000e+00
1.6218e+00	1.7524e-01	9.1789e-01	0.0000e+00
1.6073e+00	1.7638e-01	9.1715e-01	0.0000e+00
1.5901e+00	1.7760e-01	9.1645e-01	0.0000e+00
1.5744e+00	1.7869e-01	9.1585e-01	0.0000e+00
1.5670e+00	1.7886e-01	9.1528e-01	0.0000e+00
1.5713e+00	1.7834e-01	9.1488e-01	0.0000e+00
1.5830e+00	1.7745e-01	9.1459e-01	0.0000e+00
1.5914e+00	1.7710e-01	9.1418e-01	0.0000e+00
1.5929e+00	1.7698e-01	9.1383e-01	0.0000e+00
1.5877e+00	1.7701e-01	9.1347e-01	0.0000e+00
1.5795e+00	1.7713e-01	9.1311e-01	0.0000e+00
1.5752e+00	1.7696e-01	9.1276e-01	0.0000e+00
1.5781e+00	1.7644e-01	9.1236e-01	0.0000e+00
1.5813e+00	1.7607e-01	9.1206e-01	0.0000e+00
1.5805e+00	1.7583e-01	9.1186e-01	0.0000e+00
1.5755e+00	1.7568e-01	9.1165e-01	0.0000e+00
1.5679e+00	1.7561e-01	9.1153e-01	0.0000e+00
1.5606e+00	1.7568e-01	9.1157e-01	0.0000e+00
1.5562e+00	1.7603e-01	9.1185e-01	0.0000e+00
1.5555e+00	1.7614e-01	9.1246e-01	0.0000e+00
1.5551e+00	1.7608e-01	9.1349e-01	0.0000e+00
1.5543e+00	1.7617e-01	9.1502e-01	0.0000e+00
1.5530e+00	1.7655e-01	9.1696e-01	0.0000e+00
1.5521e+00	1.7693e-01	9.1902e-01	0.0000e+00
1.5524e+00	1.7687e-01	9.2092e-01	0.0000e+00
1.5540e+00	1.7648e-01	9.2251e-01	0.0000e+00
1.5569e+00	1.7599e-01	9.2376e-01	0.0000e+00
1.5618e+00	1.7551e-01	9.2465e-01	0.0000e+00
1.5692e+00	1.7513e-01	9.2508e-01	0.0000e+00
1.5775e+00	1.7492e-01	9.2534e-01	0.0000e+00
1.5837e+00	1.7483e-01	9.2546e-01	0.0000e+00
1.5844e+00	1.7494e-01	9.2534e-01	0.0000e+00
1.5789e+00	1.7527e-01	9.2494e-01	0.0000e+00
1.5697e+00	1.7590e-01	9.2438e-01	0.0000e+00
1.5600e+00	1.7706e-01	9.2370e-01	0.0000e+00
1.5529e+00	1.7852e-01	9.2290e-01	0.0000e+00
1.5458e+00	1.7982e-01	9.2218e-01	0.0000e+00
1.5368e+00	1.8058e-01	9.2164e-01	0.0000e+00
1.5301e+00	1.8098e-01	9.2113e-01	0.0000e+00
1.5287e+00	1.8122e-01	9.2051e-01	0.0000e+00
1.5335e+00	1.8134e-01	9.1982e-01	0.0000e+00
1.5431e+00	1.8121e-01	9.1911e-01	0.0000e+00
1.5508e+00	1.8096e-01	9.1841e-01	0.0000e+00
1.5522e+00	1.8090e-01	9.1776e-01	0.0000e+00
1.5530e+00	1.8083e-01	9.1721e-01	0.0000e+00
1.5573e+00	1.8072e-01	9.1676e-01	0.0000e+00
1.5653e+00	1.8059e-01	9.1636e-01	0.0000e+00
1.5757e+00	1.8038e-01	9.1609e-01	0.0000e+00
1.5851e+00	1.8006e-01	9.1601e-01	0.0000e+00
1.5896e+00	1.7969e-01	9.1597e-01	0.0000e+00
1.5892e+00	1.7961e-01	9.1587e-01	0.0000e+00
1.5872e+00	1.7979e-01	9.1565e-01	0.0000e+00
1.5859e+00	1.7950e-01	9.1545e-01	0.0000e+00
1.5832e+00	1.7923e-01	9.1523e-01	0.0000e+00
1.5780e+00	1.7907e-01	9.1520e-01	0.0000e+00
1.5712e+00	1.7905e-01	9.1508e-01	0.0000e+00
1.5661e+00	1.7909e-01	9.1523e-01	0.0000e+00
1.5655e+00	1.7908e-01	9.1584e-01	0.0000e+00
1.5707e+00	1.7891e-01	9.1689e-01	0.0000e+00
1.5797e+00	1.7836e-01	9.1808e-01	0.0000e+00
1.5855e+00	1.7785e-01	9.1901e-01	0.0000e+00
1.5818e+00	1.7806e-01	9.1925e-01	0.0000e+00
1.5712e+00	1.7888e-01	9.1890e-01	0.0000e+00
1.5574e+00	1.8012e-01	9.1821e-01	0.0000e+00
1.5443e+00	1.8139e-01	9.1745e-01	0.0000e+00
1.5349e+00	1.8262e-01	9.1680e-01	0.0000e+00
1.5303e+00	1.8363e-01	9.1629e-01	0.0000e+00
1.5291e+00	1.8414e-01	9.1590e-01	0.0000e+00
1.5294e+00	1.8434e-01	9.1559e-01	0.0000e+00
1.5295e+00	1.8443e-01	9.1538e-01	0.0000e+00
1.5297e+00	1.8419e-01	9.1530e-01	0.0000e+00
1.5322e+00	1.8350e-01	9.1520e-01	0.0000e+00
1.5381e+00	1.8274e-01	9.1491e-01	0.0000e+00
1.5451e+00	1.8217e-01	9.1440e-01	0.0000e+00
1.5496e+00	1.8177e-01	9.1372e-01	0.0000e+00
1.5499e+00	1.8153e-01	9.1292e-01	0.0000e+00
1.5457e+00	1.8142e-01	9.1229e-01	0.0000e+00
1.5381e+00	1.8143e-01	9.1202e-01	0.0000e+00
1.5305e+00	1.8152e-01	9.1200e-01	0.0000e+00
1.5254e+00	1.8157e-01	9.1207e-01	0.0000e+00
1.5249e+00	1.8114e-01	9.1220e-01	0.0000e+00
1.5295e+00	1.8015e-01	9.1233e-01	0.0000e+00
1.5366e+00	1.7902e-01	9.1242e-01	0.0000e+00
1.5438e+00	1.7805e-01	9.1238e-01	0.0000e+00
1.5471e+00	1.7772e-01	9.1215e-01	0.0000e+00
1.5439e+00	1.7783e-01	9.1180e-01	0.0000e+00
1.5336e+00	1.7821e-01	9.1142e-01	0.0000e+00
1.5205e+00	1.7858e-01	9.1099e-01	0.0000e+00
1.5110e+00	1.7883e-01	9.1057e-01	0.0000e+00
1.5087e+00	1.7890e-01	9.0995e-01	0.0000e+00
1.5136e+00	1.7871e-01	9.0921e-01	0.0000e+00
1.5199e+00	1.7843e-01	9.0868e-01	0.0000e+00
1.5234e+00	1.7827e-01	9.0845e-01	0.0000e+00
1.5253e+00	1.7817e-01	9.0817e-01	0.0000e+00
1.5265e+00	1.7803e-01	9.0762e-01	0.0000e+00
1.5273e+00	1.7781e-01	9.0682e-01	0.0000e+00
1.5296e+00	1.7729e-01	9.0564e-01	0.0000e+00
1.5372e+00	1.7636e-01	9.0426e-01	0.0000e+00
1.5493e+00	1.7532e-01	9.0230e-01	0.0000e+00
1.5622e+00	1.7469e-01	9.0030e-01	0.0000e+00
1.5739e+00	1.7420e-01	8.9876e-01	0.0000e+00
1.5853e+00	1.7361e-01	8.9781e-01	0.0000e+00
1.6007e+00	1.7293e-01	8.9739e-01	0.0000e+00
1.6162e+00	1.7253e-01	8.9738e-01	0.0000e+00
1.6268e+00	1.7250e-01	8.9762e-01	0.0000e+00
1.6303e+00	1.7269e-01	8.9795e-01	0.0000e+00
1.6277e+00	1.7302e-01	8.9820e-01	0.0000e+00
1.6217e+00	1.7343e-01	8.9840e-01	0.0000e+00
1.6166e+00	1.7356e-01	8.9865e-01	0.0000e+00
1.6139e+00	1.7333e-01	8.9932e-01	0.0000e+00
1.6122e+00	1.7287e-01	8.9994e-01	0.0000e+00
1.6088e+00	1.7286e-01	9.0059e-01	0.0000e+00
1.6030e+00	1.7321e-01	9.0032e-01	0.0000e+00
1.5946e+00	1.7369e-01	8.9944e-01	0.0000e+00
1.5850e+00	1.7412e-01	8.9832e-01	0.0000e+00
1.5791e+00	1.7420e-01	8.9720e-01	0.0000e+00
1.5796e+00	1.7398e-01	8.9626e-01	0.0000e+00
1.5873e+00	1.7343e-01	8.9535e-01	0.0000e+00
1.5999e+00	1.7248e-01	8.9456e-01	0.0000e+00
1.6116e+00	1.7170e-01	8.9404e-01	0.0000e+00
1.6172e+00	1.7144e-01	8.9391e-01	0.0000e+00
1.6157e+00	1.7152e-01	8.9418e-01	0.0000e+00
1.6096e+00	1.7180e-01	8.9479e-01	0.0000e+00
1.6033e+00	1.7198e-01	8.9551e-01	0.0000e+00
1.6000e+00	1.7193e-01	8.9614e-01	0.0000e+00
1.6024e+00	1.7144e-01	8.9656e-01	0.0000e+00
1.6104e+00	1.7057e-01	8.9659e-01	0.0000e+00
1.6213e+00	1.6985e-01	8.9622e-01	0.0000e+00
1.6301e+00	1.6939e-01	8.9562e-01	0.0000e+00
1.6324e+00	1.6902e-01	8.9511e-01	0.0000e+00
1.6261e+00	1.6880e-01	8.9484e-01	0.0000e+00
1.6127e+00	1.6897e-01	8.9454e-01	0.0000e+00
1.5975e+00	1.6969e-01	8.9347e-01	0.0000e+00
1.5860e+00	1.7059e-01	8.9178e-01	0.0000e+00
1.5764e+00	1.7136e-01	8.9057e-01	0.0000e+00
1.5656e+00	1.7205e-01	8.8948e-01	0.0000e+00
1.5552e+00	1.7261e-01	8.8887e-01	0.0000e+00
1.5480e+00	1.7316e-01	8.8911e-01	0.0000e+00
1.5466e+00	1.7341e-01	8.8993e-01	0.0000e+00
1.5493e+00	1.7338e-01	8.9132e-01	0.0000e+00
1.5544e+00	1.7315e-01	8.9299e-01	0.0000e+00
1.5620e+00	1.7275e-01	8.9464e-01	0.0000e+00
1.5718e+00	1.7219e-01	8.9602e-01	0.0000e+00
1.5819e+00	1.7140e-01	8.9696e-01	0.0000e+00
1.5887e+00	1.7035e-01	8.9750e-01	0.0000e+00
1.5905e+00	1.6992e-01	8.9764e-01	0.0000e+00
1.5894e+00	1.7042e-01	8.9760e-01	0.0000e+00
1.5881e+00	1.7082e-01	8.9819e-01	0.0000e+00
1.5874e+00	1.7060e-01	8.9901e-01	0.0000e+00
1.5886e+00	1.6999e-01	8.9956e-01	0.0000e+00
1.5936e+00	1.6922e-01	8.9962e-01	0.0000e+00
1.6027e+00	1.6838e-01	8.9900e-01	0.0000e+00
1.6142e+00	1.6748e-01	8.9787e-01	0.0000e+00
1.6242e+00	1.6673e-01	8.9680e-01	0.0000e+00
1.6260e+00	1.6694e-01	8.9512e-01	0.0000e+00
1.6176e+00	1.6786e-01	8.9293e-01	0.0000e+00
1.6036e+00	1.6881e-01	8.9080e-01	0.0000e+00
1.5886e+00	1.6959e-01	8.8903e-01	0.0000e+00
1.5764e+00	1.7032e-01	8.8773e-01	0.0000e+00
1.5718e+00	1.7065e-01	8.8744e-01	0.0000e+00
1.5758e+00	1.7060e-01	8.8816e-01	0.0000e+00
1.5833e+00	1.7057e-01	8.8912e-01	0.0000e+00
1.5867e+00	1.7072e-01	8.8981e-01	0.0000e+00
1.5840e+00	1.7100e-01	8.8956e-01	0.0000e+00
1.5760e+00	1.7153e-01	8.8792e-01	0.0000e+00
1.5655e+00	1.7262e-01	8.8650e-01	0.0000e+00
1.5579e+00	1.7379e-01	8.8641e-01	0.0000e+00
1.5568e+00	1.7434e-01	8.8704e-01	0.0000e+00
1.5634e+00	1.7400e-01	8.8774e-01	0.0000e+00
1.5750e+00	1.7317e-01	8.8773e-01	0.0000e+00
1.5888e+00	1.7220e-01	8.8614e-01	0.0000e+00
1.6016e+00	1.7116e-01	8.8402e-01	0.0000e+00
1.6109e+00	1.7011e-01	8.8246e-01	0.0000e+00
1.6152e+00	1.6942e-01	8.8126e-01	0.0000e+00
1.6151e+00	1.6953e-01	8.8047e-01	0.0000e+00
1.6135e+00	1.7009e-01	8.7998e-01	0.0000e+00
1.6107e+00	1.7097e-01	8.7962e-01	0.0000e+00
1.6060e+00	1.7214e-01	8.7929e-01	0.0000e+00
1.6013e+00	1.7264e-01	8.7894e-01	0.0000e+00
1.6002e+00	1.7254e-01	8.7861e-01	0.0000e+00
1.6037e+00	1.7224e-01	8.7832e-01	0.0000e+00
1.6110e+00	1.7185e-01	8.7800e-01	0.0000e+00
1.6200e+00	1.7138e-01	8.7757e-01	0.0000e+00
1.6281e+00	1.7070e-01	8.7704e-01	0.0000e+00
1.6370e+00	1.6945e-01	8.7650e-01	0.0000e+00
1.6510e+00	1.6749e-01	8.7599e-01	0.0000e+00
1.6691e+00	1.6560e-01	8.7552e-01	0.0000e+00
1.6863e+00	1.6443e-01	8.7499e-01	0.0000e+00
1.6970e+00	1.6375e-01	8.7418e-01	0.0000e+00
1.6986e+00	1.6339e-01	8.7298e-01	0.0000e+00
1.6922e+00	1.6349e-01	8.7206e-01	0.0000e+00
1.6844e+00	1.6400e-01	8.7134e-01	0.0000e+00
1.6837e+00	1.6429e-01	8.7089e-01	0.0000e+00
1.6897e+00	1.6437e-01	8.7076e-01	0.0000e+00
1.6948e+00	1.6441e-01	8.7084e-01	0.0000e+00
1.6936e+00	1.6449e-01	8.7106e-01	0.0000e+00
1.6857e+00	1.6466e-01	8.7129e-01	0.0000e+00
1.6748e+00	1.6500e-01	8.7133e-01	0.0000e+00
1.6702e+00	1.6505e-01	8.7105e-01	0.0000e+00
1.6755e+00	1.6479e-01	8.7049e-01	0.0000e+00
1.6883e+00	1.6403e-01	8.6999e-01	0.0000e+00
1.7026e+00	1.6287e-01	8.6968e-01	0.0000e+00
1.7138e+00	1.6211e-01	8.6947e-01	0.0000e+00
1.7250e+00	1.6161e-01	8.6920e-01	0.0000e+00
1.7374e+00	1.6119e-01	8.6877e-01	0.0000e+00
1.7481e+00	1.6078e-01	8.6818e-01	0.0000e+00
1.7533e+00	1.6044e-01	8.6749e-01	0.0000e+00
1.7515e+00	1.6025e-01	8.6676e-01	0.0000e+00
1.7438e+00	1.6037e-01	8.6607e-01	0.0000e+00
1.7391e+00	1.6036e-01	8.6546e-01	0.0000e+00
1.7434e+00	1.6012e-01	8.6501e-01	0.0000e+00
1.7553e+00	1.5956e-01	8.6475e-01	0.0000e+00
1.7695e+00	1.5853e-01	8.6470e-01	0.0000e+00
1.7814e+00	1.5721e-01	8.6485e-01	0.0000e+00
1.7889e+00	1.5615e-01	8.6517e-01	0.0000e+00
1.7958e+00	1.5511e-01	8.6635e-01	0.0000e+00
1.8061e+00	1.5377e-01	8.6783e-01	0.0000e+00
1.8181e+00	1.5258e-01	8.6903e-01	0.0000e+00
1.8312e+00	1.5154e-01	8.6972e-01	0.0000e+00
1.8471e+00	1.5057e-01	8.6936e-01	0.0000e+00
1.8647e+00	1.4970e-01	8.6814e-01	0.0000e+00
1.8801e+00	1.4928e-01	8.6762e-01	0.0000e+00
1.8886e+00	1.4914e-01	8.6759e-01	0.0000e+00
1.8883e+00	1.4916e-01	8.6772e-01	0.0000e+00
1.8805e+00	1.4954e-01	8.6786e-01	0.0000e+00
1.8716e+00	1.5029e-01	8.6795e-01	0.0000e+00
1.8703e+00	1.5057e-01	8.6793e-01	0.0000e+00
1.8785e+00	1.5055e-01	8.6767e-01	0.0000e+00
1.8929e+00	1.5027e-01	8.6637e-01	0.0000e+00
1.9079e+00	1.4982e-01	8.6447e-01	0.0000e+00
1.9183e+00	1.4959e-01	8.6259e-01	0.0000e+00
1.9216e+00	1.4965e-01	8.6102e-01	0.0000e+00
1.9191e+00	1.4993e-01	8.5978e-01	0.0000e+00
1.9136e+00	1.5034e-01	8.5960e-01	0.0000e+00
1.9076e+00	1.5065e-01	8.6088e-01	0.0000e+00
1.9023e+00	1.5078e-01	8.6202e-01	0.0000e+00
1.8993e+00	1.5074e-01	8.6300e-01	0.0000e+00
1.8967e+00	1.5075e-01	8.6363e-01	0.0000e+00
1.8919e+00	1.5093e-01	8.6390e-01	0.0000e+00
1.8848e+00	1.5119e-01	8.6389e-01	0.0000e+00
1.8774e+00	1.5143e-01	8.6362e-01	0.0000e+00
1.8718e+00	1.5159e-01	8.6317e-01	0.0000e+00
1.8664e+00	1.5171e-01	8.6271e-01	0.0000e+00
1.8590e+00	1.5184e-01	8.6217e-01	0.0000e+00
1.8505e+00	1.5202e-01	8.6084e-01	0.0000e+00
1.8429e+00	1.5241e-01	8.6014e-01	0.0000e+00
1.8366e+00	1.5290e-01	8.6003e-01	0.0000e+00
1.8283e+00	1.5355e-01	8.6039e-01	0.0000e+00
1.8165e+00	1.5433e-01	8.6140e-01	0.0000e+00
1.8026e+00	1.5528e-01	8.6254e-01	0.0000e+00
1.7888e+00	1.5642e-01	8.6338e-01	0.0000e+00
1.7749e+00	1.5768e-01	8.6377e-01	0.0000e+00
1.7580e+00	1.5891e-01	8.6375e-01	0.0000e+00
1.7413e+00	1.5978e-01	8.6343e-01	0.0000e+00
1.7289e+00	1.6023e-01	8.6282e-01	0.0000e+00
1.7234e+00	1.6029e-01	8.6222e-01	0.0000e+00
1.7250e+00	1.6010e-01	8.6196e-01	0.0000e+00
1.7310e+00	1.5978e-01	8.6179e-01	0.0000e+00
1.7367e+00	1.5969e-01	8.6171e-01	0.0000e+00
1.7398e+00	1.5987e-01	8.6175e-01	0.0000e+00
1.7415e+00	1.6006e-01	8.6166e-01	0.0000e+00
1.7433e+00	1.6000e-01	8.6136e-01	0.0000e+00
1.7453e+00	1.5981e-01	8.6091e-01	0.0000e+00
1.7484e+00	1.5965e-01	8.6062e-01	0.0000e+00
1.7548e+00	1.5931e-01	8.6053e-01	0.0000e+00
1.7637e+00	1.5909e-01	8.6059e-01	0.0000e+00
1.7736e+00	1.5894e-01	8.6089e-01	0.0000e+00
1.7819e+00	1.5886e-01	8.6093e-01	0.0000e+00
1.7871e+00	1.5890e-01	8.6078e-01	0.0000e+00
1.7905e+00	1.5909e-01	8.6077e-01	0.0000e+00
1.7973e+00	1.5912e-01	8.6097e-01	0.0000e+00
1.8099e+00	1.5870e-01	8.6125e-01	0.0000e+00
1.8261e+00	1.5797e-01	8.6154e-01	0.0000e+00
1.8407e+00	1.5726e-01	8.6175e-01	0.0000e+00
1.8498e+00	1.5676e-01	8.6183e-01	0.0000e+00
1.8503e+00	1.5677e-01	8.6170e-01	0.0000e+00
1.8436e+00	1.5733e-01	8.6124e-01	0.0000e+00
1.8350e+00	1.5751e-01	8.6067e-01	0.0000e+00
1.8285e+00	1.5752e-01	8.6022e-01	0.0000e+00
1.8268e+00	1.5757e-01	8.5967e-01	0.0000e+00
1.8305e+00	1.5767e-01	8.5900e-01	0.0000e+00
1.8380e+00	1.5757e-01	8.5840e-01	0.0000e+00
1.8451e+00	1.5717e-01	8.5746e-01	0.0000e+00
1.8483e+00	1.5690e-01	8.5643e-01	0.0000e+00
1.8473e+00	1.5737e-01	8.5564e-01	0.0000e+00
1.8446e+00	1.5824e-01	8.5535e-01	0.0000e+00
1.8428e+00	1.5864e-01	8.5555e-01	0.0000e+00
1.8435e+00	1.5851e-01	8.5570e-01	0.0000e+00
1.8466e+00	1.5830e-01	8.5555e-01	0.0000e+00
1.8515e+00	1.5812e-01	8.5526e-01	0.0000e+00
1.8567e+00	1.5805e-01	8.5493e-01	0.0000e+00
1.8607e+00	1.5805e-01	8.5462e-01	0.0000e+00
1.8629e+00	1.5808e-01	8.5431e-01	0.0000e+00
1.8632e+00	1.5808e-01	8.5393e-01	0.0000e+00
1.8623e+00	1.5804e-01	8.5347e-01	0.0000e+00
1.8630e+00	1.5753e-01	8.5284e-01	0.0000e+00
1.8644e+00	1.5642e-01	8.5215e-01	0.0000e+00
1.8648e+00	1.5603e-01	8.5164e-01	0.0000e+00
1.8631e+00	1.5678e-01	8.5128e-01	0.0000e+00
1.8582e+00	1.5812e-01	8.5106e-01	0.0000e+00
1.8492e+00	1.5941e-01	8.5085e-01	0.0000e+00
1.8374e+00	1.6020e-01	8.5063e-01	0.0000e+00
1.8276e+00	1.6030e-01	8.5049e-01	0.0000e+00
1.8235e+00	1.6014e-01	8.5040e-01	0.0000e+00
1.8269e+00	1.5976e-01	8.5031e-01	0.0000e+00
1.8358e+00	1.5899e-01	8.5030e-01	0.0000e+00
1.8447e+00	1.5822e-01	8.5036e-01	0.0000e+00
1.8500e+00	1.5763e-01	8.5042e-01	0.0000e+00
1.8511e+00	1.5716e-01	8.5040e-01	0.0000e+00
1.8483e+00	1.5708e-01	8.5031e-01	0.0000e+00
1.8414e+00	1.5720e-01	8.5028e-01	0.0000e+00
1.8324e+00	1.5727e-01	8.5020e-01	0.0000e+00
1.8252e+00	1.5726e-01	8.4998e-01	0.0000e+00
1.8228e+00	1.5714e-01	8.4934e-01	0.0000e+00
1.8257e+00	1.5684e-01	8.4760e-01	0.0000e+00
1.8314e+00	1.5609e-01	8.4639e-01	0.0000e+00
1.8352e+00	1.5548e-01	8.4589e-01	0.0000e+00
1.8340e+00	1.5570e-01	8.4578e-01	0.0000e+00
1.8279e+00	1.5643e-01	8.4569e-01	0.0000e+00
1.8203e+00	1.5700e-01	8.4583e-01	0.0000e+00
1.8152e+00	1.5729e-01	8.4656e-01	0.0000e+00
1.8158e+00	1.5737e-01	8.4704e-01	0.0000e+00
1.8242e+00	1.5726e-01	8.4688e-01	0.0000e+00
1.8401e+00	1.5691e-01	8.4681e-01	0.0000e+00
1.8602e+00	1.5619e-01	8.4663e-01	0.0000e+00
1.8791e+00	1.5538e-01	8.4607e-01	0.0000e+00
1.8931e+00	1.5454e-01	8.4538e-01	0.0000e+00
1.9007e+00	1.5376e-01	8.4468e-01	0.0000e+00
1.8998e+00	1.5426e-01	8.4300e-01	0.0000e+00
1.8920e+00	1.5569e-01	8.4150e-01	0.0000e+00
1.8810e+00	1.5688e-01	8.4123e-01	0.0000e+00
1.8718e+00	1.5742e-01	8.4161e-01	0.0000e+00
1.8689e+00	1.5759e-01	8.4209e-01	0.0000e+00
1.8731e+00	1.5758e-01	8.4241e-01	0.0000e+00
1.8790e+00	1.5759e-01	8.4263e-01	0.0000e+00
1.8779e+00	1.5789e-01	8.4361e-01	0.0000e+00
1.8681e+00	1.5845e-01	8.4736e-01	0.0000e+00
1.8531e+00	1.5929e-01	8.5258e-01	0.0000e+00
1.8386e+00	1.6031e-01	8.5947e-01	0.0000e+00
1.8286e+00	1.6125e-01	8.6021e-01	0.0000e+00
1.8233e+00	1.6187e-01	8.5850e-01	0.0000e+00
1.8175e+00	1.6229e-01	8.5675e-01	0.0000e+00
1.8054e+00	1.6320e-01	8.5510e-01	0.0000e+00
1.7886e+00	1.6449e-01	8.5402e-01	0.0000e+00
1.7706e+00	1.6596e-01	8.5370e-01	0.0000e+00
1.7570e+00	1.6682e-01	8.5380e-01	0.0000e+00
1.7531e+00	1.6706e-01	8.5406e-01	0.0000e+00
1.7584e+00	1.6695e-01	8.5462e-01	0.0000e+00
1.7645e+00	1.6703e-01	8.5553e-01	0.0000e+00
1.7668e+00	1.6723e-01	8.5657e-01	0.0000e+00
1.7649e+00	1.6750e-01	8.5747e-01	0.0000e+00
1.7597e+00	1.6786e-01	8.5804e-01	0.0000e+00
1.7532e+00	1.6834e-01	8.5834e-01	0.0000e+00
1.7474e+00	1.6866e-01	8.5847e-01	0.0000e+00
1.7422e+00	1.6886e-01	8.5841e-01	0.0000e+00
1.7376e+00	1.6908e-01	8.5813e-01	0.0000e+00
1.7338e+00	1.6936e-01	8.5744e-01	0.0000e+00
1.7305e+00	1.6971e-01	8.5669e-01	0.0000e+00
1.7274e+00	1.7011e-01	8.5591e-01	0.0000e+00
1.7198e+00	1.7127e-01	8.5497e-01	0.0000e+00
1.7066e+00	1.7284e-01	8.5423e-01	0.0000e+00
1.6910e+00	1.7448e-01	8.5356e-01	0.0000e+00
1.6772e+00	1.7549e-01	8.5311e-01	0.0000e+00
1.6704e+00	1.7590e-01	8.5270e-01	0.0000e+00
1.6729e+00	1.7577e-01	8.5249e-01	0.0000e+00
1.6796e+00	1.7545e-01	8.5226e-01	0.0000e+00
1.6841e+00	1.7533e-01	8.5145e-01	0.0000e+00
1.6845e+00	1.7531e-01	8.5075e-01	0.0000e+00
1.6792e+00	1.7543e-01	8.5089e-01	0.0000e+00
1.6670e+00	1.7594e-01	8.5157e-01	0.0000e+00
1.6512e+00	1.7680e-01	8.5248e-01	0.0000e+00
1.6377e+00	1.7736e-01	8.5329e-01	0.0000e+00
1.6322e+00	1.7761e-01	8.5404e-01	0.0000e+00
1.6363e+00	1.7765e-01	8.5473e-01	0.0000e+00
1.6480e+00	1.7729e-01	8.5525e-01	0.0000e+00
1.6598e+00	1.7650e-01	8.5554e-01	0.0000e+00
1.6629e+00	1.7615e-01	8.5542e-01	0.0000e+00
1.6552e+00	1.7632e-01	8.5499e-01	0.0000e+00
1.6399e+00	1.7722e-01	8.5477e-01	0.0000e+00
1.6264e+00	1.7767e-01	8.5466e-01	0.0000e+00
1.6201e+00	1.7774e-01	8.5460e-01	0.0000e+00
1.6220e+00	1.7759e-01	8.5461e-01	0.0000e+00
1.6290e+00	1.7725e-01	8.5472e-01	0.0000e+00
1.6369e+00	1.7687e-01	8.5497e-01	0.0000e+00
1.6431e+00	1.7665e-01	8.5544e-01	0.0000e+00
1.6489e+00	1.7651e-01	8.5610e-01	0.0000e+00
1.6569e+00	1.7625e-01	8.5692e-01	0.0000e+00
1.6680e+00	1.7586e-01	8.5792e-01	0.0000e+00
1.6804e+00	1.7535e-01	8.5899e-01	0.0000e+00
1.6910e+00	1.7483e-01	8.5995e-01	0.0000e+00
1.6959e+00	1.7451e-01	8.6068e-01	0.0000e+00
1.6960e+00	1.7465e-01	8.6113e-01	0.0000e+00
1.6983e+00	1.7495e-01	8.6135e-01	0.0000e+00
1.7053e+00	1.7520e-01	8.6134e-01	0.0000e+00
1.7163e+00	1.7529e-01	8.6053e-01	0.0000e+00
1.7276e+00	1.7507e-01	8.5874e-01	0.0000e+00
1.7357e+00	1.7469e-01	8.5764e-01	0.0000e+00
1.7396e+00	1.7441e-01	8.5740e-01	0.0000e+00
1.7424e+00	1.7421e-01	8.5790e-01	0.0000e+00
1.7456e+00	1.7381e-01	8.5900e-01	0.0000e+00
1.7485e+00	1.7323e-01	8.6050e-01	0.0000e+00
1.7506e+00	1.7259e-01	8.6207e-01	0.0000e+00
1.7528e+00	1.7165e-01	8.6283e-01	0.0000e+00
1.7559e+00	1.7083e-01	8.6332e-01	0.0000e+00
1.7595e+00	1.7029e-01	8.6373e-01	0.0000e+00
1.7616e+00	1.7003e-01	8.6351e-01	0.0000e+00
1.7607e+00	1.6996e-01	8.6257e-01	0.0000e+00
1.7570e+00	1.7005e-01	8.6092e-01	0.0000e+00
1.7519e+00	1.7036e-01	8.5891e-01	0.0000e+00
1.7482e+00	1.7059e-01	8.5710e-01	0.0000e+00
1.7468e+00	1.7051e-01	8.5572e-01	0.0000e+00
1.7468e+00	1.7024e-01	8.5480e-01	0.0000e+00
1.7488e+00	1.6977e-01	8.5426e-01	0.0000e+00
1.7520e+00	1.6924e-01	8.5408e-01	0.0000e+00
1.7526e+00	1.6907e-01	8.5480e-01	0.0000e+00
1.7469e+00	1.6915e-01	8.5672e-01	0.0000e+00
1.7341e+00	1.6942e-01	8.5938e-01	0.0000e+00
1.7164e+00	1.6989e-01	8.6274e-01	0.0000e+00
1.6985e+00	1.7052e-01	8.6483e-01	0.0000e+00
1.6838e+00	1.7098e-01	8.6625e-01	0.0000e+00
1.6695e+00	1.7142e-01	8.6753e-01	0.0000e+00
1.6553e+00	1.7189e-01	8.6735e-01	0.0000e+00
1.6446e+00	1.7219e-01	8.6711e-01	0.0000e+00
1.6397e+00	1.7243e-01	8.6739e-01	0.0000e+00
1.6409e+00	1.7260e-01	8.6804e-01	0.0000e+00
1.6463e+00	1.7251e-01	8.6848e-01	0.0000e+00
1.6511e+00	1.7216e-01	8.6884e-01	0.0000e+00
1.6502e+00	1.7255e-01	8.6930e-01	0.0000e+00
1.6427e+00	1.7352e-01	8.6991e-01	0.0000e+00
1.6308e+00	1.7489e-01	8.7063e-01	0.0000e+00
1.6188e+00	1.7596e-01	8.7126e-01	0.0000e+00
1.6118e+00	1.7635e-01	8.7169e-01	0.0000e+00
1.6130e+00	1.7627e-01	8.7165e-01	0.0000e+00
1.6218e+00	1.7573e-01	8.7110e-01	0.0000e+00
1.6345e+00	1.7450e-01	8.6938e-01	0.0000e+00
1.6462e+00	1.7295e-01	8.6677e-01	0.0000e+00
1.6543e+00	1.7212e-01	8.6507e-01	0.0000e+00
1.6576e+00	1.7191e-01	8.6410e-01	0.0000e+00
1.6556e+00	1.7199e-01	8.6338e-01	0.0000e+00
1.6478e+00	1.7224e-01	8.6290e-01	0.0000e+00
1.6350e+00	1.7264e-01	8.6239e-01	0.0000e+00
1.6197e+00	1.7321e-01	8.6176e-01	0.0000e+00
1.6052e+00	1.7400e-01	8.6128e-01	0.0000e+00
1.5948e+00	1.7486e-01	8.6084e-01	0.0000e+00
1.5936e+00	1.7501e-01	8.6048e-01	0.0000e+00
1.6010e+00	1.7460e-01	8.6023e-01	0.0000e+00
1.6146e+00	1.7397e-01	8.6004e-01	0.0000e+00
1.6315e+00	1.7294e-01	8.5987e-01	0.0000e+00
1.6483e+00	1.7154e-01	8.5964e-01	0.0000e+00
1.6639e+00	1.7009e-01	8.5929e-01	0.0000e+00
1.6810e+00	1.6878e-01	8.5910e-01	0.0000e+00
1.6993e+00	1.6792e-01	8.5929e-01	0.0000e+00
1.7129e+00	1.6782e-01	8.5962e-01	0.0000e+00
1.7185e+00	1.6802e-01	8.5959e-01	0.0000e+00
1.7153e+00	1.6845e-01	8.5921e-01	0.0000e+00
1.7058e+00	1.6920e-01	8.5915e-01	0.0000e+00
1.6960e+00	1.6999e-01	8.5924e-01	0.0000e+00
1.6890e+00	1.7051e-01	8.5931e-01	0.0000e+00
1.6851e+00	1.7069e-01	8.5948e-01	0.0000e+00
1.6827e+00	1.7066e-01	8.5955e-01	0.0000e+00
1.6807e+00	1.7063e-01	8.5957e-01	0.0000e+00
1.6775e+00	1.7084e-01	8.5982e-01	0.0000e+00
1.6730e+00	1.7124e-01	8.6058e-01	0.0000e+00
1.6694e+00	1.7153e-01	8.6164e-01	0.0000e+00
1.6690e+00	1.7162e-01	8.6294e-01	0.0000e+00
1.6729e+00	1.7149e-01	8.6435e-01	0.0000e+00
1.6803e+00	1.7099e-01	8.6566e-01	0.0000e+00
1.6889e+00	1.7004e-01	8.6675e-01	0.0000e+00
1.6944e+00	1.6904e-01	8.6751e-01	0.0000e+00
1.6942e+00	1.6866e-01	8.6794e-01	0.0000e+00
1.6900e+00	1.6873e-01	8.6849e-01	0.0000e+00
1.6840e+00	1.6880e-01	8.6902e-01	0.0000e+00
1.6754e+00	1.6884e-01	8.6849e-01	0.0000e+00
1.6636e+00	1.6888e-01	8.6652e-01	0.0000e+00
1.6503e+00	1.6897e-01	8.6375e-01	0.0000e+00
1.6389e+00	1.6907e-01	8.6090e-01	0.0000e+00
1.6328e+00	1.6908e-01	8.5902e-01	0.0000e+00
1.6323e+00	1.6888e-01	8.5864e-01	0.0000e+00
1.6352e+00	1.6817e-01	8.5874e-01	0.0000e+00
1.6378e+00	1.6729e-01	8.5895e-01	0.0000e+00
1.6384e+00	1.6687e-01	8.5933e-01	0.0000e+00
1.6350e+00	1.6708e-01	8.5951e-01	0.0000e+00
1.6262e+00	1.6762e-01	8.5938e-01	0.0000e+00
1.6139e+00	1.6818e-01	8.5892e-01	0.0000e+00
1.6010e+00	1.6862e-01	8.5875e-01	0.0000e+00
1.5904e+00	1.6892e-01	8.5871e-01	0.0000e+00
1.5841e+00	1.6909e-01	8.5864e-01	0.0000e+00
1.5810e+00	1.6917e-01	8.5859e-01	0.0000e+00
1.5788e+00	1.6923e-01	8.5860e-01	0.0000e+00
1.5763e+00	1.6938e-01	8.5869e-01	0.0000e+00
1.5742e+00	1.6942e-01	8.5882e-01	0.0000e+00
1.5733e+00	1.6925e-01	8.5889e-01	0.0000e+00
1.5749e+00	1.6857e-01	8.5886e-01	0.0000e+00
1.5799e+00	1.6742e-01	8.5822e-01	0.0000e+00
1.5886e+00	1.6608e-01	8.5660e-01	0.0000e+00
1.5982e+00	1.6531e-01	8.5532e-01	0.0000e+00
1.6042e+00	1.6501e-01	8.5523e-01	0.0000e+00
1.6035e+00	1.6491e-01	8.5567e-01	0.0000e+00
1.5958e+00	1.6498e-01	8.5623e-01	0.0000e+00
1.5830e+00	1.6544e-01	8.5694e-01	0.0000e+00
1.5735e+00	1.6567e-01	8.5756e-01	0.0000e+00
1.5737e+00	1.6561e-01	8.5799e-01	0.0000e+00
1.5818e+00	1.6534e-01	8.5820e-01	0.0000e+00
1.5897e+00	1.6523e-01	8.5859e-01	0.0000e+00
1.5924e+00	1.6531e-01	8.5829e-01	0.0000e+00
1.5903e+00	1.6546e-01	8.5704e-01	0.0000e+00
1.5865e+00	1.6564e-01	8.5658e-01	0.0000e+00
1.5880e+00	1.6556e-01	8.5722e-01	0.0000e+00
1.5963e+00	1.6511e-01	8.5830e-01	0.0000e+00
1.6084e+00	1.6408e-01	8.5940e-01	0.0000e+00
1.6196e+00	1.6289e-01	8.6035e-01	0.0000e+00
1.6274e+00	1.6184e-01	8.6120e-01	0.0000e+00
1.6306e+00	1.6168e-01	8.6172e-01	0.0000e+00
1.6292e+00	1.6223e-01	8.6216e-01	0.0000e+00
1.6272e+00	1.6263e-01	8.6347e-01	0.0000e+00
1.6265e+00	1.6287e-01	8.6479e-01	0.0000e+00
1.6278e+00	1.6302e-01	8.6602e-01	0.0000e+00
1.6313e+00	1.6309e-01	8.6720e-01	0.0000e+00
1.6366e+00	1.6296e-01	8.6859e-01	0.0000e+00
1.6418e+00	1.6246e-01	8.6986e-01	0.0000e+00
1.6433e+00	1.6192e-01	8.7030e-01	0.0000e+00
1.6407e+00	1.6217e-01	8.7058e-01	0.0000e+00
1.6377e+00	1.6229e-01	8.7091e-01	0.0000e+00
1.6356e+00	1.6231e-01	8.7079e-01	0.0000e+00
1.6350e+00	1.6231e-01	8.6998e-01	0.0000e+00
1.6359e+00	1.6233e-01	8.6861e-01	0.0000e+00
1.6374e+00	1.6241e-01	8.6754e-01	0.0000e+00
1.6392e+00	1.6243e-01	8.6663e-01	0.0000e+00
1.6415e+00	1.6214e-01	8.6592e-01	0.0000e+00
1.6411e+00	1.6240e-01	8.6533e-01	0.0000e+00
1.6401e+00	1.6265e-01	8.6475e-01	0.0000e+00
1.6408e+00	1.6286e-01	8.6418e-01	0.0000e+00
1.6438e+00	1.6303e-01	8.6363e-01	0.0000e+00
1.6486e+00	1.6311e-01	8.6328e-01	0.0000e+00
1.6532e+00	1.6306e-01	8.6308e-01	0.0000e+00
1.6541e+00	1.6303e-01	8.6283e-01	0.0000e+00
1.6481e+00	1.6342e-01	8.6233e-01	0.0000e+00
1.6353e+00	1.6449e-01	8.6154e-01	0.0000e+00
1.6206e+00	1.6570e-01	8.6117e-01	0.0000e+00
1.6074e+00	1.6683e-01	8.6108e-01	0.0000e+00
1.5993e+00	1.6758e-01	8.6092e-01	0.0000e+00
1.5966e+00	1.6776e-01	8.6072e-01	0.0000e+00
1.5940e+00	1.6773e-01	8.6045e-01	0.0000e+00
1.5894e+00	1.6770e-01	8.5986e-01	0.0000e+00
1.5828e+00	1.6773e-01	8.5938e-01	0.0000e+00
1.5753e+00	1.6785e-01	8.5871e-01	0.0000e+00
1.5691e+00	1.6804e-01	8.5778e-01	0.0000e+00
1.5649e+00	1.6826e-01	8.5708e-01	0.0000e+00
1.5612e+00	1.6868e-01	8.5630e-01	0.0000e+00
1.5583e+00	1.6924e-01	8.5551e-01	0.0000e+00
1.5570e+00	1.6969e-01	8.5524e-01	0.0000e+00
1.5571e+00	1.7011e-01	8.5518e-01	0.0000e+00
1.5573e+00	1.7071e-01	8.5509e-01	0.0000e+00
1.5580e+00	1.7102e-01	8.5489e-01	0.0000e+00
1.5600e+00	1.7108e-01	8.5495e-01	0.0000e+00
1.5639e+00	1.7100e-01	8.5541e-01	0.0000e+00
1.5698e+00	1.7083e-01	8.5670e-01	0.0000e+00
1.5775e+00	1.7053e-01	8.5865e-01	0.0000e+00
1.5871e+00	1.6997e-01	8.6022e-01	0.0000e+00
1.5990e+00	1.6924e-01	8.6260e-01	0.0000e+00
1.6108e+00	1.6858e-01	8.6543e-01	0.0000e+00
1.6201e+00	1.6805e-01	8.6688e-01	0.0000e+00
1.6246e+00	1.6779e-01	8.6837e-01	0.0000e+00
1.6283e+00	1.6766e-01	8.6949e-01	0.0000e+00
1.6351e+00	1.6745e-01	8.6966e-01	0.0000e+00
1.6445e+00	1.6720e-01	8.6937e-01	0.0000e+00
1.6547e+00	1.6691e-01	8.6863e-01	0.0000e+00
1.6639e+00	1.6652e-01	8.6814e-01	0.0000e+00
1.6697e+00	1.6605e-01	8.6763e-01	0.0000e+00
1.6710e+00	1.6591e-01	8.6709e-01	0.0000e+00
1.6700e+00	1.6620e-01	8.6644e-01	0.0000e+00
1.6678e+00	1.6664e-01	8.6577e-01	0.0000e+00
1.6617e+00	1.6737e-01	8.6515e-01	0.0000e+00
1.6520e+00	1.6818e-01	8.6424e-01	0.0000e+00
1.6409e+00	1.6894e-01	8.6339e-01	0.0000e+00
1.6314e+00	1.6956e-01	8.6287e-01	0.0000e+00
1.6257e+00	1.6998e-01	8.6264e-01	0.0000e+00
1.6236e+00	1.7014e-01	8.6293e-01	0.0000e+00
1.6242e+00	1.6996e-01	8.6339e-01	0.0000e+00
1.6261e+00	1.6939e-01	8.6350e-01	0.0000e+00
1.6274e+00	1.6910e-01	8.6358e-01	0.0000e+00
1.6279e+00	1.6922e-01	8.6357e-01	0.0000e+00
1.6277e+00	1.6946e-01	8.6348e-01	0.0000e+00
1.6271e+00	1.6967e-01	8.6338e-01	0.0000e+00
1.6266e+00	1.6983e-01	8.6326e-01	0.0000e+00
1.6266e+00	1.6995e-01	8.6309e-01	0.0000e+00
1.6271e+00	1.6993e-01	8.6250e-01	0.0000e+00
1.6295e+00	1.6967e-01	8.6123e-01	0.0000e+00
1.6323e+00	1.6932e-01	8.6077e-01	0.0000e+00
1.6336e+00	1.6894e-01	8.6125e-01	0.0000e+00
1.6329e+00	1.6870e-01	8.6201e-01	0.0000e+00
1.6306e+00	1.6878e-01	8.6269e-01	0.0000e+00
1.6301e+00	1.6864e-01	8.6313e-01	0.0000e+00
1.6352e+00	1.6799e-01	8.6339e-01	0.0000e+00
1.6413e+00	1.6770e-01	8.6374e-01	0.0000e+00
1.6439e+00	1.6776e-01	8.6366e-01	0.0000e+00
1.6411e+00	1.6796e-01	8.6285e-01	0.0000e+00
1.6359e+00	1.6816e-01	8.6225e-01	0.0000e+00
1.6349e+00	1.6807e-01	8.6198e-01	0.0000e+00
1.6383e+00	1.6773e-01	8.6121e-01	0.0000e+00
1.6404e+00	1.6745e-01	8.6094e-01	0.0000e+00
1.6375e+00	1.6732e-01	8.6134e-01	0.0000e+00
1.6303e+00	1.6732e-01	8.6194e-01	0.0000e+00
1.6212e+00	1.6770e-01	8.6239e-01	0.0000e+00
1.6156e+00	1.6800e-01	8.6238e-01	0.0000e+00
1.6151e+00	1.6784e-01	8.6183e-01	0.0000e+00
1.6159e+00	1.6760e-01	8.6136e-01	0.0000e+00
1.6164e+00	1.6780e-01	8.6119e-01	0.0000e+00
1.6167e+00	1.6850e-01	8.6123e-01	0.0000e+00
1.6168e+00	1.6951e-01	8.6147e-01	0.0000e+00
1.6169e+00	1.7047e-01	8.6195e-01	0.0000e+00
1.6176e+00	1.7091e-01	8.6274e-01	0.0000e+00
1.6200e+00	1.7082e-01	8.6398e-01	0.0000e+00
1.6212e+00	1.7073e-01	8.6583e-01	0.0000e+00
1.6195e+00	1.7083e-01	8.6787e-01	0.0000e+00
1.6142e+00	1.7121e-01	8.6977e-01	0.0000e+00
1.6061e+00	1.7192e-01	8.7127e-01	0.0000e+00
1.5975e+00	1.7299e-01	8.7232e-01	0.0000e+00
1.5926e+00	1.7387e-01	8.7297e-01	0.0000e+00
1.5947e+00	1.7390e-01	8.7235e-01	0.0000e+00
1.6003e+00	1.7357e-01	8.7115e-01	0.0000e+00
1.6054e+00	1.7338e-01	8.7009e-01	0.0000e+00
1.6085e+00	1.7335e-01	8.6982e-01	0.0000e+00
1.6094e+00	1.7343e-01	8.6997e-01	0.0000e+00
1.6081e+00	1.7361e-01	8.7017e-01	0.0000e+00
1.6042e+00	1.7401e-01	8.7037e-01	0.0000e+00
1.5976e+00	1.7473e-01	8.7016e-01	0.0000e+00
1.5911e+00	1.7542e-01	8.6953e-01	0.0000e+00
1.5893e+00	1.7542e-01	8.6912e-01	0.0000e+00
1.5932e+00	1.7501e-01	8.6886e-01	0.0000e+00
1.6007e+00	1.7448e-01	8.6899e-01	0.0000e+00
1.6093e+00	1.7403e-01	8.6935e-01	0.0000e+00
1.6170e+00	1.7364e-01	8.6971e-01	0.0000e+00
1.6219e+00	1.7342e-01	8.7010e-01	0.0000e+00
1.6233e+00	1.7361e-01	8.7054e-01	0.0000e+00
1.6227e+00	1.7415e-01	8.7082e-01	0.0000e+00
1.6222e+00	1.7460e-01	8.7093e-01	0.0000e+00
1.6239e+00	1.7458e-01	8.7081e-01	0.0000e+00
1.6305e+00	1.7403e-01	8.7033e-01	0.0000e+00
1.6421e+00	1.7312e-01	8.6954e-01	0.0000e+00
1.6569e+00	1.7217e-01	8.6874e-01	0.0000e+00
1.6718e+00	1.7127e-01	8.6822e-01	0.0000e+00
1.6831e+00	1.7066e-01	8.6773e-01	0.0000e+00
1.6870e+00	1.7045e-01	8.6707e-01	0.0000e+00
1.6825e+00	1.7076e-01	8.6705e-01	0.0000e+00
1.6722e+00	1.7178e-01	8.6733e-01	0.0000e+00
1.6606e+00	1.7326e-01	8.6830e-01	0.0000e+00
1.6514e+00	1.7500e-01	8.6980e-01	0.0000e+00
1.6481e+00	1.7641e-01	8.7136e-01	0.0000e+00
1.6509e+00	1.7732e-01	8.7266e-01	0.0000e+00
1.6530e+00	1.7850e-01	8.7368e-01	0.0000e+00
1.6493e+00	1.7989e-01	8.7446e-01	0.0000e+00
1.6421e+00	1.8101e-01	8.7502e-01	0.0000e+00
1.6350e+00	1.8162e-01	8.7532e-01	0.0000e+00
1.6302e+00	1.8188e-01	8.7529e-01	0.0000e+00
1.6279e+00	1.8209e-01	8.7500e-01	0.0000e+00
1.6270e+00	1.8228e-01	8.7472e-01	0.0000e+00
1.6257e+00	1.8249e-01	8.7463e-01	0.0000e+00
1.6249e+00	1.8256e-01	8.7483e-01	0.0000e+00
1.6255e+00	1.8250e-01	8.7523e-01	0.0000e+00
1.6283e+00	1.8232e-01	8.7580e-01	0.0000e+00
1.6326e+00	1.8197e-01	8.7618e-01	0.0000e+00
1.6366e+00	1.8144e-01	8.7627e-01	0.0000e+00
1.6373e+00	1.8096e-01	8.7624e-01	0.0000e+00
1.6316e+00	1.8122e-01	8.7653e-01	0.0000e+00
1.6222e+00	1.8171e-01	8.7725e-01	0.0000e+00
1.6127e+00	1.8204e-01	8.7837e-01	0.0000e+00
1.6060e+00	1.8222e-01	8.7941e-01	0.0000e+00
1.6042e+00	1.8237e-01	8.8027e-01	0.0000e+00
1.6074e+00	1.8252e-01	8.8065e-01	0.0000e+00
1.6142e+00	1.8250e-01	8.8027e-01	0.0000e+00
1.6212e+00	1.8204e-01	8.7943e-01	0.0000e+00
1.6242e+00	1.8197e-01	8.7835e-01	0.0000e+00
1.6227e+00	1.8205e-01	8.7731e-01	0.0000e+00
1.6166e+00	1.8217e-01	8.7652e-01	0.0000e+00
1.6074e+00	1.8240e-01	8.7602e-01	0.0000e+00
1.5975e+00	1.8294e-01	8.7571e-01	0.0000e+00
1.5903e+00	1.8354e-01	8.7557e-01	0.0000e+00
1.5866e+00	1.8360e-01	8.7525e-01	0.0000e+00
1.5841e+00	1.8350e-01	8.7469e-01	0.0000e+00
1.5780e+00	1.8381e-01	8.7451e-01	0.0000e+00
1.5664e+00	1.8444e-01	8.7460e-01	0.0000e+00
1.5525e+00	1.8501e-01	8.7468e-01	0.0000e+00
1.5412e+00	1.8526e-01	8.7452e-01	0.0000e+00
1.5365e+00	1.8527e-01	8.7420e-01	0.0000e+00
1.5397e+00	1.8515e-01	8.7365e-01	0.0000e+00
1.5492e+00	1.8477e-01	8.7293e-01	0.0000e+00
1.5611e+00	1.8386e-01	8.7219e-01	0.0000e+00
1.5694e+00	1.8297e-01	8.7154e-01	0.0000e+00
1.5728e+00	1.8237e-01	8.7109e-01	0.0000e+00
1.5715e+00	1.8230e-01	8.7088e-01	0.0000e+00
1.5658e+00	1.8252e-01	8.7090e-01	0.0000e+00
1.5563e+00	1.8292e-01	8.7107e-01	0.0000e+00
1.5449e+00	1.8342e-01	8.7090e-01	0.0000e+00
1.5343e+00	1.8395e-01	8.7024e-01	0.0000e+00
1.5274e+00	1.8439e-01	8.6996e-01	0.0000e+00
1.5246e+00	1.8473e-01	8.7005e-01	0.0000e+00
1.5260e+00	1.8452e-01	8.7079e-01	0.0000e+00
1.5330e+00	1.8351e-01	8.7183e-01	0.0000e+00
1.5438e+00	1.8225e-01	8.7268e-01	0.0000e+00
1.5559e+00	1.8108e-01	8.7399e-01	0.0000e+00
1.5673e+00	1.7988e-01	8.7509e-01	0.0000e+00
1.5764e+00	1.7885e-01	8.7581e-01	0.0000e+00
1.5866e+00	1.7822e-01	8.7652e-01	0.0000e+00
1.5967e+00	1.7783e-01	8.7746e-01	0.0000e+00
1.6044e+00	1.7754e-01	8.7932e-01	0.0000e+00
1.6076e+00	1.7733e-01	8.8290e-01	0.0000e+00
1.6066e+00	1.7717e-01	8.8724e-01	0.0000e+00
1.6012e+00	1.7716e-01	8.9484e-01	0.0000e+00
1.5908e+00	1.7753e-01	8.9838e-01	0.0000e+00
1.5789e+00	1.7834e-01	8.6596e-01	0.0000e+00
1.5677e+00	1.7968e-01	7.8233e-01	0.0000e+00
1.5592e+00	1.8099e-01	6.7397e-01	0.0000e+00
1.5507e+00	1.8166e-01	5.7446e-01	0.0000e+00
1.5399e+00	1.8201e-01	5.6784e-01	0.0000e+00
1.5297e+00	1.8219e-01	6.5362e-01	0.0000e+00
1.5244e+00	1.8215e-01	7.5132e-01	0.0000e+00
1.5261e+00	1.8191e-01	8.3499e-01	0.0000e+00
1.5350e+00	1.8145e-01	8.9783e-01	0.0000e+00
1.5482e+00	1.8076e-01	9.4461e-01	0.0000e+00
1.5620e+00	1.7986e-01	9.7686e-01	0.0000e+00
1.5745e+00	1.7908e-01	1.0000e+00	0.0000e+00
