Timestamp	workload	stress	Marker
9.4422e+03	1.3470e+00	6.3394e-01	0.0000e+00
9.4423e+03	1.3464e+00	6.3424e-01	0.0000e+00
9.4424e+03	1.3455e+00	6.3447e-01	0.0000e+00
9.4425e+03	1.3444e+00	6.3472e-01	0.0000e+00
9.4426e+03	1.3435e+00	6.3492e-01	0.0000e+00
9.4427e+03	1.3430e+00	6.3521e-01	0.0000e+00
9.4428e+03	1.3426e+00	6.3549e-01	0.0000e+00
9.4429e+03	1.3422e+00	6.3575e-01	0.0000e+00
9.4430e+03	1.3420e+00	6.3597e-01	0.0000e+00
9.4431e+03	1.3419e+00	6.3620e-01	0.0000e+00
9.4432e+03	1.3418e+00	6.3651e-01	0.0000e+00
9.4433e+03	1.3426e+00	6.3738e-01	0.0000e+00
9.4434e+03	1.3432e+00	6.3802e-01	0.0000e+00
9.4435e+03	1.3438e+00	6.3861e-01	0.0000e+00
9.4436e+03	1.3445e+00	6.3918e-01	0.0000e+00
9.4437e+03	1.3454e+00	6.3968e-01	0.0000e+00
9.4438e+03	1.3466e+00	6.4015e-01	0.0000e+00
9.4439e+03	1.3474e+00	6.4063e-01	0.0000e+00
9.4440e+03	1.3480e+00	6.4105e-01	0.0000e+00
9.4441e+03	1.3488e+00	6.4157e-01	0.0000e+00
9.4442e+03	1.3496e+00	6.4204e-01	0.0000e+00
9.4443e+03	1.3507e+00	6.4251e-01	0.0000e+00
9.4444e+03	1.3516e+00	6.4290e-01	0.0000e+00
9.4445e+03	1.3521e+00	6.4331e-01	0.0000e+00
9.4446e+03	1.3526e+00	6.4367e-01	0.0000e+00
9.4447e+03	1.3529e+00	6.4409e-01	0.0000e+00
9.4448e+03	1.3530e+00	6.4451e-01	0.0000e+00
9.4449e+03	1.3529e+00	6.4502e-01	0.0000e+00
9.4450e+03	1.3528e+00	6.4557e-01	0.0000e+00
9.4451e+03	1.3530e+00	6.4617e-01	0.0000e+00
9.4452e+03	1.3533e+00	6.4688e-01	0.0000e+00
9.4453e+03	1.3537e+00	6.4779e-01	0.0000e+00
9.4454e+03	1.3541e+00	6.4887e-01	0.0000e+00
9.4455e+03	1.3542e+00	6.4988e-01	0.0000e+00
9.4456e+03	1.3542e+00	6.5079e-01	0.0000e+00
9.4457e+03	1.3542e+00	6.5165e-01	0.0000e+00
9.4458e+03	1.3542e+00	6.5251e-01	0.0000e+00
9.4459e+03	1.3547e+00	6.5340e-01	0.0000e+00
9.4460e+03	1.3550e+00	6.5428e-01	0.0000e+00
9.4461e+03	1.3554e+00	6.5523e-01	0.0000e+00
9.4462e+03	1.3557e+00	6.5609e-01	0.0000e+00
9.4463e+03	1.3560e+00	6.5709e-01	0.0000e+00
9.4464e+03	1.3560e+00	6.5812e-01	0.0000e+00
9.4465e+03	1.3561e+00	6.5911e-01	0.0000e+00
9.4466e+03	1.3560e+00	6.6002e-01	0.0000e+00
9.4467e+03	1.3559e+00	6.6085e-01	0.0000e+00
9.4468e+03	1.3561e+00	6.6148e-01	0.0000e+00
9.4469e+03	1.3564e+00	6.6196e-01	0.0000e+00
9.4470e+03	1.3569e+00	6.6240e-01	0.0000e+00
9.4471e+03	1.3571e+00	6.6283e-01	0.0000e+00
9.4472e+03	1.3571e+00	6.6307e-01	1.0000e+00
9.4473e+03	1.3574e+00	6.6312e-01	0.0000e+00
9.4474e+03	1.3576e+00	6.6316e-01	0.0000e+00
9.4475e+03	1.3579e+00	6.6319e-01	0.0000e+00
9.4476e+03	1.3585e+00	6.6326e-01	0.0000e+00
9.4477e+03	1.3591e+00	6.6330e-01	0.0000e+00
9.4478e+03	1.3600e+00	6.6321e-01	0.0000e+00
9.4479e+03	1.3607e+00	6.6287e-01	0.0000e+00
9.4480e+03	1.3612e+00	6.6264e-01	0.0000e+00
9.4481e+03	1.3615e+00	6.6246e-01	0.0000e+00
9.4482e+03	1.3620e+00	6.6230e-01	0.0000e+00
9.4483e+03	1.3628e+00	6.6201e-01	0.0000e+00
9.4484e+03	1.3635e+00	6.6161e-01	0.0000e+00
9.4485e+03	1.3643e+00	6.6124e-01	0.0000e+00
9.4486e+03	1.3652e+00	6.6084e-01	0.0000e+00
9.4487e+03	1.3658e+00	6.6046e-01	0.0000e+00
9.4488e+03	1.3660e+00	6.6014e-01	0.0000e+00
9.4489e+03	1.3659e+00	6.5988e-01	0.0000e+00
9.4490e+03	1.3657e+00	6.5963e-01	0.0000e+00
9.4491e+03	1.3651e+00	6.5954e-01	0.0000e+00
9.4492e+03	1.3645e+00	6.5951e-01	0.0000e+00
9.4493e+03	1.3637e+00	6.5948e-01	0.0000e+00
9.4494e+03	1.3629e+00	6.5948e-01	0.0000e+00
9.4495e+03	1.3620e+00	6.5952e-01	0.0000e+00
9.4496e+03	1.3609e+00	6.5956e-01	0.0000e+00
9.4497e+03	1.3592e+00	6.5970e-01	0.0000e+00
9.4498e+03	1.3569e+00	6.5982e-01	0.0000e+00
9.4499e+03	1.3541e+00	6.6003e-01	0.0000e+00
9.4500e+03	1.3515e+00	6.6014e-01	0.0000e+00
9.4501e+03	1.3487e+00	6.6021e-01	0.0000e+00
9.4502e+03	1.3459e+00	6.6020e-01	0.0000e+00
9.4503e+03	1.3430e+00	6.6027e-01	0.0000e+00
9.4504e+03	1.3403e+00	6.6050e-01	0.0000e+00
9.4505e+03	1.3376e+00	6.6086e-01	0.0000e+00
9.4506e+03	1.3348e+00	6.6131e-01	0.0000e+00
9.4507e+03	1.3316e+00	6.6177e-01	0.0000e+00
9.4508e+03	1.3286e+00	6.6216e-01	0.0000e+00
9.4509e+03	1.3257e+00	6.6246e-01	0.0000e+00
9.4510e+03	1.3232e+00	6.6259e-01	0.0000e+00
9.4511e+03	1.3207e+00	6.6268e-01	0.0000e+00
9.4512e+03	1.3185e+00	6.6269e-01	0.0000e+00
9.4513e+03	1.3161e+00	6.6269e-01	0.0000e+00
9.4514e+03	1.3145e+00	6.6274e-01	0.0000e+00
9.4515e+03	1.3129e+00	6.6278e-01	0.0000e+00
9.4516e+03	1.3114e+00	6.6283e-01	0.0000e+00
9.4517e+03	1.3104e+00	6.6289e-01	0.0000e+00
9.4518e+03	1.3096e+00	6.6305e-01	0.0000e+00
9.4519e+03	1.3091e+00	6.6316e-01	0.0000e+00
9.4520e+03	1.3086e+00	6.6332e-01	0.0000e+00
9.4521e+03	1.3082e+00	6.6338e-01	0.0000e+00
9.4522e+03	1.3081e+00	6.6355e-01	0.0000e+00
9.4523e+03	1.3081e+00	6.6370e-01	0.0000e+00
9.4524e+03	1.3077e+00	6.6377e-01	0.0000e+00
9.4525e+03	1.3076e+00	6.6377e-01	0.0000e+00
9.4526e+03	1.3075e+00	6.6373e-01	0.0000e+00
9.4527e+03	1.3073e+00	6.6380e-01	0.0000e+00
9.4528e+03	1.3074e+00	6.6416e-01	0.0000e+00
9.4529e+03	1.3074e+00	6.6450e-01	0.0000e+00
9.4530e+03	1.3076e+00	6.6508e-01	0.0000e+00
9.4531e+03	1.3080e+00	6.6568e-01	0.0000e+00
9.4532e+03	1.3084e+00	6.6627e-01	0.0000e+00
9.4533e+03	1.3089e+00	6.6703e-01	0.0000e+00
9.4534e+03	1.3094e+00	6.6786e-01	0.0000e+00
9.4535e+03	1.3100e+00	6.6873e-01	0.0000e+00
9.4536e+03	1.3103e+00	6.6953e-01	0.0000e+00
9.4537e+03	1.3104e+00	6.7037e-01	0.0000e+00
9.4538e+03	1.3104e+00	6.7144e-01	0.0000e+00
9.4539e+03	1.3100e+00	6.7246e-01	0.0000e+00
9.4540e+03	1.3097e+00	6.7361e-01	0.0000e+00
9.4541e+03	1.3094e+00	6.7479e-01	0.0000e+00
9.4542e+03	1.3091e+00	6.7599e-01	0.0000e+00
9.4543e+03	1.3090e+00	6.7714e-01	0.0000e+00
9.4544e+03	1.3091e+00	6.7833e-01	0.0000e+00
9.4545e+03	1.3087e+00	6.7948e-01	0.0000e+00
9.4546e+03	1.3081e+00	6.8069e-01	0.0000e+00
9.4547e+03	1.3076e+00	6.8194e-01	0.0000e+00
9.4548e+03	1.3072e+00	6.8299e-01	0.0000e+00
9.4549e+03	1.3070e+00	6.8400e-01	0.0000e+00
9.4550e+03	1.3065e+00	6.8512e-01	0.0000e+00
9.4551e+03	1.3057e+00	6.8621e-01	0.0000e+00
9.4552e+03	1.3047e+00	6.8730e-01	0.0000e+00
9.4553e+03	1.3036e+00	6.8832e-01	0.0000e+00
9.4554e+03	1.3023e+00	6.8928e-01	0.0000e+00
9.4555e+03	1.3013e+00	6.9036e-01	0.0000e+00
9.4556e+03	1.3008e+00	6.9152e-01	0.0000e+00
9.4557e+03	1.3002e+00	6.9263e-01	0.0000e+00
9.4558e+03	1.2999e+00	6.9349e-01	0.0000e+00
9.4559e+03	1.2995e+00	6.9435e-01	0.0000e+00
9.4560e+03	1.2988e+00	6.9511e-01	0.0000e+00
9.4561e+03	1.2980e+00	6.9591e-01	0.0000e+00
9.4562e+03	1.2971e+00	6.9675e-01	0.0000e+00
9.4563e+03	1.2959e+00	6.9765e-01	0.0000e+00
9.4564e+03	1.2951e+00	6.9852e-01	0.0000e+00
9.4565e+03	1.2948e+00	6.9953e-01	0.0000e+00
9.4566e+03	1.2951e+00	7.0052e-01	0.0000e+00
9.4567e+03	1.2957e+00	7.0150e-01	0.0000e+00
9.4568e+03	1.2957e+00	7.0246e-01	0.0000e+00
9.4569e+03	1.2956e+00	7.0343e-01	0.0000e+00
9.4570e+03	1.2956e+00	7.0433e-01	0.0000e+00
9.4571e+03	1.2955e+00	7.0525e-01	0.0000e+00
9.4572e+03	1.2957e+00	7.0612e-01	0.0000e+00
9.4573e+03	1.2959e+00	7.0690e-01	0.0000e+00
9.4574e+03	1.2963e+00	7.0756e-01	0.0000e+00
9.4575e+03	1.2966e+00	7.0827e-01	0.0000e+00
9.4576e+03	1.2969e+00	7.0877e-01	0.0000e+00
9.4577e+03	1.2970e+00	7.0935e-01	0.0000e+00
9.4578e+03	1.2969e+00	7.0992e-01	0.0000e+00
9.4579e+03	1.2970e+00	7.1053e-01	0.0000e+00
9.4580e+03	1.2969e+00	7.1117e-01	0.0000e+00
9.4581e+03	1.2967e+00	7.1170e-01	0.0000e+00
9.4582e+03	1.2964e+00	7.1213e-01	0.0000e+00
9.4583e+03	1.2961e+00	7.1254e-01	0.0000e+00
9.4584e+03	1.2952e+00	7.1293e-01	0.0000e+00
9.4585e+03	1.2949e+00	7.1319e-01	0.0000e+00
9.4586e+03	1.2947e+00	7.1329e-01	0.0000e+00
9.4587e+03	1.2951e+00	7.1345e-01	0.0000e+00
9.4588e+03	1.2957e+00	7.1353e-01	0.0000e+00
9.4589e+03	1.2965e+00	7.1357e-01	0.0000e+00
9.4590e+03	1.2972e+00	7.1349e-01	0.0000e+00
9.4591e+03	1.2978e+00	7.1332e-01	0.0000e+00
9.4592e+03	1.2984e+00	7.1319e-01	0.0000e+00
9.4593e+03	1.2990e+00	7.1310e-01	0.0000e+00
9.4594e+03	1.3002e+00	7.1293e-01	0.0000e+00
9.4595e+03	1.3013e+00	7.1270e-01	0.0000e+00
9.4596e+03	1.3024e+00	7.1244e-01	0.0000e+00
9.4597e+03	1.3038e+00	7.1229e-01	0.0000e+00
9.4598e+03	1.3051e+00	7.1217e-01	0.0000e+00
9.4599e+03	1.3065e+00	7.1196e-01	0.0000e+00
9.4600e+03	1.3079e+00	7.1160e-01	0.0000e+00
9.4601e+03	1.3095e+00	7.1121e-01	0.0000e+00
9.4602e+03	1.3112e+00	7.1099e-01	0.0000e+00
9.4603e+03	1.3131e+00	7.1074e-01	0.0000e+00
9.4604e+03	1.3149e+00	7.1048e-01	0.0000e+00
9.4605e+03	1.3168e+00	7.1020e-01	0.0000e+00
9.4606e+03	1.3181e+00	7.1001e-01	0.0000e+00
9.4607e+03	1.3190e+00	7.0980e-01	0.0000e+00
9.4608e+03	1.3196e+00	7.0972e-01	0.0000e+00
9.4609e+03	1.3205e+00	7.0962e-01	0.0000e+00
9.4610e+03	1.3219e+00	7.0945e-01	0.0000e+00
9.4611e+03	1.3238e+00	7.0952e-01	0.0000e+00
9.4612e+03	1.3257e+00	7.0959e-01	0.0000e+00
9.4613e+03	1.3279e+00	7.0967e-01	0.0000e+00
9.4614e+03	1.3303e+00	7.0970e-01	0.0000e+00
9.4615e+03	1.3323e+00	7.0962e-01	0.0000e+00
9.4616e+03	1.3344e+00	7.0958e-01	0.0000e+00
9.4617e+03	1.3365e+00	7.0955e-01	0.0000e+00
9.4618e+03	1.3387e+00	7.0958e-01	0.0000e+00
9.4619e+03	1.3410e+00	7.0954e-01	0.0000e+00
9.4620e+03	1.3435e+00	7.0954e-01	0.0000e+00
9.4621e+03	1.3459e+00	7.0958e-01	0.0000e+00
9.4622e+03	1.3487e+00	7.0951e-01	0.0000e+00
9.4623e+03	1.3514e+00	7.0953e-01	0.0000e+00
9.4624e+03	1.3540e+00	7.0960e-01	0.0000e+00
9.4625e+03	1.3568e+00	7.0960e-01	0.0000e+00
9.4626e+03	1.3598e+00	7.0951e-01	0.0000e+00
9.4627e+03	1.3628e+00	7.0937e-01	0.0000e+00
9.4628e+03	1.3654e+00	7.0939e-01	0.0000e+00
9.4629e+03	1.3679e+00	7.0940e-01	0.0000e+00
9.4630e+03	1.3701e+00	7.0940e-01	0.0000e+00
9.4631e+03	1.3719e+00	7.0914e-01	0.0000e+00
9.4632e+03	1.3737e+00	7.0907e-01	0.0000e+00
9.4633e+03	1.3751e+00	7.0910e-01	0.0000e+00
9.4634e+03	1.3773e+00	7.0918e-01	0.0000e+00
9.4635e+03	1.3794e+00	7.0935e-01	0.0000e+00
9.4636e+03	1.3815e+00	7.0935e-01	0.0000e+00
9.4637e+03	1.3835e+00	7.0934e-01	0.0000e+00
9.4638e+03	1.3852e+00	7.0943e-01	0.0000e+00
9.4639e+03	1.3865e+00	7.0960e-01	0.0000e+00
9.4640e+03	1.3879e+00	7.0974e-01	0.0000e+00
9.4641e+03	1.3895e+00	7.0981e-01	0.0000e+00
9.4642e+03	1.3912e+00	7.0984e-01	0.0000e+00
9.4643e+03	1.3925e+00	7.0977e-01	0.0000e+00
9.4644e+03	1.3937e+00	7.0968e-01	0.0000e+00
9.4645e+03	1.3948e+00	7.0964e-01	0.0000e+00
9.4646e+03	1.3947e+00	7.0991e-01	0.0000e+00
9.4647e+03	1.3944e+00	7.1021e-01	0.0000e+00
9.4648e+03	1.3956e+00	7.1012e-01	0.0000e+00
9.4649e+03	1.3965e+00	7.1005e-01	0.0000e+00
9.4650e+03	1.3978e+00	7.1003e-01	0.0000e+00
9.4651e+03	1.3993e+00	7.1010e-01	0.0000e+00
9.4652e+03	1.4005e+00	7.1005e-01	0.0000e+00
9.4653e+03	1.4012e+00	7.0990e-01	0.0000e+00
9.4654e+03	1.4019e+00	7.0971e-01	0.0000e+00
9.4655e+03	1.4029e+00	7.0953e-01	0.0000e+00
9.4656e+03	1.4040e+00	7.0940e-01	0.0000e+00
9.4657e+03	1.4053e+00	7.0925e-01	0.0000e+00
9.4658e+03	1.4066e+00	7.0917e-01	0.0000e+00
9.4659e+03	1.4080e+00	7.0917e-01	0.0000e+00
9.4660e+03	1.4095e+00	7.0924e-01	0.0000e+00
9.4661e+03	1.4112e+00	7.0946e-01	0.0000e+00
9.4662e+03	1.4129e+00	7.0963e-01	0.0000e+00
9.4663e+03	1.4147e+00	7.0976e-01	0.0000e+00
9.4664e+03	1.4166e+00	7.0985e-01	0.0000e+00
9.4665e+03	1.4188e+00	7.0975e-01	0.0000e+00
9.4666e+03	1.4212e+00	7.0969e-01	0.0000e+00
9.4667e+03	1.4232e+00	7.0972e-01	0.0000e+00
9.4668e+03	1.4253e+00	7.0991e-01	0.0000e+00
9.4669e+03	1.4271e+00	7.1015e-01	0.0000e+00
9.4670e+03	1.4285e+00	7.1025e-01	0.0000e+00
9.4671e+03	1.4300e+00	7.1033e-01	0.0000e+00
9.4672e+03	1.4319e+00	7.1037e-01	0.0000e+00
9.4673e+03	1.4338e+00	7.1040e-01	0.0000e+00
9.4674e+03	1.4355e+00	7.1044e-01	0.0000e+00
9.4675e+03	1.4372e+00	7.1044e-01	0.0000e+00
9.4676e+03	1.4389e+00	7.1031e-01	0.0000e+00
9.4677e+03	1.4405e+00	7.1013e-01	0.0000e+00
9.4678e+03	1.4423e+00	7.0991e-01	0.0000e+00
9.4679e+03	1.4436e+00	7.0980e-01	0.0000e+00
9.4680e+03	1.4445e+00	7.0951e-01	0.0000e+00
9.4681e+03	1.4452e+00	7.0907e-01	0.0000e+00
9.4682e+03	1.4460e+00	7.0852e-01	0.0000e+00
9.4683e+03	1.4468e+00	7.0803e-01	0.0000e+00
9.4684e+03	1.4478e+00	7.0759e-01	0.0000e+00
9.4685e+03	1.4486e+00	7.0726e-01	0.0000e+00
9.4686e+03	1.4493e+00	7.0692e-01	0.0000e+00
9.4687e+03	1.4497e+00	7.0643e-01	0.0000e+00
9.4688e+03	1.4501e+00	7.0575e-01	0.0000e+00
9.4689e+03	1.4508e+00	7.0522e-01	0.0000e+00
9.4690e+03	1.4515e+00	7.0473e-01	0.0000e+00
9.4691e+03	1.4523e+00	7.0416e-01	0.0000e+00
9.4692e+03	1.4527e+00	7.0356e-01	0.0000e+00
9.4693e+03	1.4531e+00	7.0307e-01	0.0000e+00
9.4694e+03	1.4533e+00	7.0255e-01	0.0000e+00
9.4695e+03	1.4534e+00	7.0207e-01	0.0000e+00
9.4696e+03	1.4532e+00	7.0161e-01	0.0000e+00
9.4697e+03	1.4531e+00	7.0110e-01	0.0000e+00
9.4698e+03	1.4534e+00	7.0055e-01	0.0000e+00
9.4699e+03	1.4535e+00	7.0005e-01	0.0000e+00
9.4700e+03	1.4537e+00	6.9970e-01	0.0000e+00
9.4701e+03	1.4537e+00	6.9945e-01	0.0000e+00
9.4702e+03	1.4537e+00	6.9923e-01	0.0000e+00
9.4703e+03	1.4535e+00	6.9915e-01	0.0000e+00
9.4704e+03	1.4532e+00	6.9903e-01	0.0000e+00
9.4705e+03	1.4528e+00	6.9895e-01	0.0000e+00
9.4706e+03	1.4527e+00	6.9896e-01	0.0000e+00
9.4707e+03	1.4527e+00	6.9902e-01	0.0000e+00
9.4708e+03	1.4529e+00	6.9918e-01	0.0000e+00
9.4709e+03	1.4530e+00	6.9919e-01	0.0000e+00
9.4710e+03	1.4531e+00	6.9920e-01	0.0000e+00
9.4711e+03	1.4529e+00	6.9933e-01	0.0000e+00
9.4712e+03	1.4526e+00	6.9957e-01	0.0000e+00
9.4713e+03	1.4526e+00	6.9981e-01	0.0000e+00
9.4714e+03	1.4522e+00	7.0010e-01	0.0000e+00
9.4715e+03	1.4526e+00	7.0046e-01	0.0000e+00
9.4716e+03	1.4535e+00	7.0082e-01	0.0000e+00
9.4717e+03	1.4546e+00	7.0116e-01	0.0000e+00
9.4718e+03	1.4554e+00	7.0148e-01	0.0000e+00
9.4719e+03	1.4562e+00	7.0175e-01	0.0000e+00
9.4720e+03	1.4568e+00	7.0195e-01	0.0000e+00
9.4721e+03	1.4571e+00	7.0214e-01	0.0000e+00
9.4722e+03	1.4576e+00	7.0231e-01	0.0000e+00
9.4723e+03	1.4581e+00	7.0237e-01	0.0000e+00
9.4724e+03	1.4589e+00	7.0248e-01	0.0000e+00
9.4725e+03	1.4598e+00	7.0256e-01	0.0000e+00
9.4726e+03	1.4606e+00	7.0258e-01	0.0000e+00
9.4727e+03	1.4607e+00	7.0257e-01	0.0000e+00
9.4728e+03	1.4611e+00	7.0251e-01	0.0000e+00
9.4729e+03	1.4614e+00	7.0248e-01	0.0000e+00
9.4730e+03	1.4619e+00	7.0244e-01	0.0000e+00
9.4731e+03	1.4622e+00	7.0233e-01	0.0000e+00
9.4732e+03	1.4625e+00	7.0220e-01	0.0000e+00
9.4733e+03	1.4629e+00	7.0204e-01	0.0000e+00
9.4734e+03	1.4630e+00	7.0210e-01	0.0000e+00
9.4735e+03	1.4630e+00	7.0213e-01	0.0000e+00
9.4736e+03	1.4628e+00	7.0217e-01	0.0000e+00
9.4737e+03	1.4624e+00	7.0229e-01	0.0000e+00
9.4738e+03	1.4617e+00	7.0257e-01	0.0000e+00
9.4739e+03	1.4614e+00	7.0271e-01	0.0000e+00
9.4740e+03	1.4610e+00	7.0299e-01	0.0000e+00
9.4741e+03	1.4608e+00	7.0321e-01	0.0000e+00
9.4742e+03	1.4607e+00	7.0347e-01	0.0000e+00
9.4743e+03	1.4603e+00	7.0374e-01	0.0000e+00
9.4744e+03	1.4599e+00	7.0394e-01	0.0000e+00
9.4745e+03	1.4598e+00	7.0414e-01	0.0000e+00
9.4746e+03	1.4596e+00	7.0434e-01	0.0000e+00
9.4747e+03	1.4593e+00	7.0444e-01	0.0000e+00
9.4748e+03	1.4587e+00	7.0466e-01	0.0000e+00
9.4749e+03	1.4579e+00	7.0491e-01	0.0000e+00
9.4750e+03	1.4572e+00	7.0519e-01	0.0000e+00
9.4751e+03	1.4563e+00	7.0533e-01	0.0000e+00
9.4752e+03	1.4549e+00	7.0548e-01	0.0000e+00
9.4753e+03	1.4537e+00	7.0550e-01	0.0000e+00
9.4754e+03	1.4523e+00	7.0529e-01	0.0000e+00
9.4755e+03	1.4514e+00	7.0500e-01	0.0000e+00
9.4756e+03	1.4504e+00	7.0476e-01	0.0000e+00
9.4757e+03	1.4492e+00	7.0446e-01	0.0000e+00
9.4758e+03	1.4481e+00	7.0412e-01	0.0000e+00
9.4759e+03	1.4464e+00	7.0376e-01	0.0000e+00
9.4760e+03	1.4446e+00	7.0339e-01	0.0000e+00
9.4761e+03	1.4425e+00	7.0305e-01	0.0000e+00
9.4762e+03	1.4404e+00	7.0284e-01	0.0000e+00
9.4763e+03	1.4384e+00	7.0252e-01	0.0000e+00
9.4764e+03	1.4367e+00	7.0216e-01	0.0000e+00
9.4765e+03	1.4350e+00	7.0181e-01	0.0000e+00
9.4766e+03	1.4335e+00	7.0151e-01	0.0000e+00
9.4767e+03	1.4321e+00	7.0123e-01	0.0000e+00
9.4768e+03	1.4308e+00	7.0106e-01	0.0000e+00
9.4769e+03	1.4292e+00	7.0099e-01	0.0000e+00
9.4770e+03	1.4276e+00	7.0091e-01	0.0000e+00
9.4771e+03	1.4259e+00	7.0100e-01	0.0000e+00
9.4772e+03	1.4242e+00	7.0117e-01	0.0000e+00
9.4773e+03	1.4227e+00	7.0137e-01	0.0000e+00
9.4774e+03	1.4213e+00	7.0168e-01	0.0000e+00
9.4775e+03	1.4200e+00	7.0208e-01	0.0000e+00
9.4776e+03	1.4186e+00	7.0247e-01	0.0000e+00
9.4777e+03	1.4172e+00	7.0294e-01	0.0000e+00
9.4778e+03	1.4158e+00	7.0359e-01	0.0000e+00
9.4779e+03	1.4145e+00	7.0443e-01	0.0000e+00
9.4780e+03	1.4133e+00	7.0510e-01	0.0000e+00
9.4781e+03	1.4124e+00	7.0573e-01	0.0000e+00
9.4782e+03	1.4114e+00	7.0628e-01	0.0000e+00
9.4783e+03	1.4102e+00	7.0692e-01	0.0000e+00
9.4784e+03	1.4094e+00	7.0772e-01	0.0000e+00
9.4785e+03	1.4086e+00	7.0848e-01	0.0000e+00
9.4786e+03	1.4080e+00	7.0920e-01	0.0000e+00
9.4787e+03	1.4075e+00	7.0999e-01	0.0000e+00
9.4788e+03	1.4072e+00	7.1073e-01	0.0000e+00
9.4789e+03	1.4073e+00	7.1137e-01	0.0000e+00
9.4790e+03	1.4074e+00	7.1186e-01	0.0000e+00
9.4791e+03	1.4081e+00	7.1226e-01	0.0000e+00
9.4792e+03	1.4090e+00	7.1264e-01	0.0000e+00
9.4793e+03	1.4100e+00	7.1309e-01	0.0000e+00
9.4794e+03	1.4108e+00	7.1342e-01	0.0000e+00
9.4795e+03	1.4117e+00	7.1379e-01	0.0000e+00
9.4796e+03	1.4127e+00	7.1409e-01	0.0000e+00
9.4797e+03	1.4144e+00	7.1433e-01	0.0000e+00
9.4798e+03	1.4166e+00	7.1438e-01	0.0000e+00
9.4799e+03	1.4186e+00	7.1433e-01	0.0000e+00
9.4801e+03	1.4207e+00	7.1430e-01	0.0000e+00
9.4801e+03	1.4228e+00	7.1433e-01	0.0000e+00
9.4802e+03	1.4250e+00	7.1438e-01	0.0000e+00
9.4803e+03	1.4272e+00	7.1449e-01	0.0000e+00
9.4804e+03	1.4291e+00	7.1447e-01	0.0000e+00
9.4805e+03	1.4310e+00	7.1440e-01	0.0000e+00
9.4806e+03	1.4331e+00	7.1431e-01	0.0000e+00
9.4807e+03	1.4350e+00	7.1416e-01	0.0000e+00
9.4808e+03	1.4370e+00	7.1403e-01	0.0000e+00
9.4809e+03	1.4390e+00	7.1387e-01	0.0000e+00
9.4810e+03	1.4409e+00	7.1381e-01	0.0000e+00
9.4811e+03	1.4426e+00	7.1370e-01	0.0000e+00
9.4812e+03	1.4438e+00	7.1358e-01	0.0000e+00
9.4813e+03	1.4449e+00	7.1346e-01	0.0000e+00
9.4814e+03	1.4455e+00	7.1322e-01	0.0000e+00
9.4815e+03	1.4462e+00	7.1294e-01	0.0000e+00
9.4816e+03	1.4466e+00	7.1280e-01	0.0000e+00
9.4817e+03	1.4466e+00	7.1271e-01	0.0000e+00
9.4818e+03	1.4464e+00	7.1259e-01	0.0000e+00
9.4819e+03	1.4460e+00	7.1252e-01	0.0000e+00
9.4820e+03	1.4453e+00	7.1231e-01	0.0000e+00
9.4821e+03	1.4442e+00	7.1211e-01	0.0000e+00
9.4822e+03	1.4429e+00	7.1186e-01	0.0000e+00
9.4823e+03	1.4417e+00	7.1153e-01	0.0000e+00
9.4824e+03	1.4407e+00	7.1119e-01	0.0000e+00
9.4825e+03	1.4393e+00	7.1076e-01	0.0000e+00
9.4826e+03	1.4379e+00	7.1040e-01	0.0000e+00
9.4827e+03	1.4362e+00	7.1000e-01	0.0000e+00
9.4828e+03	1.4345e+00	7.0937e-01	0.0000e+00
9.4829e+03	1.4326e+00	7.0875e-01	0.0000e+00
9.4830e+03	1.4304e+00	7.0805e-01	0.0000e+00
9.4831e+03	1.4276e+00	7.0741e-01	0.0000e+00
9.4832e+03	1.4247e+00	7.0681e-01	0.0000e+00
9.4833e+03	1.4218e+00	7.0593e-01	0.0000e+00
9.4834e+03	1.4192e+00	7.0501e-01	0.0000e+00
9.4835e+03	1.4167e+00	7.0407e-01	0.0000e+00
9.4836e+03	1.4141e+00	7.0309e-01	0.0000e+00
9.4837e+03	1.4120e+00	7.0199e-01	0.0000e+00
9.4838e+03	1.4099e+00	7.0072e-01	0.0000e+00
9.4839e+03	1.4078e+00	6.9948e-01	0.0000e+00
9.4840e+03	1.4056e+00	6.9816e-01	0.0000e+00
9.4841e+03	1.4035e+00	6.9682e-01	0.0000e+00
9.4842e+03	1.4014e+00	6.9548e-01	0.0000e+00
9.4843e+03	1.3995e+00	6.9410e-01	0.0000e+00
9.4844e+03	1.3971e+00	6.9273e-01	0.0000e+00
9.4845e+03	1.3946e+00	6.9136e-01	0.0000e+00
9.4846e+03	1.3928e+00	6.8983e-01	0.0000e+00
9.4847e+03	1.3911e+00	6.8824e-01	0.0000e+00
9.4848e+03	1.3897e+00	6.8677e-01	0.0000e+00
9.4849e+03	1.3884e+00	6.8538e-01	0.0000e+00
9.4850e+03	1.3874e+00	6.8389e-01	0.0000e+00
9.4851e+03	1.3866e+00	6.8245e-01	0.0000e+00
9.4852e+03	1.3865e+00	6.8102e-01	0.0000e+00
9.4853e+03	1.3864e+00	6.7965e-01	0.0000e+00
9.4854e+03	1.3863e+00	6.7825e-01	0.0000e+00
9.4855e+03	1.3862e+00	6.7670e-01	0.0000e+00
9.4856e+03	1.3859e+00	6.7506e-01	0.0000e+00
9.4857e+03	1.3863e+00	6.7353e-01	0.0000e+00
9.4858e+03	1.3864e+00	6.7209e-01	0.0000e+00
9.4859e+03	1.3864e+00	6.7072e-01	0.0000e+00
9.4860e+03	1.3871e+00	6.6942e-01	0.0000e+00
9.4861e+03	1.3880e+00	6.6808e-01	0.0000e+00
9.4862e+03	1.3892e+00	6.6671e-01	0.0000e+00
9.4863e+03	1.3910e+00	6.6531e-01	0.0000e+00
9.4864e+03	1.3929e+00	6.6398e-01	0.0000e+00
9.4865e+03	1.3945e+00	6.6258e-01	0.0000e+00
9.4866e+03	1.3958e+00	6.6124e-01	0.0000e+00
9.4867e+03	1.3967e+00	6.5995e-01	0.0000e+00
9.4868e+03	1.3982e+00	6.5856e-01	0.0000e+00
9.4869e+03	1.3997e+00	6.5714e-01	0.0000e+00
9.4870e+03	1.4012e+00	6.5577e-01	0.0000e+00
9.4871e+03	1.4027e+00	6.5426e-01	0.0000e+00
9.4872e+03	1.4042e+00	6.5285e-01	0.0000e+00
9.4873e+03	1.4061e+00	6.5152e-01	0.0000e+00
9.4874e+03	1.4080e+00	6.5039e-01	0.0000e+00
9.4875e+03	1.4101e+00	6.4925e-01	0.0000e+00
9.4876e+03	1.4121e+00	6.4825e-01	0.0000e+00
9.4877e+03	1.4141e+00	6.4714e-01	0.0000e+00
9.4878e+03	1.4161e+00	6.4592e-01	0.0000e+00
9.4879e+03	1.4181e+00	6.4465e-01	0.0000e+00
9.4880e+03	1.4202e+00	6.4335e-01	0.0000e+00
9.4881e+03	1.4226e+00	6.4210e-01	0.0000e+00
9.4882e+03	1.4250e+00	6.4086e-01	0.0000e+00
9.4883e+03	1.4274e+00	6.3968e-01	0.0000e+00
9.4884e+03	1.4299e+00	6.3853e-01	0.0000e+00
9.4885e+03	1.4322e+00	6.3744e-01	0.0000e+00
9.4886e+03	1.4345e+00	6.3647e-01	0.0000e+00
9.4887e+03	1.4363e+00	6.3546e-01	0.0000e+00
9.4889e+03	1.4383e+00	6.3446e-01	0.0000e+00
9.4889e+03	1.4400e+00	6.3354e-01	0.0000e+00
9.4890e+03	1.4423e+00	6.3263e-01	0.0000e+00
9.4891e+03	1.4447e+00	6.3178e-01	0.0000e+00
9.4892e+03	1.4465e+00	6.3088e-01	0.0000e+00
9.4893e+03	1.4479e+00	6.3001e-01	0.0000e+00
9.4894e+03	1.4487e+00	6.2925e-01	0.0000e+00
9.4895e+03	1.4498e+00	6.2852e-01	0.0000e+00
9.4896e+03	1.4513e+00	6.2785e-01	0.0000e+00
9.4897e+03	1.4523e+00	6.2717e-01	0.0000e+00
9.4898e+03	1.4533e+00	6.2659e-01	0.0000e+00
9.4899e+03	1.4543e+00	6.2601e-01	0.0000e+00
9.4900e+03	1.4552e+00	6.2555e-01	0.0000e+00
9.4902e+03	1.4560e+00	6.2509e-01	0.0000e+00
9.4902e+03	1.4558e+00	6.2452e-01	0.0000e+00
9.4903e+03	1.4557e+00	6.2412e-01	0.0000e+00
9.4904e+03	1.4561e+00	6.2372e-01	0.0000e+00
9.4905e+03	1.4564e+00	6.2337e-01	0.0000e+00
9.4906e+03	1.4568e+00	6.2290e-01	0.0000e+00
9.4907e+03	1.4573e+00	6.2248e-01	0.0000e+00
9.4908e+03	1.4581e+00	6.2207e-01	0.0000e+00
9.4909e+03	1.4586e+00	6.2160e-01	0.0000e+00
9.4910e+03	1.4582e+00	6.2120e-01	0.0000e+00
9.4911e+03	1.4579e+00	6.2063e-01	0.0000e+00
9.4912e+03	1.4573e+00	6.2009e-01	0.0000e+00
9.4913e+03	1.4568e+00	6.1952e-01	0.0000e+00
9.4914e+03	1.4560e+00	6.1895e-01	0.0000e+00
9.4916e+03	1.4552e+00	6.1834e-01	0.0000e+00
9.4916e+03	1.4547e+00	6.1770e-01	0.0000e+00
9.4917e+03	1.4545e+00	6.1701e-01	0.0000e+00
9.4918e+03	1.4542e+00	6.1629e-01	0.0000e+00
9.4919e+03	1.4538e+00	6.1569e-01	0.0000e+00
9.4920e+03	1.4531e+00	6.1496e-01	0.0000e+00
9.4922e+03	1.4527e+00	6.1421e-01	0.0000e+00
9.4922e+03	1.4521e+00	6.1354e-01	0.0000e+00
9.4923e+03	1.4512e+00	6.1278e-01	0.0000e+00
9.4924e+03	1.4501e+00	6.1206e-01	0.0000e+00
9.4925e+03	1.4492e+00	6.1136e-01	0.0000e+00
9.4927e+03	1.4479e+00	6.1071e-01	0.0000e+00
9.4927e+03	1.4464e+00	6.1001e-01	0.0000e+00
9.4929e+03	1.4450e+00	6.0932e-01	0.0000e+00
9.4929e+03	1.4440e+00	6.0870e-01	0.0000e+00
9.4930e+03	1.4430e+00	6.0817e-01	0.0000e+00
9.4931e+03	1.4422e+00	6.0779e-01	0.0000e+00
9.4932e+03	1.4414e+00	6.0723e-01	0.0000e+00
9.4933e+03	1.4405e+00	6.0662e-01	0.0000e+00
9.4934e+03	1.4397e+00	6.0598e-01	0.0000e+00
9.4935e+03	1.4389e+00	6.0538e-01	0.0000e+00
9.4936e+03	1.4377e+00	6.0485e-01	0.0000e+00
9.4938e+03	1.4364e+00	6.0424e-01	0.0000e+00
9.4938e+03	1.4353e+00	6.0365e-01	0.0000e+00
9.4939e+03	1.4348e+00	6.0310e-01	0.0000e+00
9.4941e+03	1.4341e+00	6.0259e-01	0.0000e+00
9.4942e+03	1.4334e+00	6.0204e-01	0.0000e+00
9.4942e+03	1.4330e+00	6.0143e-01	0.0000e+00
9.4943e+03	1.4329e+00	6.0081e-01	0.0000e+00
9.4944e+03	1.4331e+00	6.0014e-01	0.0000e+00
9.4945e+03	1.4331e+00	5.9941e-01	0.0000e+00
9.4947e+03	1.4334e+00	5.9855e-01	0.0000e+00
9.4947e+03	1.4339e+00	5.9775e-01	0.0000e+00
9.4948e+03	1.4341e+00	5.9698e-01	0.0000e+00
9.4949e+03	1.4345e+00	5.9622e-01	0.0000e+00
9.4950e+03	1.4349e+00	5.9537e-01	0.0000e+00
9.4951e+03	1.4351e+00	5.9443e-01	0.0000e+00
9.4952e+03	1.4355e+00	5.9355e-01	0.0000e+00
9.4953e+03	1.4358e+00	5.9273e-01	0.0000e+00
9.4954e+03	1.4369e+00	5.9188e-01	0.0000e+00
9.4955e+03	1.4376e+00	5.9095e-01	0.0000e+00
9.4956e+03	1.4385e+00	5.8999e-01	0.0000e+00
9.4957e+03	1.4393e+00	5.8893e-01	0.0000e+00
9.4958e+03	1.4400e+00	5.8763e-01	0.0000e+00
9.4959e+03	1.4407e+00	5.8638e-01	0.0000e+00
9.4960e+03	1.4415e+00	5.8497e-01	0.0000e+00
9.4962e+03	1.4419e+00	5.8352e-01	0.0000e+00
9.4962e+03	1.4424e+00	5.8218e-01	0.0000e+00
9.4963e+03	1.4427e+00	5.8085e-01	0.0000e+00
9.4965e+03	1.4431e+00	5.7961e-01	0.0000e+00
9.4965e+03	1.4431e+00	5.7849e-01	0.0000e+00
9.4967e+03	1.4429e+00	5.7739e-01	0.0000e+00
9.4968e+03	1.4428e+00	5.7627e-01	0.0000e+00
9.4968e+03	1.4426e+00	5.7494e-01	0.0000e+00
9.4969e+03	1.4424e+00	5.7347e-01	0.0000e+00
9.4970e+03	1.4425e+00	5.7202e-01	0.0000e+00
9.4971e+03	1.4425e+00	5.7064e-01	0.0000e+00
9.4972e+03	1.4421e+00	5.6926e-01	0.0000e+00
9.4973e+03	1.4413e+00	5.6795e-01	0.0000e+00
9.4974e+03	1.4405e+00	5.6670e-01	0.0000e+00
9.4975e+03	1.4397e+00	5.6553e-01	0.0000e+00
9.4976e+03	1.4389e+00	5.6448e-01	0.0000e+00
9.4978e+03	1.4380e+00	5.6357e-01	0.0000e+00
9.4978e+03	1.4369e+00	5.6283e-01	0.0000e+00
9.4980e+03	1.4360e+00	5.6202e-01	0.0000e+00
9.4980e+03	1.4351e+00	5.6132e-01	0.0000e+00
9.4981e+03	1.4341e+00	5.6071e-01	0.0000e+00
9.4982e+03	1.4330e+00	5.6023e-01	0.0000e+00
9.4983e+03	1.4320e+00	5.5974e-01	0.0000e+00
9.4984e+03	1.4314e+00	5.5924e-01	0.0000e+00
9.4985e+03	1.4311e+00	5.5868e-01	0.0000e+00
9.4986e+03	1.4308e+00	5.5824e-01	0.0000e+00
9.4987e+03	1.4305e+00	5.5795e-01	0.0000e+00
9.4988e+03	1.4302e+00	5.5791e-01	0.0000e+00
9.4989e+03	1.4299e+00	5.5782e-01	0.0000e+00
9.4990e+03	1.4295e+00	5.5781e-01	0.0000e+00
9.4991e+03	1.4292e+00	5.5785e-01	0.0000e+00
9.4992e+03	1.4295e+00	5.5795e-01	0.0000e+00
9.4994e+03	1.4301e+00	5.5796e-01	0.0000e+00
9.4994e+03	1.4304e+00	5.5797e-01	0.0000e+00
9.4995e+03	1.4308e+00	5.5798e-01	0.0000e+00
9.4997e+03	1.4313e+00	5.5805e-01	0.0000e+00
9.4997e+03	1.4317e+00	5.5816e-01	0.0000e+00
9.4998e+03	1.4321e+00	5.5828e-01	0.0000e+00
9.5000e+03	1.4324e+00	5.5837e-01	0.0000e+00
9.5000e+03	1.4327e+00	5.5840e-01	0.0000e+00
9.5001e+03	1.4332e+00	5.5846e-01	0.0000e+00
9.5002e+03	1.4338e+00	5.5843e-01	0.0000e+00
9.5003e+03	1.4345e+00	5.5827e-01	0.0000e+00
9.5004e+03	1.4350e+00	5.5804e-01	0.0000e+00
9.5005e+03	1.4351e+00	5.5777e-01	0.0000e+00
9.5006e+03	1.4353e+00	5.5740e-01	0.0000e+00
9.5007e+03	1.4356e+00	5.5706e-01	0.0000e+00
9.5008e+03	1.4356e+00	5.5668e-01	0.0000e+00
9.5010e+03	1.4357e+00	5.5627e-01	0.0000e+00
9.5010e+03	1.4356e+00	5.5587e-01	0.0000e+00
9.5012e+03	1.4358e+00	5.5543e-01	0.0000e+00
9.5013e+03	1.4359e+00	5.5493e-01	0.0000e+00
9.5013e+03	1.4357e+00	5.5434e-01	0.0000e+00
9.5014e+03	1.4352e+00	5.5369e-01	0.0000e+00
9.5015e+03	1.4347e+00	5.5292e-01	0.0000e+00
9.5017e+03	1.4340e+00	5.5212e-01	0.0000e+00
9.5017e+03	1.4330e+00	5.5135e-01	0.0000e+00
9.5018e+03	1.4321e+00	5.5049e-01	0.0000e+00
9.5020e+03	1.4310e+00	5.4963e-01	0.0000e+00
9.5020e+03	1.4298e+00	5.4883e-01	0.0000e+00
9.5022e+03	1.4287e+00	5.4796e-01	0.0000e+00
9.5022e+03	1.4275e+00	5.4720e-01	0.0000e+00
9.5023e+03	1.4262e+00	5.4652e-01	0.0000e+00
9.5025e+03	1.4251e+00	5.4584e-01	0.0000e+00
9.5025e+03	1.4237e+00	5.4509e-01	0.0000e+00
9.5026e+03	1.4222e+00	5.4443e-01	0.0000e+00
9.5027e+03	1.4209e+00	5.4365e-01	0.0000e+00
9.5028e+03	1.4191e+00	5.4291e-01	0.0000e+00
9.5029e+03	1.4174e+00	5.4219e-01	0.0000e+00
9.5031e+03	1.4157e+00	5.4148e-01	0.0000e+00
9.5031e+03	1.4139e+00	5.4084e-01	0.0000e+00
9.5033e+03	1.4122e+00	5.4015e-01	0.0000e+00
9.5034e+03	1.4103e+00	5.3951e-01	0.0000e+00
9.5034e+03	1.4088e+00	5.3879e-01	0.0000e+00
9.5035e+03	1.4075e+00	5.3823e-01	0.0000e+00
9.5037e+03	1.4063e+00	5.3763e-01	0.0000e+00
9.5038e+03	1.4052e+00	5.3698e-01	0.0000e+00
9.5038e+03	1.4042e+00	5.3625e-01	0.0000e+00
9.5039e+03	1.4033e+00	5.3559e-01	0.0000e+00
9.5040e+03	1.4028e+00	5.3497e-01	0.0000e+00
9.5042e+03	1.4022e+00	5.3433e-01	0.0000e+00
9.5043e+03	1.4018e+00	5.3357e-01	0.0000e+00
9.5044e+03	1.4015e+00	5.3280e-01	0.0000e+00
9.5044e+03	1.4013e+00	5.3219e-01	0.0000e+00
9.5045e+03	1.4012e+00	5.3157e-01	0.0000e+00
9.5047e+03	1.4010e+00	5.3099e-01	0.0000e+00
9.5048e+03	1.4010e+00	5.3044e-01	0.0000e+00
9.5048e+03	1.4013e+00	5.2973e-01	0.0000e+00
9.5049e+03	1.4021e+00	5.2896e-01	0.0000e+00
9.5050e+03	1.4033e+00	5.2819e-01	0.0000e+00
9.5051e+03	1.4044e+00	5.2747e-01	0.0000e+00
9.5052e+03	1.4059e+00	5.2668e-01	0.0000e+00
9.5053e+03	1.4073e+00	5.2587e-01	0.0000e+00
9.5054e+03	1.4088e+00	5.2515e-01	0.0000e+00
9.5055e+03	1.4100e+00	5.2436e-01	0.0000e+00
9.5056e+03	1.4114e+00	5.2357e-01	0.0000e+00
9.5057e+03	1.4133e+00	5.2283e-01	0.0000e+00
9.5058e+03	1.4152e+00	5.2201e-01	0.0000e+00
9.5059e+03	1.4171e+00	5.2118e-01	0.0000e+00
9.5060e+03	1.4192e+00	5.2043e-01	0.0000e+00
9.5061e+03	1.4214e+00	5.1959e-01	0.0000e+00
9.5062e+03	1.4239e+00	5.1866e-01	0.0000e+00
9.5063e+03	1.4263e+00	5.1774e-01	0.0000e+00
9.5065e+03	1.4288e+00	5.1680e-01	0.0000e+00
9.5065e+03	1.4311e+00	5.1582e-01	0.0000e+00
9.5066e+03	1.4337e+00	5.1485e-01	0.0000e+00
9.5067e+03	1.4360e+00	5.1388e-01	0.0000e+00
9.5068e+03	1.4382e+00	5.1296e-01	0.0000e+00
9.5070e+03	1.4402e+00	5.1205e-01	0.0000e+00
9.5070e+03	1.4421e+00	5.1123e-01	0.0000e+00
9.5071e+03	1.4439e+00	5.1028e-01	0.0000e+00
9.5072e+03	1.4459e+00	5.0941e-01	0.0000e+00
9.5073e+03	1.4477e+00	5.0860e-01	0.0000e+00
9.5074e+03	1.4493e+00	5.0775e-01	0.0000e+00
9.5075e+03	1.4506e+00	5.0685e-01	0.0000e+00
9.5076e+03	1.4515e+00	5.0605e-01	0.0000e+00
9.5077e+03	1.4522e+00	5.0527e-01	0.0000e+00
9.5078e+03	1.4528e+00	5.0451e-01	0.0000e+00
9.5080e+03	1.4533e+00	5.0371e-01	0.0000e+00
9.5080e+03	1.4540e+00	5.0297e-01	0.0000e+00
9.5081e+03	1.4546e+00	5.0231e-01	0.0000e+00
9.5083e+03	1.4551e+00	5.0179e-01	0.0000e+00
9.5083e+03	1.4553e+00	5.0138e-01	0.0000e+00
9.5085e+03	1.4558e+00	5.0091e-01	0.0000e+00
9.5085e+03	1.4565e+00	5.0041e-01	0.0000e+00
9.5087e+03	1.4570e+00	5.0001e-01	0.0000e+00
9.5087e+03	1.4574e+00	4.9960e-01	0.0000e+00
9.5089e+03	1.4578e+00	4.9930e-01	0.0000e+00
9.5089e+03	1.4583e+00	4.9902e-01	0.0000e+00
9.5090e+03	1.4587e+00	4.9885e-01	0.0000e+00
9.5091e+03	1.4586e+00	4.9872e-01	0.0000e+00
9.5092e+03	1.4585e+00	4.9866e-01	0.0000e+00
9.5094e+03	1.4592e+00	4.9862e-01	0.0000e+00
9.5094e+03	1.4599e+00	4.9869e-01	0.0000e+00
9.5096e+03	1.4608e+00	4.9880e-01	0.0000e+00
9.5096e+03	1.4614e+00	4.9897e-01	0.0000e+00
9.5098e+03	1.4621e+00	4.9911e-01	0.0000e+00
9.5099e+03	1.4629e+00	4.9944e-01	0.0000e+00
9.5099e+03	1.4637e+00	4.9986e-01	0.0000e+00
9.5100e+03	1.4643e+00	5.0033e-01	0.0000e+00
9.5101e+03	1.4644e+00	5.0075e-01	0.0000e+00
9.5102e+03	1.4642e+00	5.0109e-01	0.0000e+00
9.5103e+03	1.4639e+00	5.0133e-01	0.0000e+00
9.5104e+03	1.4639e+00	5.0166e-01	0.0000e+00
9.5106e+03	1.4640e+00	5.0203e-01	0.0000e+00
9.5106e+03	1.4643e+00	5.0237e-01	0.0000e+00
9.5107e+03	1.4645e+00	5.0263e-01	0.0000e+00
9.5108e+03	1.4649e+00	5.0283e-01	0.0000e+00
9.5109e+03	1.4652e+00	5.0310e-01	0.0000e+00
9.5110e+03	1.4657e+00	5.0336e-01	0.0000e+00
9.5111e+03	1.4662e+00	5.0360e-01	0.0000e+00
9.5112e+03	1.4672e+00	5.0392e-01	0.0000e+00
9.5114e+03	1.4683e+00	5.0417e-01	0.0000e+00
9.5114e+03	1.4695e+00	5.0445e-01	0.0000e+00
9.5115e+03	1.4708e+00	5.0469e-01	0.0000e+00
9.5117e+03	1.4720e+00	5.0484e-01	0.0000e+00
9.5117e+03	1.4734e+00	5.0490e-01	0.0000e+00
9.5118e+03	1.4751e+00	5.0486e-01	0.0000e+00
9.5119e+03	1.4773e+00	5.0486e-01	0.0000e+00
9.5120e+03	1.4797e+00	5.0491e-01	0.0000e+00
9.5121e+03	1.4822e+00	5.0499e-01	0.0000e+00
9.5123e+03	1.4849e+00	5.0516e-01	0.0000e+00
9.5123e+03	1.4878e+00	5.0546e-01	0.0000e+00
9.5125e+03	1.4909e+00	5.0584e-01	0.0000e+00
9.5125e+03	1.4942e+00	5.0618e-01	0.0000e+00
9.5126e+03	1.4974e+00	5.0652e-01	0.0000e+00
9.5127e+03	1.5003e+00	5.0687e-01	0.0000e+00
9.5128e+03	1.5031e+00	5.0736e-01	0.0000e+00
9.5129e+03	1.5057e+00	5.0779e-01	0.0000e+00
9.5130e+03	1.5085e+00	5.0819e-01	0.0000e+00
9.5131e+03	1.5108e+00	5.0861e-01	0.0000e+00
9.5133e+03	1.5135e+00	5.0901e-01	0.0000e+00
9.5133e+03	1.5164e+00	5.0959e-01	0.0000e+00
9.5134e+03	1.5187e+00	5.1023e-01	0.0000e+00
9.5136e+03	1.5206e+00	5.1081e-01	0.0000e+00
9.5137e+03	1.5226e+00	5.1141e-01	0.0000e+00
9.5137e+03	1.5236e+00	5.1203e-01	0.0000e+00
9.5138e+03	1.5244e+00	5.1270e-01	0.0000e+00
9.5139e+03	1.5251e+00	5.1345e-01	0.0000e+00
9.5140e+03	1.5255e+00	5.1412e-01	0.0000e+00
9.5141e+03	1.5258e+00	5.1487e-01	0.0000e+00
9.5142e+03	1.5263e+00	5.1568e-01	0.0000e+00
9.5143e+03	1.5263e+00	5.1661e-01	0.0000e+00
9.5144e+03	1.5264e+00	5.1752e-01	0.0000e+00
9.5145e+03	1.5263e+00	5.1844e-01	0.0000e+00
9.5146e+03	1.5259e+00	5.1952e-01	0.0000e+00
9.5147e+03	1.5253e+00	5.2055e-01	0.0000e+00
9.5148e+03	1.5246e+00	5.2160e-01	0.0000e+00
9.5149e+03	1.5240e+00	5.2270e-01	0.0000e+00
9.5150e+03	1.5234e+00	5.2386e-01	0.0000e+00
9.5151e+03	1.5228e+00	5.2520e-01	0.0000e+00
9.5153e+03	1.5218e+00	5.2658e-01	0.0000e+00
9.5154e+03	1.5207e+00	5.2788e-01	0.0000e+00
9.5154e+03	1.5196e+00	5.2919e-01	0.0000e+00
9.5156e+03	1.5186e+00	5.3062e-01	0.0000e+00
9.5156e+03	1.5181e+00	5.3212e-01	0.0000e+00
9.5157e+03	1.5170e+00	5.3365e-01	0.0000e+00
9.5158e+03	1.5161e+00	5.3527e-01	0.0000e+00
9.5159e+03	1.5155e+00	5.3687e-01	0.0000e+00
9.5161e+03	1.5145e+00	5.3847e-01	0.0000e+00
9.5161e+03	1.5136e+00	5.4005e-01	0.0000e+00
9.5162e+03	1.5121e+00	5.4154e-01	0.0000e+00
9.5163e+03	1.5102e+00	5.4302e-01	0.0000e+00
9.5165e+03	1.5083e+00	5.4453e-01	0.0000e+00
9.5166e+03	1.5065e+00	5.4604e-01	0.0000e+00
9.5166e+03	1.5050e+00	5.4756e-01	0.0000e+00
9.5167e+03	1.5036e+00	5.4901e-01	0.0000e+00
9.5168e+03	1.5020e+00	5.5054e-01	0.0000e+00
9.5169e+03	1.5007e+00	5.5205e-01	0.0000e+00
9.5170e+03	1.4992e+00	5.5353e-01	0.0000e+00
9.5171e+03	1.4976e+00	5.5501e-01	0.0000e+00
9.5173e+03	1.4958e+00	5.5642e-01	0.0000e+00
9.5173e+03	1.4937e+00	5.5790e-01	0.0000e+00
9.5175e+03	1.4917e+00	5.5944e-01	0.0000e+00
9.5176e+03	1.4893e+00	5.6096e-01	0.0000e+00
9.5176e+03	1.4873e+00	5.6249e-01	0.0000e+00
9.5177e+03	1.4854e+00	5.6391e-01	0.0000e+00
9.5178e+03	1.4835e+00	5.6534e-01	0.0000e+00
9.5179e+03	1.4817e+00	5.6685e-01	0.0000e+00
9.5181e+03	1.4798e+00	5.6836e-01	0.0000e+00
9.5181e+03	1.4778e+00	5.6975e-01	0.0000e+00
9.5182e+03	1.4759e+00	5.7115e-01	0.0000e+00
9.5183e+03	1.4741e+00	5.7255e-01	0.0000e+00
9.5184e+03	1.4725e+00	5.7393e-01	0.0000e+00
9.5186e+03	1.4705e+00	5.7522e-01	0.0000e+00
9.5187e+03	1.4688e+00	5.7654e-01	0.0000e+00
9.5188e+03	1.4674e+00	5.7777e-01	0.0000e+00
9.5188e+03	1.4657e+00	5.7899e-01	0.0000e+00
9.5190e+03	1.4640e+00	5.8019e-01	0.0000e+00
9.5190e+03	1.4622e+00	5.8123e-01	0.0000e+00
9.5191e+03	1.4600e+00	5.8221e-01	0.0000e+00
9.5193e+03	1.4586e+00	5.8309e-01	0.0000e+00
9.5194e+03	1.4576e+00	5.8389e-01	0.0000e+00
9.5195e+03	1.4566e+00	5.8467e-01	0.0000e+00
9.5196e+03	1.4554e+00	5.8541e-01	0.0000e+00
9.5196e+03	1.4542e+00	5.8609e-01	0.0000e+00
9.5197e+03	1.4532e+00	5.8667e-01	0.0000e+00
9.5198e+03	1.4520e+00	5.8725e-01	0.0000e+00
9.5199e+03	1.4507e+00	5.8786e-01	0.0000e+00
9.5201e+03	1.4497e+00	5.8836e-01	0.0000e+00
9.5201e+03	1.4489e+00	5.8883e-01	0.0000e+00
9.5202e+03	1.4484e+00	5.8930e-01	0.0000e+00
9.5203e+03	1.4481e+00	5.8974e-01	0.0000e+00
9.5204e+03	1.4472e+00	5.9017e-01	0.0000e+00
9.5206e+03	1.4461e+00	5.9057e-01	0.0000e+00
9.5206e+03	1.4456e+00	5.9095e-01	0.0000e+00
9.5207e+03	1.4449e+00	5.9141e-01	0.0000e+00
9.5209e+03	1.4439e+00	5.9177e-01	0.0000e+00
9.5209e+03	1.4431e+00	5.9212e-01	0.0000e+00
9.5210e+03	1.4427e+00	5.9247e-01	0.0000e+00
9.5212e+03	1.4419e+00	5.9286e-01	0.0000e+00
9.5212e+03	1.4413e+00	5.9321e-01	0.0000e+00
9.5213e+03	1.4407e+00	5.9362e-01	0.0000e+00
9.5214e+03	1.4399e+00	5.9401e-01	0.0000e+00
9.5216e+03	1.4391e+00	5.9439e-01	0.0000e+00
9.5216e+03	1.4383e+00	5.9507e-01	0.0000e+00
9.5217e+03	1.4372e+00	5.9580e-01	0.0000e+00
9.5218e+03	1.4362e+00	5.9646e-01	0.0000e+00
9.5220e+03	1.4352e+00	5.9709e-01	0.0000e+00
9.5221e+03	1.4339e+00	5.9775e-01	0.0000e+00
9.5221e+03	1.4322e+00	5.9839e-01	0.0000e+00
9.5222e+03	1.4304e+00	5.9909e-01	0.0000e+00
9.5223e+03	1.4294e+00	5.9971e-01	0.0000e+00
9.5224e+03	1.4281e+00	6.0014e-01	0.0000e+00
9.5226e+03	1.4271e+00	6.0077e-01	0.0000e+00
9.5226e+03	1.4264e+00	6.0146e-01	0.0000e+00
9.5227e+03	1.4256e+00	6.0228e-01	0.0000e+00
9.5229e+03	1.4250e+00	6.0309e-01	0.0000e+00
9.5229e+03	1.4243e+00	6.0397e-01	0.0000e+00
9.5230e+03	1.4235e+00	6.0474e-01	0.0000e+00
9.5231e+03	1.4227e+00	6.0538e-01	0.0000e+00
9.5233e+03	1.4221e+00	6.0608e-01	0.0000e+00
9.5234e+03	1.4212e+00	6.0673e-01	0.0000e+00
9.5234e+03	1.4204e+00	6.0725e-01	0.0000e+00
9.5235e+03	1.4195e+00	6.0767e-01	0.0000e+00
9.5237e+03	1.4187e+00	6.0799e-01	0.0000e+00
9.5237e+03	1.4176e+00	6.0840e-01	0.0000e+00
9.5239e+03	1.4164e+00	6.0880e-01	0.0000e+00
9.5240e+03	1.4151e+00	6.0910e-01	0.0000e+00
9.5240e+03	1.4142e+00	6.0940e-01	0.0000e+00
9.5241e+03	1.4134e+00	6.0964e-01	0.0000e+00
9.5242e+03	1.4125e+00	6.0994e-01	0.0000e+00
9.5243e+03	1.4114e+00	6.1024e-01	0.0000e+00
9.5245e+03	1.4103e+00	6.1061e-01	0.0000e+00
9.5246e+03	1.4090e+00	6.1090e-01	0.0000e+00
9.5246e+03	1.4075e+00	6.1106e-01	0.0000e+00
9.5247e+03	1.4057e+00	6.1113e-01	0.0000e+00
9.5249e+03	1.4041e+00	6.1114e-01	0.0000e+00
9.5250e+03	1.4023e+00	6.1115e-01	0.0000e+00
9.5250e+03	1.4007e+00	6.1126e-01	0.0000e+00
9.5251e+03	1.3993e+00	6.1138e-01	0.0000e+00
9.5253e+03	1.3980e+00	6.1144e-01	0.0000e+00
9.5253e+03	1.3970e+00	6.1155e-01	0.0000e+00
9.5255e+03	1.3956e+00	6.1179e-01	0.0000e+00
9.5256e+03	1.3942e+00	6.1209e-01	0.0000e+00
9.5256e+03	1.3932e+00	6.1227e-01	0.0000e+00
9.5257e+03	1.3922e+00	6.1247e-01	0.0000e+00
9.5258e+03	1.3912e+00	6.1280e-01	0.0000e+00
9.5259e+03	1.3901e+00	6.1309e-01	0.0000e+00
9.5260e+03	1.3890e+00	6.1346e-01	0.0000e+00
9.5261e+03	1.3881e+00	6.1391e-01	0.0000e+00
9.5263e+03	1.3873e+00	6.1433e-01	0.0000e+00
9.5263e+03	1.3863e+00	6.1484e-01	0.0000e+00
9.5264e+03	1.3852e+00	6.1535e-01	0.0000e+00
9.5265e+03	1.3841e+00	6.1586e-01	0.0000e+00
9.5266e+03	1.3833e+00	6.1625e-01	0.0000e+00
9.5267e+03	1.3824e+00	6.1668e-01	0.0000e+00
9.5268e+03	1.3816e+00	6.1710e-01	0.0000e+00
9.5269e+03	1.3809e+00	6.1765e-01	0.0000e+00
9.5270e+03	1.3803e+00	6.1822e-01	0.0000e+00
9.5271e+03	1.3793e+00	6.1895e-01	0.0000e+00
9.5272e+03	1.3784e+00	6.1977e-01	0.0000e+00
9.5273e+03	1.3776e+00	6.2054e-01	0.0000e+00
9.5274e+03	1.3768e+00	6.2120e-01	0.0000e+00
9.5276e+03	1.3756e+00	6.2192e-01	0.0000e+00
9.5276e+03	1.3745e+00	6.2267e-01	0.0000e+00
9.5277e+03	1.3738e+00	6.2327e-01	0.0000e+00
9.5278e+03	1.3729e+00	6.2384e-01	0.0000e+00
9.5279e+03	1.3720e+00	6.2441e-01	0.0000e+00
9.5281e+03	1.3712e+00	6.2503e-01	0.0000e+00
9.5281e+03	1.3707e+00	6.2559e-01	0.0000e+00
9.5283e+03	1.3704e+00	6.2608e-01	0.0000e+00
9.5284e+03	1.3705e+00	6.2655e-01	0.0000e+00
9.5284e+03	1.3704e+00	6.2704e-01	0.0000e+00
9.5285e+03	1.3706e+00	6.2752e-01	0.0000e+00
9.5286e+03	1.3712e+00	6.2804e-01	0.0000e+00
9.5288e+03	1.3716e+00	6.2853e-01	0.0000e+00
9.5288e+03	1.3723e+00	6.2909e-01	0.0000e+00
9.5289e+03	1.3730e+00	6.2973e-01	0.0000e+00
9.5290e+03	1.3739e+00	6.3038e-01	0.0000e+00
9.5292e+03	1.3745e+00	6.3094e-01	0.0000e+00
9.5292e+03	1.3750e+00	6.3139e-01	0.0000e+00
9.5293e+03	1.3758e+00	6.3198e-01	0.0000e+00
9.5294e+03	1.3770e+00	6.3253e-01	0.0000e+00
9.5295e+03	1.3783e+00	6.3315e-01	0.0000e+00
9.5296e+03	1.3798e+00	6.3379e-01	0.0000e+00
9.5297e+03	1.3817e+00	6.3442e-01	0.0000e+00
9.5298e+03	1.3834e+00	6.3507e-01	0.0000e+00
9.5299e+03	1.3851e+00	6.3588e-01	0.0000e+00
9.5300e+03	1.3867e+00	6.3668e-01	0.0000e+00
9.5301e+03	1.3879e+00	6.3747e-01	0.0000e+00
9.5302e+03	1.3891e+00	6.3823e-01	0.0000e+00
9.5304e+03	1.3900e+00	6.3909e-01	0.0000e+00
9.5304e+03	1.3910e+00	6.3999e-01	0.0000e+00
9.5305e+03	1.3921e+00	6.4092e-01	0.0000e+00
9.5306e+03	1.3933e+00	6.4185e-01	0.0000e+00
9.5307e+03	1.3940e+00	6.4282e-01	0.0000e+00
9.5308e+03	1.3948e+00	6.4362e-01	0.0000e+00
9.5310e+03	1.3960e+00	6.4436e-01	0.0000e+00
9.5310e+03	1.3972e+00	6.4515e-01	0.0000e+00
9.5311e+03	1.3983e+00	6.4594e-01	0.0000e+00
9.5312e+03	1.3999e+00	6.4672e-01	0.0000e+00
9.5313e+03	1.4016e+00	6.4755e-01	0.0000e+00
9.5314e+03	1.4034e+00	6.4846e-01	0.0000e+00
9.5315e+03	1.4048e+00	6.4931e-01	0.0000e+00
9.5317e+03	1.4062e+00	6.5011e-01	0.0000e+00
9.5318e+03	1.4074e+00	6.5107e-01	0.0000e+00
9.5319e+03	1.4091e+00	6.5206e-01	0.0000e+00
9.5319e+03	1.4108e+00	6.5298e-01	0.0000e+00
9.5320e+03	1.4128e+00	6.5390e-01	0.0000e+00
9.5321e+03	1.4152e+00	6.5492e-01	0.0000e+00
9.5322e+03	1.4177e+00	6.5582e-01	0.0000e+00
9.5323e+03	1.4203e+00	6.5671e-01	0.0000e+00
9.5324e+03	1.4227e+00	6.5766e-01	0.0000e+00
9.5325e+03	1.4254e+00	6.5866e-01	0.0000e+00
9.5327e+03	1.4282e+00	6.5964e-01	0.0000e+00
9.5327e+03	1.4310e+00	6.6068e-01	0.0000e+00
9.5328e+03	1.4340e+00	6.6177e-01	0.0000e+00
9.5329e+03	1.4370e+00	6.6278e-01	0.0000e+00
9.5330e+03	1.4395e+00	6.6376e-01	0.0000e+00
9.5332e+03	1.4419e+00	6.6456e-01	0.0000e+00
9.5333e+03	1.4441e+00	6.6532e-01	0.0000e+00
9.5333e+03	1.4463e+00	6.6598e-01	0.0000e+00
9.5335e+03	1.4483e+00	6.6664e-01	0.0000e+00
9.5335e+03	1.4503e+00	6.6730e-01	0.0000e+00
9.5337e+03	1.4524e+00	6.6797e-01	0.0000e+00
9.5338e+03	1.4545e+00	6.6858e-01	0.0000e+00
9.5338e+03	1.4564e+00	6.6903e-01	0.0000e+00
9.5339e+03	1.4577e+00	6.6948e-01	0.0000e+00
9.5340e+03	1.4588e+00	6.6979e-01	0.0000e+00
9.5341e+03	1.4596e+00	6.6998e-01	0.0000e+00
9.5343e+03	1.4598e+00	6.7044e-01	0.0000e+00
9.5343e+03	1.4602e+00	6.7080e-01	0.0000e+00
9.5344e+03	1.4605e+00	6.7109e-01	0.0000e+00
9.5345e+03	1.4605e+00	6.7133e-01	0.0000e+00
9.5347e+03	1.4609e+00	6.7155e-01	0.0000e+00
9.5347e+03	1.4612e+00	6.7164e-01	0.0000e+00
9.5348e+03	1.4614e+00	6.7174e-01	0.0000e+00
9.5349e+03	1.4614e+00	6.7181e-01	0.0000e+00
9.5350e+03	1.4612e+00	6.7183e-01	0.0000e+00
9.5351e+03	1.4609e+00	6.7190e-01	0.0000e+00
9.5352e+03	1.4606e+00	6.7214e-01	0.0000e+00
9.5353e+03	1.4598e+00	6.7241e-01	0.0000e+00
9.5355e+03	1.4590e+00	6.7265e-01	0.0000e+00
9.5355e+03	1.4582e+00	6.7292e-01	0.0000e+00
9.5356e+03	1.4572e+00	6.7316e-01	0.0000e+00
9.5357e+03	1.4559e+00	6.7338e-01	0.0000e+00
9.5358e+03	1.4544e+00	6.7367e-01	0.0000e+00
9.5359e+03	1.4531e+00	6.7401e-01	0.0000e+00
9.5360e+03	1.4520e+00	6.7433e-01	0.0000e+00
9.5362e+03	1.4508e+00	6.7471e-01	0.0000e+00
9.5362e+03	1.4492e+00	6.7494e-01	0.0000e+00
9.5363e+03	1.4477e+00	6.7517e-01	0.0000e+00
9.5364e+03	1.4461e+00	6.7535e-01	0.0000e+00
9.5365e+03	1.4445e+00	6.7553e-01	0.0000e+00
9.5366e+03	1.4426e+00	6.7579e-01	0.0000e+00
9.5367e+03	1.4408e+00	6.7597e-01	0.0000e+00
9.5369e+03	1.4390e+00	6.7624e-01	0.0000e+00
9.5369e+03	1.4375e+00	6.7656e-01	0.0000e+00
9.5370e+03	1.4360e+00	6.7696e-01	0.0000e+00
9.5371e+03	1.4347e+00	6.7735e-01	0.0000e+00
9.5372e+03	1.4333e+00	6.7761e-01	0.0000e+00
9.5373e+03	1.4319e+00	6.7768e-01	0.0000e+00
9.5374e+03	1.4310e+00	6.7764e-01	0.0000e+00
9.5375e+03	1.4304e+00	6.7766e-01	0.0000e+00
9.5376e+03	1.4301e+00	6.7770e-01	0.0000e+00
9.5377e+03	1.4303e+00	6.7777e-01	0.0000e+00
9.5378e+03	1.4309e+00	6.7779e-01	0.0000e+00
9.5379e+03	1.4311e+00	6.7791e-01	0.0000e+00
9.5380e+03	1.4307e+00	6.7802e-01	0.0000e+00
9.5381e+03	1.4306e+00	6.7810e-01	0.0000e+00
9.5383e+03	1.4303e+00	6.7813e-01	0.0000e+00
9.5384e+03	1.4301e+00	6.7800e-01	0.0000e+00
9.5384e+03	1.4298e+00	6.7791e-01	0.0000e+00
9.5385e+03	1.4294e+00	6.7784e-01	0.0000e+00
9.5387e+03	1.4289e+00	6.7782e-01	0.0000e+00
9.5388e+03	1.4285e+00	6.7776e-01	0.0000e+00
9.5388e+03	1.4279e+00	6.7758e-01	0.0000e+00
9.5390e+03	1.4270e+00	6.7747e-01	0.0000e+00
9.5391e+03	1.4258e+00	6.7728e-01	0.0000e+00
9.5391e+03	1.4246e+00	6.7704e-01	0.0000e+00
9.5393e+03	1.4236e+00	6.7685e-01	0.0000e+00
9.5394e+03	1.4219e+00	6.7669e-01	0.0000e+00
9.5395e+03	1.4200e+00	6.7651e-01	0.0000e+00
9.5396e+03	1.4178e+00	6.7630e-01	0.0000e+00
9.5396e+03	1.4157e+00	6.7601e-01	0.0000e+00
9.5398e+03	1.4136e+00	6.7568e-01	0.0000e+00
9.5399e+03	1.4114e+00	6.7532e-01	0.0000e+00
9.5399e+03	1.4091e+00	6.7487e-01	0.0000e+00
9.5400e+03	1.4071e+00	6.7442e-01	0.0000e+00
9.5402e+03	1.4056e+00	6.7404e-01	0.0000e+00
9.5403e+03	1.4045e+00	6.7379e-01	0.0000e+00
9.5403e+03	1.4035e+00	6.7355e-01	0.0000e+00
9.5405e+03	1.4023e+00	6.7323e-01	0.0000e+00
9.5405e+03	1.4009e+00	6.7286e-01	0.0000e+00
9.5407e+03	1.3999e+00	6.7240e-01	0.0000e+00
9.5407e+03	1.3994e+00	6.7202e-01	0.0000e+00
9.5408e+03	1.3989e+00	6.7170e-01	0.0000e+00
9.5410e+03	1.3985e+00	6.7132e-01	0.0000e+00
9.5410e+03	1.3976e+00	6.7099e-01	0.0000e+00
9.5412e+03	1.3966e+00	6.7077e-01	0.0000e+00
9.5412e+03	1.3955e+00	6.7047e-01	0.0000e+00
9.5414e+03	1.3941e+00	6.7012e-01	0.0000e+00
9.5414e+03	1.3928e+00	6.6986e-01	0.0000e+00
9.5415e+03	1.3911e+00	6.6965e-01	0.0000e+00
9.5417e+03	1.3895e+00	6.6944e-01	0.0000e+00
9.5418e+03	1.3884e+00	6.6923e-01	0.0000e+00
9.5419e+03	1.3869e+00	6.6911e-01	0.0000e+00
9.5420e+03	1.3847e+00	6.6889e-01	0.0000e+00
9.5421e+03	1.3826e+00	6.6870e-01	0.0000e+00
9.5422e+03	1.3804e+00	6.6850e-01	0.0000e+00
9.5422e+03	1.3778e+00	6.6824e-01	0.0000e+00
9.5423e+03	1.3752e+00	6.6789e-01	0.0000e+00
9.5425e+03	1.3721e+00	6.6757e-01	0.0000e+00
9.5425e+03	1.3688e+00	6.6731e-01	0.0000e+00
9.5427e+03	1.3654e+00	6.6698e-01	0.0000e+00
9.5428e+03	1.3618e+00	6.6668e-01	0.0000e+00
9.5428e+03	1.3585e+00	6.6628e-01	0.0000e+00
9.5430e+03	1.3555e+00	6.6581e-01	0.0000e+00
9.5431e+03	1.3530e+00	6.6534e-01	0.0000e+00
9.5431e+03	1.3508e+00	6.6484e-01	0.0000e+00
9.5432e+03	1.3489e+00	6.6429e-01	0.0000e+00
9.5434e+03	1.3466e+00	6.6373e-01	0.0000e+00
9.5435e+03	1.3444e+00	6.6310e-01	0.0000e+00
9.5435e+03	1.3422e+00	6.6248e-01	0.0000e+00
9.5436e+03	1.3401e+00	6.6186e-01	0.0000e+00
9.5437e+03	1.3387e+00	6.6134e-01	0.0000e+00
9.5438e+03	1.3373e+00	6.6081e-01	0.0000e+00
9.5439e+03	1.3362e+00	6.6014e-01	0.0000e+00
9.5441e+03	1.3356e+00	6.5956e-01	0.0000e+00
9.5442e+03	1.3350e+00	6.5892e-01	0.0000e+00
9.5443e+03	1.3341e+00	6.5817e-01	0.0000e+00
9.5443e+03	1.3335e+00	6.5736e-01	0.0000e+00
9.5444e+03	1.3331e+00	6.5657e-01	0.0000e+00
9.5445e+03	1.3332e+00	6.5580e-01	0.0000e+00
9.5446e+03	1.3330e+00	6.5496e-01	0.0000e+00
9.5447e+03	1.3326e+00	6.5419e-01	0.0000e+00
9.5448e+03	1.3322e+00	6.5350e-01	0.0000e+00
9.5450e+03	1.3317e+00	6.5273e-01	0.0000e+00
9.5450e+03	1.3313e+00	6.5192e-01	0.0000e+00
9.5451e+03	1.3304e+00	6.5099e-01	0.0000e+00
9.5452e+03	1.3298e+00	6.5005e-01	0.0000e+00
9.5454e+03	1.3293e+00	6.4917e-01	0.0000e+00
9.5454e+03	1.3286e+00	6.4821e-01	0.0000e+00
9.5455e+03	1.3278e+00	6.4722e-01	0.0000e+00
9.5456e+03	1.3270e+00	6.4620e-01	0.0000e+00
9.5457e+03	1.3264e+00	6.4510e-01	0.0000e+00
9.5458e+03	1.3254e+00	6.4396e-01	0.0000e+00
9.5459e+03	1.3245e+00	6.4281e-01	0.0000e+00
9.5461e+03	1.3237e+00	6.4162e-01	0.0000e+00
9.5461e+03	1.3227e+00	6.4049e-01	0.0000e+00
9.5463e+03	1.3219e+00	6.3952e-01	0.0000e+00
9.5464e+03	1.3212e+00	6.3841e-01	0.0000e+00
9.5465e+03	1.3206e+00	6.3731e-01	0.0000e+00
9.5465e+03	1.3205e+00	6.3620e-01	0.0000e+00
9.5467e+03	1.3201e+00	6.3510e-01	0.0000e+00
9.5467e+03	1.3199e+00	6.3395e-01	0.0000e+00
9.5468e+03	1.3199e+00	6.3276e-01	0.0000e+00
9.5470e+03	1.3196e+00	6.3164e-01	0.0000e+00
9.5470e+03	1.3195e+00	6.3055e-01	0.0000e+00
9.5471e+03	1.3194e+00	6.2947e-01	0.0000e+00
9.5472e+03	1.3193e+00	6.2841e-01	0.0000e+00
9.5473e+03	1.3192e+00	6.2727e-01	0.0000e+00
9.5474e+03	1.3191e+00	6.2610e-01	0.0000e+00
9.5475e+03	1.3194e+00	6.2494e-01	0.0000e+00
9.5476e+03	1.3198e+00	6.2377e-01	0.0000e+00
9.5477e+03	1.3204e+00	6.2266e-01	0.0000e+00
9.5478e+03	1.3213e+00	6.2157e-01	0.0000e+00
9.5479e+03	1.3216e+00	6.2047e-01	0.0000e+00
9.5480e+03	1.3221e+00	6.1934e-01	0.0000e+00
9.5481e+03	1.3223e+00	6.1831e-01	0.0000e+00
9.5482e+03	1.3226e+00	6.1740e-01	0.0000e+00
9.5484e+03	1.3230e+00	6.1643e-01	0.0000e+00
9.5484e+03	1.3235e+00	6.1552e-01	0.0000e+00
9.5485e+03	1.3245e+00	6.1462e-01	0.0000e+00
9.5486e+03	1.3253e+00	6.1360e-01	0.0000e+00
9.5487e+03	1.3259e+00	6.1264e-01	0.0000e+00
9.5488e+03	1.3262e+00	6.1170e-01	0.0000e+00
9.5490e+03	1.3266e+00	6.1083e-01	0.0000e+00
9.5490e+03	1.3269e+00	6.0999e-01	0.0000e+00
9.5491e+03	1.3272e+00	6.0928e-01	0.0000e+00
9.5492e+03	1.3273e+00	6.0867e-01	0.0000e+00
9.5494e+03	1.3273e+00	6.0810e-01	0.0000e+00
9.5494e+03	1.3278e+00	6.0756e-01	0.0000e+00
9.5495e+03	1.3285e+00	6.0707e-01	0.0000e+00
9.5496e+03	1.3287e+00	6.0655e-01	0.0000e+00
9.5497e+03	1.3286e+00	6.0613e-01	0.0000e+00
9.5499e+03	1.3288e+00	6.0578e-01	0.0000e+00
9.5499e+03	1.3293e+00	6.0552e-01	0.0000e+00
9.5500e+03	1.3294e+00	6.0544e-01	0.0000e+00
9.5501e+03	1.3295e+00	6.0526e-01	0.0000e+00
9.5502e+03	1.3297e+00	6.0518e-01	0.0000e+00
9.5503e+03	1.3298e+00	6.0502e-01	0.0000e+00
9.5504e+03	1.3298e+00	6.0492e-01	0.0000e+00
9.5505e+03	1.3297e+00	6.0491e-01	0.0000e+00
9.5507e+03	1.3293e+00	6.0503e-01	0.0000e+00
9.5507e+03	1.3290e+00	6.0511e-01	0.0000e+00
9.5509e+03	1.3289e+00	6.0540e-01	0.0000e+00
9.5510e+03	1.3289e+00	6.0569e-01	0.0000e+00
9.5510e+03	1.3291e+00	6.0602e-01	0.0000e+00
9.5511e+03	1.3295e+00	6.0627e-01	0.0000e+00
9.5512e+03	1.3295e+00	6.0651e-01	0.0000e+00
9.5513e+03	1.3291e+00	6.0684e-01	0.0000e+00
9.5514e+03	1.3285e+00	6.0717e-01	0.0000e+00
9.5515e+03	1.3282e+00	6.0760e-01	0.0000e+00
9.5516e+03	1.3276e+00	6.0784e-01	0.0000e+00
9.5517e+03	1.3273e+00	6.0796e-01	0.0000e+00
9.5518e+03	1.3271e+00	6.0806e-01	0.0000e+00
9.5519e+03	1.3268e+00	6.0798e-01	0.0000e+00
9.5520e+03	1.3269e+00	6.0779e-01	0.0000e+00
9.5521e+03	1.3272e+00	6.0764e-01	0.0000e+00
9.5522e+03	1.3273e+00	6.0736e-01	0.0000e+00
9.5523e+03	1.3268e+00	6.0714e-01	0.0000e+00
9.5525e+03	1.3265e+00	6.0710e-01	0.0000e+00
9.5525e+03	1.3257e+00	6.0677e-01	0.0000e+00
9.5527e+03	1.3250e+00	6.0640e-01	0.0000e+00
9.5527e+03	1.3244e+00	6.0592e-01	0.0000e+00
9.5528e+03	1.3238e+00	6.0529e-01	0.0000e+00
9.5529e+03	1.3227e+00	6.0451e-01	0.0000e+00
9.5530e+03	1.3218e+00	6.0369e-01	0.0000e+00
9.5531e+03	1.3209e+00	6.0299e-01	0.0000e+00
9.5533e+03	1.3199e+00	6.0226e-01	0.0000e+00
9.5533e+03	1.3191e+00	6.0159e-01	0.0000e+00
9.5534e+03	1.3182e+00	6.0102e-01	0.0000e+00
9.5535e+03	1.3174e+00	6.0042e-01	0.0000e+00
9.5536e+03	1.3166e+00	6.0000e-01	0.0000e+00
9.5538e+03	1.3162e+00	5.9953e-01	0.0000e+00
9.5538e+03	1.3160e+00	5.9909e-01	0.0000e+00
9.5539e+03	1.3158e+00	5.9872e-01	0.0000e+00
9.5540e+03	1.3150e+00	5.9840e-01	0.0000e+00
9.5541e+03	1.3142e+00	5.9815e-01	0.0000e+00
9.5542e+03	1.3133e+00	5.9794e-01	0.0000e+00
9.5543e+03	1.3129e+00	5.9782e-01	0.0000e+00
9.5545e+03	1.3125e+00	5.9756e-01	0.0000e+00
9.5545e+03	1.3125e+00	5.9744e-01	0.0000e+00
9.5546e+03	1.3128e+00	5.9741e-01	0.0000e+00
9.5547e+03	1.3133e+00	5.9738e-01	0.0000e+00
9.5548e+03	1.3139e+00	5.9749e-01	0.0000e+00
9.5549e+03	1.3146e+00	5.9757e-01	0.0000e+00
9.5550e+03	1.3151e+00	5.9761e-01	0.0000e+00
9.5551e+03	1.3157e+00	5.9773e-01	0.0000e+00
9.5552e+03	1.3165e+00	5.9784e-01	0.0000e+00
9.5553e+03	1.3172e+00	5.9778e-01	0.0000e+00
9.5554e+03	1.3178e+00	5.9776e-01	0.0000e+00
9.5556e+03	1.3189e+00	5.9769e-01	0.0000e+00
9.5556e+03	1.3198e+00	5.9765e-01	0.0000e+00
9.5557e+03	1.3210e+00	5.9757e-01	0.0000e+00
9.5558e+03	1.3223e+00	5.9740e-01	0.0000e+00
9.5559e+03	1.3239e+00	5.9708e-01	0.0000e+00
9.5560e+03	1.3255e+00	5.9673e-01	0.0000e+00
9.5561e+03	1.3271e+00	5.9628e-01	0.0000e+00
9.5562e+03	1.3287e+00	5.9583e-01	0.0000e+00
9.5563e+03	1.3303e+00	5.9535e-01	0.0000e+00
9.5564e+03	1.3317e+00	5.9483e-01	0.0000e+00
9.5565e+03	1.3331e+00	5.9427e-01	0.0000e+00
9.5566e+03	1.3344e+00	5.9381e-01	0.0000e+00
9.5567e+03	1.3358e+00	5.9333e-01	0.0000e+00
9.5568e+03	1.3373e+00	5.9285e-01	0.0000e+00
9.5569e+03	1.3385e+00	5.9228e-01	0.0000e+00
9.5570e+03	1.3397e+00	5.9160e-01	0.0000e+00
9.5571e+03	1.3414e+00	5.9082e-01	0.0000e+00
9.5572e+03	1.3429e+00	5.9007e-01	0.0000e+00
9.5573e+03	1.3439e+00	5.8934e-01	0.0000e+00
9.5574e+03	1.3449e+00	5.8868e-01	0.0000e+00
9.5575e+03	1.3458e+00	5.8800e-01	0.0000e+00
9.5576e+03	1.3462e+00	5.8736e-01	0.0000e+00
9.5577e+03	1.3466e+00	5.8689e-01	0.0000e+00
9.5578e+03	1.3470e+00	5.8650e-01	0.0000e+00
9.5579e+03	1.3474e+00	5.8617e-01	0.0000e+00
9.5580e+03	1.3478e+00	5.8582e-01	0.0000e+00
9.5581e+03	1.3479e+00	5.8550e-01	0.0000e+00
9.5582e+03	1.3475e+00	5.8514e-01	0.0000e+00
9.5583e+03	1.3468e+00	5.8470e-01	0.0000e+00
9.5584e+03	1.3460e+00	5.8425e-01	0.0000e+00
9.5585e+03	1.3449e+00	5.8389e-01	0.0000e+00
9.5586e+03	1.3432e+00	5.8348e-01	0.0000e+00
9.5587e+03	1.3416e+00	5.8310e-01	0.0000e+00
9.5588e+03	1.3400e+00	5.8273e-01	0.0000e+00
9.5589e+03	1.3383e+00	5.8234e-01	0.0000e+00
9.5590e+03	1.3364e+00	5.8186e-01	0.0000e+00
9.5591e+03	1.3346e+00	5.8142e-01	0.0000e+00
9.5592e+03	1.3327e+00	5.8087e-01	0.0000e+00
9.5593e+03	1.3308e+00	5.8019e-01	0.0000e+00
9.5594e+03	1.3289e+00	5.7952e-01	0.0000e+00
9.5595e+03	1.3272e+00	5.7874e-01	0.0000e+00
9.5596e+03	1.3254e+00	5.7783e-01	0.0000e+00
9.5598e+03	1.3235e+00	5.7682e-01	0.0000e+00
9.5598e+03	1.3218e+00	5.7577e-01	0.0000e+00
9.5600e+03	1.3204e+00	5.7463e-01	0.0000e+00
9.5600e+03	1.3191e+00	5.7347e-01	0.0000e+00
9.5601e+03	1.3180e+00	5.7225e-01	0.0000e+00
9.5602e+03	1.3173e+00	5.7114e-01	0.0000e+00
9.5603e+03	1.3169e+00	5.7002e-01	0.0000e+00
9.5604e+03	1.3166e+00	5.6882e-01	0.0000e+00
9.5605e+03	1.3168e+00	5.6752e-01	0.0000e+00
9.5606e+03	1.3171e+00	5.6617e-01	0.0000e+00
9.5607e+03	1.3175e+00	5.6473e-01	0.0000e+00
9.5608e+03	1.3181e+00	5.6341e-01	0.0000e+00
9.5609e+03	1.3183e+00	5.6219e-01	0.0000e+00
9.5610e+03	1.3187e+00	5.6089e-01	0.0000e+00
9.5611e+03	1.3192e+00	5.5966e-01	0.0000e+00
9.5612e+03	1.3191e+00	5.5845e-01	0.0000e+00
9.5613e+03	1.3192e+00	5.5724e-01	0.0000e+00
9.5614e+03	1.3192e+00	5.5586e-01	0.0000e+00
9.5615e+03	1.3194e+00	5.5454e-01	0.0000e+00
9.5616e+03	1.3198e+00	5.5328e-01	0.0000e+00
9.5617e+03	1.3206e+00	5.5185e-01	0.0000e+00
9.5618e+03	1.3209e+00	5.5046e-01	0.0000e+00
9.5619e+03	1.3212e+00	5.4915e-01	0.0000e+00
9.5620e+03	1.3213e+00	5.4786e-01	0.0000e+00
9.5621e+03	1.3208e+00	5.4653e-01	0.0000e+00
9.5622e+03	1.3203e+00	5.4518e-01	0.0000e+00
9.5623e+03	1.3197e+00	5.4376e-01	0.0000e+00
9.5624e+03	1.3188e+00	5.4226e-01	0.0000e+00
9.5625e+03	1.3179e+00	5.4080e-01	0.0000e+00
9.5626e+03	1.3171e+00	5.3939e-01	0.0000e+00
9.5627e+03	1.3164e+00	5.3794e-01	0.0000e+00
9.5628e+03	1.3154e+00	5.3641e-01	0.0000e+00
9.5629e+03	1.3145e+00	5.3494e-01	0.0000e+00
9.5630e+03	1.3139e+00	5.3351e-01	0.0000e+00
9.5631e+03	1.3134e+00	5.3226e-01	0.0000e+00
9.5632e+03	1.3128e+00	5.3099e-01	0.0000e+00
9.5633e+03	1.3123e+00	5.2977e-01	0.0000e+00
9.5634e+03	1.3119e+00	5.2867e-01	0.0000e+00
9.5635e+03	1.3116e+00	5.2746e-01	0.0000e+00
9.5636e+03	1.3110e+00	5.2626e-01	0.0000e+00
9.5637e+03	1.3103e+00	5.2519e-01	0.0000e+00
9.5638e+03	1.3097e+00	5.2416e-01	0.0000e+00
9.5639e+03	1.3093e+00	5.2313e-01	0.0000e+00
9.5640e+03	1.3088e+00	5.2221e-01	0.0000e+00
9.5641e+03	1.3085e+00	5.2140e-01	0.0000e+00
9.5643e+03	1.3087e+00	5.2052e-01	0.0000e+00
9.5643e+03	1.3091e+00	5.1970e-01	0.0000e+00
9.5644e+03	1.3096e+00	5.1893e-01	0.0000e+00
9.5645e+03	1.3101e+00	5.1814e-01	0.0000e+00
9.5646e+03	1.3103e+00	5.1736e-01	0.0000e+00
9.5647e+03	1.3105e+00	5.1679e-01	0.0000e+00
9.5648e+03	1.3105e+00	5.1630e-01	0.0000e+00
9.5649e+03	1.3106e+00	5.1576e-01	0.0000e+00
9.5650e+03	1.3107e+00	5.1524e-01	0.0000e+00
9.5651e+03	1.3109e+00	5.1473e-01	0.0000e+00
9.5652e+03	1.3111e+00	5.1419e-01	0.0000e+00
9.5653e+03	1.3115e+00	5.1360e-01	0.0000e+00
9.5654e+03	1.3122e+00	5.1308e-01	0.0000e+00
9.5655e+03	1.3127e+00	5.1262e-01	0.0000e+00
9.5656e+03	1.3132e+00	5.1218e-01	0.0000e+00
9.5657e+03	1.3138e+00	5.1178e-01	0.0000e+00
9.5659e+03	1.3143e+00	5.1138e-01	0.0000e+00
9.5659e+03	1.3146e+00	5.1085e-01	0.0000e+00
9.5660e+03	1.3148e+00	5.1029e-01	0.0000e+00
9.5661e+03	1.3149e+00	5.0961e-01	0.0000e+00
9.5662e+03	1.3150e+00	5.0908e-01	0.0000e+00
9.5663e+03	1.3149e+00	5.0855e-01	0.0000e+00
9.5664e+03	1.3147e+00	5.0804e-01	0.0000e+00
9.5665e+03	1.3145e+00	5.0760e-01	0.0000e+00
9.5666e+03	1.3141e+00	5.0709e-01	0.0000e+00
9.5667e+03	1.3136e+00	5.0658e-01	0.0000e+00
9.5668e+03	1.3130e+00	5.0595e-01	0.0000e+00
9.5669e+03	1.3122e+00	5.0519e-01	0.0000e+00
9.5670e+03	1.3116e+00	5.0426e-01	0.0000e+00
9.5671e+03	1.3105e+00	5.0330e-01	0.0000e+00
9.5672e+03	1.3093e+00	5.0243e-01	0.0000e+00
9.5673e+03	1.3082e+00	5.0168e-01	0.0000e+00
9.5674e+03	1.3068e+00	5.0094e-01	0.0000e+00
9.5675e+03	1.3052e+00	5.0014e-01	0.0000e+00
9.5676e+03	1.3035e+00	4.9921e-01	0.0000e+00
9.5677e+03	1.3015e+00	4.9822e-01	0.0000e+00
9.5678e+03	1.2991e+00	4.9719e-01	0.0000e+00
9.5679e+03	1.2971e+00	4.9606e-01	0.0000e+00
9.5680e+03	1.2953e+00	4.9493e-01	0.0000e+00
9.5681e+03	1.2936e+00	4.9378e-01	0.0000e+00
9.5682e+03	1.2922e+00	4.9267e-01	0.0000e+00
9.5683e+03	1.2909e+00	4.9159e-01	0.0000e+00
9.5684e+03	1.2897e+00	4.9046e-01	0.0000e+00
9.5685e+03	1.2888e+00	4.8937e-01	0.0000e+00
9.5686e+03	1.2876e+00	4.8822e-01	0.0000e+00
9.5687e+03	1.2864e+00	4.8706e-01	0.0000e+00
9.5688e+03	1.2853e+00	4.8597e-01	0.0000e+00
9.5689e+03	1.2845e+00	4.8485e-01	0.0000e+00
9.5690e+03	1.2839e+00	4.8381e-01	0.0000e+00
9.5691e+03	1.2839e+00	4.8275e-01	0.0000e+00
9.5692e+03	1.2837e+00	4.8168e-01	0.0000e+00
9.5693e+03	1.2837e+00	4.8058e-01	0.0000e+00
9.5694e+03	1.2841e+00	4.7951e-01	0.0000e+00
9.5695e+03	1.2846e+00	4.7845e-01	0.0000e+00
9.5696e+03	1.2852e+00	4.7750e-01	0.0000e+00
9.5697e+03	1.2855e+00	4.7659e-01	0.0000e+00
9.5698e+03	1.2859e+00	4.7571e-01	0.0000e+00
9.5699e+03	1.2867e+00	4.7489e-01	0.0000e+00
9.5700e+03	1.2877e+00	4.7403e-01	0.0000e+00
9.5701e+03	1.2883e+00	4.7318e-01	0.0000e+00
9.5702e+03	1.2886e+00	4.7233e-01	0.0000e+00
9.5703e+03	1.2891e+00	4.7160e-01	0.0000e+00
9.5704e+03	1.2896e+00	4.7089e-01	0.0000e+00
9.5705e+03	1.2903e+00	4.7014e-01	0.0000e+00
9.5706e+03	1.2906e+00	4.6949e-01	0.0000e+00
9.5707e+03	1.2906e+00	4.6885e-01	0.0000e+00
9.5708e+03	1.2908e+00	4.6826e-01	0.0000e+00
9.5709e+03	1.2911e+00	4.6770e-01	0.0000e+00
9.5710e+03	1.2920e+00	4.6713e-01	0.0000e+00
9.5711e+03	1.2928e+00	4.6657e-01	0.0000e+00
9.5712e+03	1.2938e+00	4.6605e-01	0.0000e+00
9.5713e+03	1.2951e+00	4.6557e-01	0.0000e+00
9.5714e+03	1.2960e+00	4.6499e-01	0.0000e+00
9.5715e+03	1.2972e+00	4.6437e-01	0.0000e+00
9.5716e+03	1.2985e+00	4.6374e-01	0.0000e+00
9.5717e+03	1.2994e+00	4.6312e-01	0.0000e+00
9.5718e+03	1.3006e+00	4.6254e-01	0.0000e+00
9.5719e+03	1.3021e+00	4.6206e-01	0.0000e+00
9.5720e+03	1.3035e+00	4.6164e-01	0.0000e+00
9.5721e+03	1.3050e+00	4.6123e-01	0.0000e+00
9.5722e+03	1.3067e+00	4.6082e-01	0.0000e+00
9.5723e+03	1.3081e+00	4.6040e-01	0.0000e+00
9.5724e+03	1.3095e+00	4.5993e-01	0.0000e+00
9.5725e+03	1.3108e+00	4.5950e-01	0.0000e+00
9.5726e+03	1.3123e+00	4.5908e-01	0.0000e+00
9.5728e+03	1.3144e+00	4.5858e-01	0.0000e+00
9.5728e+03	1.3163e+00	4.5816e-01	0.0000e+00
9.5729e+03	1.3179e+00	4.5779e-01	0.0000e+00
9.5730e+03	1.3193e+00	4.5758e-01	0.0000e+00
9.5731e+03	1.3207e+00	4.5735e-01	0.0000e+00
9.5732e+03	1.3213e+00	4.5723e-01	0.0000e+00
9.5733e+03	1.3218e+00	4.5711e-01	0.0000e+00
9.5734e+03	1.3229e+00	4.5714e-01	0.0000e+00
9.5735e+03	1.3242e+00	4.5729e-01	0.0000e+00
9.5736e+03	1.3254e+00	4.5747e-01	0.0000e+00
9.5737e+03	1.3266e+00	4.5756e-01	0.0000e+00
9.5738e+03	1.3277e+00	4.5768e-01	0.0000e+00
9.5739e+03	1.3285e+00	4.5786e-01	0.0000e+00
9.5740e+03	1.3293e+00	4.5798e-01	0.0000e+00
9.5741e+03	1.3299e+00	4.5809e-01	0.0000e+00
9.5742e+03	1.3307e+00	4.5822e-01	0.0000e+00
9.5743e+03	1.3319e+00	4.5839e-01	0.0000e+00
9.5744e+03	1.3330e+00	4.5857e-01	0.0000e+00
9.5745e+03	1.3339e+00	4.5870e-01	0.0000e+00
9.5746e+03	1.3349e+00	4.5889e-01	0.0000e+00
9.5747e+03	1.3359e+00	4.5905e-01	0.0000e+00
9.5748e+03	1.3366e+00	4.5909e-01	0.0000e+00
9.5749e+03	1.3371e+00	4.5909e-01	0.0000e+00
9.5750e+03	1.3377e+00	4.5900e-01	0.0000e+00
9.5751e+03	1.3386e+00	4.5881e-01	0.0000e+00
9.5752e+03	1.3393e+00	4.5852e-01	0.0000e+00
9.5753e+03	1.3401e+00	4.5816e-01	0.0000e+00
9.5754e+03	1.3409e+00	4.5776e-01	0.0000e+00
9.5755e+03	1.3416e+00	4.5728e-01	0.0000e+00
9.5756e+03	1.3419e+00	4.5677e-01	0.0000e+00
9.5757e+03	1.3421e+00	4.5631e-01	0.0000e+00
9.5758e+03	1.3424e+00	4.5578e-01	0.0000e+00
9.5759e+03	1.3423e+00	4.5525e-01	0.0000e+00
9.5760e+03	1.3423e+00	4.5472e-01	0.0000e+00
9.5761e+03	1.3423e+00	4.5417e-01	0.0000e+00
9.5762e+03	1.3421e+00	4.5357e-01	0.0000e+00
9.5763e+03	1.3417e+00	4.5307e-01	0.0000e+00
9.5764e+03	1.3412e+00	4.5254e-01	0.0000e+00
9.5765e+03	1.3404e+00	4.5206e-01	0.0000e+00
9.5766e+03	1.3395e+00	4.5149e-01	0.0000e+00
9.5767e+03	1.3386e+00	4.5100e-01	0.0000e+00
9.5768e+03	1.3379e+00	4.5060e-01	0.0000e+00
9.5769e+03	1.3375e+00	4.5022e-01	0.0000e+00
9.5770e+03	1.3370e+00	4.4983e-01	0.0000e+00
9.5771e+03	1.3365e+00	4.4946e-01	0.0000e+00
9.5772e+03	1.3357e+00	4.4906e-01	0.0000e+00
9.5773e+03	1.3351e+00	4.4884e-01	0.0000e+00
9.5774e+03	1.3345e+00	4.4866e-01	0.0000e+00
9.5775e+03	1.3339e+00	4.4852e-01	0.0000e+00
9.5776e+03	1.3331e+00	4.4839e-01	0.0000e+00
9.5778e+03	1.3327e+00	4.4833e-01	0.0000e+00
9.5778e+03	1.3322e+00	4.4827e-01	0.0000e+00
9.5779e+03	1.3318e+00	4.4817e-01	0.0000e+00
9.5780e+03	1.3317e+00	4.4812e-01	0.0000e+00
9.5781e+03	1.3318e+00	4.4797e-01	0.0000e+00
9.5782e+03	1.3318e+00	4.4767e-01	0.0000e+00
9.5783e+03	1.3318e+00	4.4747e-01	0.0000e+00
9.5784e+03	1.3315e+00	4.4717e-01	0.0000e+00
9.5785e+03	1.3309e+00	4.4699e-01	0.0000e+00
9.5786e+03	1.3301e+00	4.4686e-01	0.0000e+00
9.5787e+03	1.3296e+00	4.4671e-01	0.0000e+00
9.5788e+03	1.3293e+00	4.4650e-01	0.0000e+00
9.5789e+03	1.3290e+00	4.4632e-01	0.0000e+00
9.5790e+03	1.3287e+00	4.4617e-01	0.0000e+00
9.5791e+03	1.3288e+00	4.4602e-01	0.0000e+00
9.5792e+03	1.3287e+00	4.4585e-01	0.0000e+00
9.5793e+03	1.3286e+00	4.4555e-01	0.0000e+00
9.5794e+03	1.3282e+00	4.4513e-01	0.0000e+00
9.5795e+03	1.3274e+00	4.4472e-01	0.0000e+00
9.5796e+03	1.3267e+00	4.4435e-01	0.0000e+00
9.5797e+03	1.3261e+00	4.4383e-01	0.0000e+00
9.5798e+03	1.3254e+00	4.4332e-01	0.0000e+00
9.5799e+03	1.3246e+00	4.4273e-01	0.0000e+00
9.5800e+03	1.3240e+00	4.4209e-01	0.0000e+00
9.5801e+03	1.3234e+00	4.4164e-01	0.0000e+00
9.5802e+03	1.3229e+00	4.4103e-01	0.0000e+00
9.5803e+03	1.3227e+00	4.4036e-01	0.0000e+00
9.5804e+03	1.3226e+00	4.3972e-01	0.0000e+00
9.5805e+03	1.3227e+00	4.3897e-01	0.0000e+00
9.5806e+03	1.3227e+00	4.3824e-01	0.0000e+00
9.5807e+03	1.3230e+00	4.3754e-01	0.0000e+00
9.5808e+03	1.3231e+00	4.3674e-01	0.0000e+00
9.5809e+03	1.3227e+00	4.3591e-01	0.0000e+00
9.5810e+03	1.3220e+00	4.3507e-01	0.0000e+00
9.5811e+03	1.3216e+00	4.3431e-01	0.0000e+00
9.5812e+03	1.3214e+00	4.3357e-01	0.0000e+00
9.5813e+03	1.3215e+00	4.3282e-01	0.0000e+00
9.5814e+03	1.3221e+00	4.3205e-01	0.0000e+00
9.5815e+03	1.3229e+00	4.3118e-01	0.0000e+00
9.5816e+03	1.3238e+00	4.3035e-01	0.0000e+00
9.5817e+03	1.3246e+00	4.2967e-01	0.0000e+00
9.5818e+03	1.3253e+00	4.2905e-01	0.0000e+00
9.5819e+03	1.3262e+00	4.2849e-01	0.0000e+00
9.5820e+03	1.3272e+00	4.2805e-01	0.0000e+00
9.5821e+03	1.3284e+00	4.2769e-01	0.0000e+00
9.5822e+03	1.3296e+00	4.2749e-01	0.0000e+00
9.5823e+03	1.3308e+00	4.2733e-01	0.0000e+00
9.5824e+03	1.3323e+00	4.2701e-01	0.0000e+00
9.5825e+03	1.3342e+00	4.2675e-01	0.0000e+00
9.5826e+03	1.3361e+00	4.2643e-01	0.0000e+00
9.5827e+03	1.3382e+00	4.2611e-01	0.0000e+00
9.5828e+03	1.3401e+00	4.2586e-01	0.0000e+00
9.5829e+03	1.3425e+00	4.2569e-01	0.0000e+00
9.5830e+03	1.3450e+00	4.2560e-01	0.0000e+00
9.5831e+03	1.3476e+00	4.2546e-01	0.0000e+00
9.5832e+03	1.3500e+00	4.2536e-01	0.0000e+00
9.5833e+03	1.3524e+00	4.2519e-01	0.0000e+00
9.5834e+03	1.3550e+00	4.2495e-01	0.0000e+00
9.5835e+03	1.3577e+00	4.2478e-01	0.0000e+00
9.5836e+03	1.3604e+00	4.2447e-01	0.0000e+00
9.5837e+03	1.3629e+00	4.2419e-01	0.0000e+00
9.5838e+03	1.3653e+00	4.2389e-01	0.0000e+00
9.5839e+03	1.3674e+00	4.2352e-01	0.0000e+00
9.5840e+03	1.3699e+00	4.2307e-01	0.0000e+00
9.5841e+03	1.3728e+00	4.2249e-01	0.0000e+00
9.5842e+03	1.3757e+00	4.2179e-01	0.0000e+00
9.5843e+03	1.3782e+00	4.2108e-01	0.0000e+00
9.5844e+03	1.3802e+00	4.2043e-01	0.0000e+00
9.5845e+03	1.3820e+00	4.1978e-01	0.0000e+00
9.5846e+03	1.3838e+00	4.1924e-01	0.0000e+00
9.5847e+03	1.3858e+00	4.1876e-01	0.0000e+00
9.5848e+03	1.3872e+00	4.1820e-01	0.0000e+00
9.5849e+03	1.3885e+00	4.1762e-01	0.0000e+00
9.5850e+03	1.3899e+00	4.1704e-01	0.0000e+00
9.5851e+03	1.3911e+00	4.1632e-01	0.0000e+00
9.5852e+03	1.3921e+00	4.1569e-01	0.0000e+00
9.5853e+03	1.3928e+00	4.1516e-01	0.0000e+00
9.5854e+03	1.3934e+00	4.1457e-01	0.0000e+00
9.5855e+03	1.3936e+00	4.1404e-01	0.0000e+00
9.5856e+03	1.3937e+00	4.1355e-01	0.0000e+00
9.5857e+03	1.3937e+00	4.1312e-01	0.0000e+00
9.5858e+03	1.3933e+00	4.1281e-01	0.0000e+00
9.5859e+03	1.3927e+00	4.1261e-01	0.0000e+00
9.5860e+03	1.3917e+00	4.1240e-01	0.0000e+00
9.5861e+03	1.3905e+00	4.1232e-01	0.0000e+00
9.5862e+03	1.3890e+00	4.1224e-01	0.0000e+00
9.5863e+03	1.3874e+00	4.1216e-01	0.0000e+00
9.5864e+03	1.3859e+00	4.1208e-01	0.0000e+00
9.5865e+03	1.3843e+00	4.1197e-01	0.0000e+00
9.5866e+03	1.3827e+00	4.1186e-01	0.0000e+00
9.5867e+03	1.3810e+00	4.1178e-01	0.0000e+00
9.5868e+03	1.3792e+00	4.1177e-01	0.0000e+00
9.5869e+03	1.3774e+00	4.1182e-01	0.0000e+00
9.5870e+03	1.3755e+00	4.1201e-01	0.0000e+00
9.5871e+03	1.3735e+00	4.1222e-01	0.0000e+00
9.5872e+03	1.3713e+00	4.1240e-01	0.0000e+00
9.5873e+03	1.3692e+00	4.1261e-01	0.0000e+00
9.5874e+03	1.3671e+00	4.1285e-01	0.0000e+00
9.5875e+03	1.3653e+00	4.1306e-01	0.0000e+00
9.5876e+03	1.3634e+00	4.1323e-01	0.0000e+00
9.5877e+03	1.3622e+00	4.1334e-01	0.0000e+00
9.5879e+03	1.3604e+00	4.1337e-01	0.0000e+00
9.5879e+03	1.3587e+00	4.1350e-01	0.0000e+00
9.5880e+03	1.3572e+00	4.1364e-01	0.0000e+00
9.5881e+03	1.3558e+00	4.1384e-01	0.0000e+00
9.5882e+03	1.3563e+00	4.1367e-01	0.0000e+00
9.5883e+03	1.3549e+00	4.1401e-01	0.0000e+00
9.5884e+03	1.3534e+00	4.1441e-01	0.0000e+00
9.5885e+03	1.3519e+00	4.1475e-01	0.0000e+00
9.5886e+03	1.3507e+00	4.1512e-01	0.0000e+00
9.5888e+03	1.3494e+00	4.1546e-01	0.0000e+00
9.5888e+03	1.3479e+00	4.1569e-01	0.0000e+00
9.5889e+03	1.3465e+00	4.1594e-01	0.0000e+00
9.5891e+03	1.3450e+00	4.1614e-01	0.0000e+00
9.5891e+03	1.3439e+00	4.1631e-01	0.0000e+00
9.5892e+03	1.3428e+00	4.1659e-01	0.0000e+00
9.5893e+03	1.3415e+00	4.1690e-01	0.0000e+00
9.5895e+03	1.3403e+00	4.1728e-01	0.0000e+00
9.5895e+03	1.3391e+00	4.1764e-01	0.0000e+00
9.5896e+03	1.3377e+00	4.1804e-01	0.0000e+00
9.5897e+03	1.3364e+00	4.1851e-01	0.0000e+00
9.5898e+03	1.3348e+00	4.1887e-01	0.0000e+00
9.5899e+03	1.3331e+00	4.1914e-01	0.0000e+00
9.5901e+03	1.3315e+00	4.1939e-01	0.0000e+00
9.5901e+03	1.3302e+00	4.1962e-01	0.0000e+00
9.5902e+03	1.3286e+00	4.1971e-01	0.0000e+00
9.5903e+03	1.3270e+00	4.1982e-01	0.0000e+00
9.5904e+03	1.3257e+00	4.1994e-01	0.0000e+00
9.5905e+03	1.3243e+00	4.2015e-01	0.0000e+00
9.5906e+03	1.3228e+00	4.2039e-01	0.0000e+00
9.5907e+03	1.3214e+00	4.2072e-01	0.0000e+00
9.5908e+03	1.3199e+00	4.2098e-01	0.0000e+00
9.5909e+03	1.3186e+00	4.2118e-01	0.0000e+00
9.5910e+03	1.3173e+00	4.2146e-01	0.0000e+00
9.5911e+03	1.3161e+00	4.2162e-01	0.0000e+00
9.5912e+03	1.3151e+00	4.2184e-01	0.0000e+00
9.5913e+03	1.3141e+00	4.2205e-01	0.0000e+00
9.5914e+03	1.3130e+00	4.2235e-01	0.0000e+00
9.5915e+03	1.3121e+00	4.2270e-01	0.0000e+00
9.5916e+03	1.3115e+00	4.2309e-01	0.0000e+00
9.5917e+03	1.3103e+00	4.2347e-01	0.0000e+00
9.5918e+03	1.3095e+00	4.2389e-01	0.0000e+00
9.5919e+03	1.3090e+00	4.2422e-01	0.0000e+00
9.5920e+03	1.3085e+00	4.2453e-01	0.0000e+00
9.5921e+03	1.3083e+00	4.2485e-01	0.0000e+00
9.5922e+03	1.3080e+00	4.2530e-01	0.0000e+00
9.5923e+03	1.3077e+00	4.2587e-01	0.0000e+00
9.5924e+03	1.3077e+00	4.2639e-01	0.0000e+00
9.5925e+03	1.3076e+00	4.2681e-01	0.0000e+00
9.5926e+03	1.3074e+00	4.2718e-01	0.0000e+00
9.5927e+03	1.3074e+00	4.2757e-01	0.0000e+00
9.5928e+03	1.3077e+00	4.2795e-01	0.0000e+00
9.5929e+03	1.3080e+00	4.2833e-01	0.0000e+00
9.5930e+03	1.3082e+00	4.2865e-01	0.0000e+00
9.5931e+03	1.3083e+00	4.2897e-01	0.0000e+00
9.5932e+03	1.3087e+00	4.2930e-01	0.0000e+00
9.5933e+03	1.3089e+00	4.2960e-01	0.0000e+00
9.5934e+03	1.3092e+00	4.2974e-01	0.0000e+00
9.5936e+03	1.3094e+00	4.2987e-01	0.0000e+00
9.5936e+03	1.3097e+00	4.2995e-01	0.0000e+00
9.5937e+03	1.3102e+00	4.2996e-01	0.0000e+00
9.5938e+03	1.3109e+00	4.2998e-01	0.0000e+00
9.5939e+03	1.3115e+00	4.3006e-01	0.0000e+00
9.5940e+03	1.3118e+00	4.3012e-01	0.0000e+00
9.5941e+03	1.3121e+00	4.3017e-01	0.0000e+00
9.5942e+03	1.3125e+00	4.3000e-01	0.0000e+00
9.5943e+03	1.3127e+00	4.2982e-01	0.0000e+00
9.5944e+03	1.3123e+00	4.2963e-01	0.0000e+00
9.5945e+03	1.3121e+00	4.2948e-01	0.0000e+00
9.5946e+03	1.3124e+00	4.2927e-01	0.0000e+00
9.5947e+03	1.3124e+00	4.2901e-01	0.0000e+00
9.5948e+03	1.3125e+00	4.2871e-01	0.0000e+00
9.5949e+03	1.3123e+00	4.2843e-01	0.0000e+00
9.5950e+03	1.3119e+00	4.2814e-01	0.0000e+00
9.5951e+03	1.3115e+00	4.2776e-01	0.0000e+00
9.5952e+03	1.3110e+00	4.2734e-01	0.0000e+00
9.5953e+03	1.3103e+00	4.2695e-01	0.0000e+00
9.5954e+03	1.3093e+00	4.2656e-01	0.0000e+00
9.5956e+03	1.3087e+00	4.2619e-01	0.0000e+00
9.5956e+03	1.3080e+00	4.2583e-01	0.0000e+00
9.5957e+03	1.3074e+00	4.2552e-01	0.0000e+00
9.5958e+03	1.3068e+00	4.2519e-01	0.0000e+00
9.5959e+03	1.3065e+00	4.2489e-01	0.0000e+00
9.5960e+03	1.3062e+00	4.2464e-01	0.0000e+00
9.5961e+03	1.3058e+00	4.2447e-01	0.0000e+00
9.5962e+03	1.3056e+00	4.2436e-01	0.0000e+00
9.5963e+03	1.3055e+00	4.2418e-01	0.0000e+00
9.5964e+03	1.3056e+00	4.2399e-01	0.0000e+00
9.5965e+03	1.3056e+00	4.2381e-01	0.0000e+00
9.5966e+03	1.3059e+00	4.2365e-01	0.0000e+00
9.5967e+03	1.3062e+00	4.2358e-01	0.0000e+00
9.5968e+03	1.3065e+00	4.2355e-01	0.0000e+00
9.5969e+03	1.3073e+00	4.2362e-01	0.0000e+00
9.5971e+03	1.3082e+00	4.2377e-01	0.0000e+00
9.5971e+03	1.3092e+00	4.2413e-01	0.0000e+00
9.5972e+03	1.3105e+00	4.2451e-01	0.0000e+00
9.5973e+03	1.3120e+00	4.2487e-01	0.0000e+00
9.5974e+03	1.3138e+00	4.2532e-01	0.0000e+00
9.5975e+03	1.3157e+00	4.2572e-01	0.0000e+00
9.5976e+03	1.3176e+00	4.2621e-01	0.0000e+00
9.5977e+03	1.3194e+00	4.2668e-01	0.0000e+00
9.5978e+03	1.3215e+00	4.2716e-01	0.0000e+00
9.5979e+03	1.3236e+00	4.2772e-01	0.0000e+00
9.5980e+03	1.3258e+00	4.2831e-01	0.0000e+00
9.5981e+03	1.3278e+00	4.2899e-01	0.0000e+00
9.5982e+03	1.3298e+00	4.2964e-01	0.0000e+00
9.5983e+03	1.3318e+00	4.3038e-01	0.0000e+00
9.5984e+03	1.3340e+00	4.3123e-01	0.0000e+00
9.5985e+03	1.3361e+00	4.3208e-01	0.0000e+00
9.5986e+03	1.3384e+00	4.3295e-01	0.0000e+00
9.5987e+03	1.3408e+00	4.3390e-01	0.0000e+00
9.5988e+03	1.3432e+00	4.3483e-01	0.0000e+00
9.5989e+03	1.3454e+00	4.3578e-01	0.0000e+00
9.5991e+03	1.3475e+00	4.3670e-01	0.0000e+00
9.5991e+03	1.3492e+00	4.3760e-01	0.0000e+00
9.5992e+03	1.3509e+00	4.3845e-01	0.0000e+00
9.5993e+03	1.3521e+00	4.3938e-01	0.0000e+00
9.5994e+03	1.3533e+00	4.4039e-01	0.0000e+00
9.5995e+03	1.3548e+00	4.4135e-01	0.0000e+00
9.5996e+03	1.3560e+00	4.4235e-01	0.0000e+00
9.5997e+03	1.3572e+00	4.4339e-01	0.0000e+00
9.5999e+03	1.3579e+00	4.4446e-01	0.0000e+00
9.5999e+03	1.3585e+00	4.4561e-01	0.0000e+00
9.6000e+03	1.3590e+00	4.4672e-01	0.0000e+00
9.6001e+03	1.3595e+00	4.4785e-01	0.0000e+00
9.6002e+03	1.3603e+00	4.4894e-01	0.0000e+00
9.6003e+03	1.3608e+00	4.5006e-01	0.0000e+00
9.6004e+03	1.3614e+00	4.5099e-01	0.0000e+00
9.6005e+03	1.3616e+00	4.5202e-01	0.0000e+00
9.6006e+03	1.3617e+00	4.5299e-01	0.0000e+00
9.6007e+03	1.3616e+00	4.5393e-01	0.0000e+00
9.6008e+03	1.3611e+00	4.5496e-01	0.0000e+00
9.6009e+03	1.3606e+00	4.5603e-01	0.0000e+00
9.6010e+03	1.3604e+00	4.5709e-01	0.0000e+00
9.6011e+03	1.3604e+00	4.5807e-01	0.0000e+00
9.6012e+03	1.3605e+00	4.5912e-01	0.0000e+00
9.6013e+03	1.3602e+00	4.6008e-01	0.0000e+00
9.6014e+03	1.3600e+00	4.6106e-01	0.0000e+00
9.6015e+03	1.3597e+00	4.6207e-01	0.0000e+00
9.6016e+03	1.3594e+00	4.6300e-01	0.0000e+00
9.6017e+03	1.3590e+00	4.6382e-01	0.0000e+00
9.6018e+03	1.3587e+00	4.6472e-01	0.0000e+00
9.6019e+03	1.3588e+00	4.6566e-01	0.0000e+00
9.6020e+03	1.3589e+00	4.6647e-01	0.0000e+00
9.6021e+03	1.3587e+00	4.6719e-01	0.0000e+00
9.6022e+03	1.3583e+00	4.6786e-01	0.0000e+00
9.6023e+03	1.3577e+00	4.6857e-01	0.0000e+00
9.6024e+03	1.3573e+00	4.6926e-01	0.0000e+00
9.6025e+03	1.3573e+00	4.6994e-01	0.0000e+00
9.6026e+03	1.3574e+00	4.7052e-01	0.0000e+00
9.6027e+03	1.3572e+00	4.7105e-01	0.0000e+00
9.6028e+03	1.3567e+00	4.7156e-01	0.0000e+00
9.6029e+03	1.3563e+00	4.7199e-01	0.0000e+00
9.6030e+03	1.3554e+00	4.7234e-01	0.0000e+00
9.6031e+03	1.3546e+00	4.7259e-01	0.0000e+00
9.6032e+03	1.3540e+00	4.7267e-01	0.0000e+00
9.6033e+03	1.3540e+00	4.7270e-01	0.0000e+00
9.6034e+03	1.3540e+00	4.7262e-01	0.0000e+00
9.6035e+03	1.3540e+00	4.7253e-01	0.0000e+00
9.6036e+03	1.3543e+00	4.7244e-01	0.0000e+00
9.6037e+03	1.3547e+00	4.7233e-01	0.0000e+00
9.6038e+03	1.3549e+00	4.7206e-01	0.0000e+00
9.6039e+03	1.3554e+00	4.7170e-01	0.0000e+00
9.6040e+03	1.3557e+00	4.7137e-01	0.0000e+00
9.6041e+03	1.3567e+00	4.7098e-01	0.0000e+00
9.6042e+03	1.3576e+00	4.7067e-01	0.0000e+00
9.6043e+03	1.3584e+00	4.7029e-01	0.0000e+00
9.6044e+03	1.3593e+00	4.6990e-01	0.0000e+00
9.6045e+03	1.3602e+00	4.6957e-01	0.0000e+00
9.6046e+03	1.3613e+00	4.6919e-01	0.0000e+00
9.6047e+03	1.3625e+00	4.6892e-01	0.0000e+00
9.6048e+03	1.3642e+00	4.6858e-01	0.0000e+00
9.6049e+03	1.3660e+00	4.6831e-01	0.0000e+00
9.6050e+03	1.3676e+00	4.6813e-01	0.0000e+00
9.6051e+03	1.3694e+00	4.6802e-01	0.0000e+00
9.6052e+03	1.3713e+00	4.6805e-01	0.0000e+00
9.6053e+03	1.3734e+00	4.6818e-01	0.0000e+00
9.6054e+03	1.3753e+00	4.6844e-01	0.0000e+00
9.6055e+03	1.3772e+00	4.6872e-01	0.0000e+00
9.6056e+03	1.3788e+00	4.6902e-01	0.0000e+00
9.6057e+03	1.3806e+00	4.6940e-01	0.0000e+00
9.6058e+03	1.3825e+00	4.6988e-01	0.0000e+00
9.6059e+03	1.3845e+00	4.7041e-01	0.0000e+00
9.6060e+03	1.3868e+00	4.7096e-01	0.0000e+00
9.6061e+03	1.3889e+00	4.7155e-01	0.0000e+00
9.6062e+03	1.3910e+00	4.7206e-01	0.0000e+00
9.6063e+03	1.3934e+00	4.7253e-01	0.0000e+00
9.6064e+03	1.3957e+00	4.7309e-01	0.0000e+00
9.6065e+03	1.3980e+00	4.7355e-01	0.0000e+00
9.6066e+03	1.4004e+00	4.7404e-01	0.0000e+00
9.6067e+03	1.4027e+00	4.7451e-01	0.0000e+00
9.6068e+03	1.4052e+00	4.7497e-01	0.0000e+00
9.6069e+03	1.4080e+00	4.7537e-01	0.0000e+00
9.6070e+03	1.4105e+00	4.7576e-01	0.0000e+00
9.6071e+03	1.4131e+00	4.7611e-01	0.0000e+00
9.6072e+03	1.4155e+00	4.7638e-01	0.0000e+00
9.6073e+03	1.4176e+00	4.7651e-01	0.0000e+00
9.6074e+03	1.4195e+00	4.7657e-01	0.0000e+00
9.6075e+03	1.4213e+00	4.7654e-01	0.0000e+00
9.6076e+03	1.4232e+00	4.7647e-01	0.0000e+00
9.6077e+03	1.4246e+00	4.7628e-01	0.0000e+00
9.6078e+03	1.4262e+00	4.7608e-01	0.0000e+00
9.6079e+03	1.4278e+00	4.7584e-01	0.0000e+00
9.6080e+03	1.4290e+00	4.7562e-01	0.0000e+00
9.6081e+03	1.4301e+00	4.7541e-01	0.0000e+00
9.6082e+03	1.4308e+00	4.7531e-01	0.0000e+00
9.6083e+03	1.4312e+00	4.7507e-01	0.0000e+00
9.6084e+03	1.4313e+00	4.7493e-01	0.0000e+00
9.6085e+03	1.4313e+00	4.7477e-01	0.0000e+00
9.6086e+03	1.4313e+00	4.7460e-01	0.0000e+00
9.6087e+03	1.4309e+00	4.7440e-01	0.0000e+00
9.6088e+03	1.4303e+00	4.7428e-01	0.0000e+00
9.6089e+03	1.4295e+00	4.7410e-01	0.0000e+00
9.6090e+03	1.4286e+00	4.7404e-01	0.0000e+00
9.6091e+03	1.4275e+00	4.7398e-01	0.0000e+00
9.6092e+03	1.4266e+00	4.7391e-01	0.0000e+00
9.6093e+03	1.4254e+00	4.7394e-01	0.0000e+00
9.6094e+03	1.4240e+00	4.7399e-01	0.0000e+00
9.6095e+03	1.4227e+00	4.7405e-01	0.0000e+00
9.6096e+03	1.4215e+00	4.7423e-01	0.0000e+00
9.6097e+03	1.4205e+00	4.7445e-01	0.0000e+00
9.6098e+03	1.4192e+00	4.7464e-01	0.0000e+00
9.6099e+03	1.4174e+00	4.7484e-01	0.0000e+00
9.6100e+03	1.4157e+00	4.7506e-01	0.0000e+00
9.6101e+03	1.4140e+00	4.7523e-01	0.0000e+00
9.6102e+03	1.4121e+00	4.7542e-01	0.0000e+00
9.6103e+03	1.4100e+00	4.7571e-01	0.0000e+00
9.6104e+03	1.4083e+00	4.7587e-01	0.0000e+00
9.6105e+03	1.4066e+00	4.7619e-01	0.0000e+00
9.6107e+03	1.4053e+00	4.7642e-01	0.0000e+00
9.6107e+03	1.4040e+00	4.7664e-01	0.0000e+00
9.6108e+03	1.4026e+00	4.7676e-01	0.0000e+00
9.6109e+03	1.4018e+00	4.7694e-01	0.0000e+00
9.6110e+03	1.4012e+00	4.7700e-01	0.0000e+00
9.6111e+03	1.4009e+00	4.7702e-01	0.0000e+00
9.6112e+03	1.4005e+00	4.7711e-01	0.0000e+00
9.6113e+03	1.4001e+00	4.7721e-01	0.0000e+00
9.6114e+03	1.3998e+00	4.7734e-01	0.0000e+00
9.6115e+03	1.3995e+00	4.7753e-01	0.0000e+00
9.6116e+03	1.3994e+00	4.7769e-01	0.0000e+00
9.6117e+03	1.3994e+00	4.7788e-01	0.0000e+00
9.6118e+03	1.3996e+00	4.7803e-01	0.0000e+00
9.6119e+03	1.3998e+00	4.7825e-01	0.0000e+00
9.6120e+03	1.4001e+00	4.7844e-01	0.0000e+00
9.6121e+03	1.4003e+00	4.7854e-01	0.0000e+00
9.6122e+03	1.4007e+00	4.7858e-01	0.0000e+00
9.6123e+03	1.4012e+00	4.7862e-01	0.0000e+00
9.6124e+03	1.4018e+00	4.7881e-01	0.0000e+00
9.6125e+03	1.4022e+00	4.7899e-01	0.0000e+00
9.6126e+03	1.4023e+00	4.7934e-01	0.0000e+00
9.6127e+03	1.4025e+00	4.7976e-01	0.0000e+00
9.6129e+03	1.4027e+00	4.8028e-01	0.0000e+00
9.6130e+03	1.4028e+00	4.8077e-01	0.0000e+00
9.6130e+03	1.4026e+00	4.8124e-01	0.0000e+00
9.6131e+03	1.4021e+00	4.8182e-01	0.0000e+00
9.6132e+03	1.4016e+00	4.8228e-01	0.0000e+00
9.6133e+03	1.4009e+00	4.8274e-01	0.0000e+00
9.6134e+03	1.4003e+00	4.8329e-01	0.0000e+00
9.6135e+03	1.3996e+00	4.8383e-01	0.0000e+00
9.6136e+03	1.3990e+00	4.8436e-01	0.0000e+00
9.6137e+03	1.3984e+00	4.8488e-01	0.0000e+00
9.6138e+03	1.3978e+00	4.8536e-01	0.0000e+00
9.6139e+03	1.3971e+00	4.8582e-01	0.0000e+00
9.6140e+03	1.3961e+00	4.8639e-01	0.0000e+00
9.6141e+03	1.3949e+00	4.8709e-01	0.0000e+00
9.6142e+03	1.3936e+00	4.8781e-01	0.0000e+00
9.6143e+03	1.3924e+00	4.8853e-01	0.0000e+00
9.6144e+03	1.3916e+00	4.8916e-01	0.0000e+00
9.6146e+03	1.3905e+00	4.8974e-01	0.0000e+00
9.6146e+03	1.3891e+00	4.9013e-01	0.0000e+00
9.6147e+03	1.3877e+00	4.9042e-01	0.0000e+00
9.6148e+03	1.3868e+00	4.9073e-01	0.0000e+00
9.6149e+03	1.3859e+00	4.9111e-01	0.0000e+00
9.6150e+03	1.3850e+00	4.9150e-01	0.0000e+00
9.6152e+03	1.3839e+00	4.9196e-01	0.0000e+00
9.6153e+03	1.3828e+00	4.9241e-01	0.0000e+00
9.6153e+03	1.3819e+00	4.9281e-01	0.0000e+00
9.6154e+03	1.3812e+00	4.9329e-01	0.0000e+00
9.6155e+03	1.3805e+00	4.9372e-01	0.0000e+00
9.6156e+03	1.3798e+00	4.9406e-01	0.0000e+00
9.6157e+03	1.3793e+00	4.9435e-01	0.0000e+00
9.6158e+03	1.3790e+00	4.9459e-01	0.0000e+00
9.6160e+03	1.3786e+00	4.9479e-01	0.0000e+00
9.6160e+03	1.3785e+00	4.9496e-01	0.0000e+00
9.6161e+03	1.3785e+00	4.9505e-01	0.0000e+00
9.6162e+03	1.3787e+00	4.9516e-01	0.0000e+00
9.6163e+03	1.3791e+00	4.9535e-01	0.0000e+00
9.6164e+03	1.3797e+00	4.9571e-01	0.0000e+00
9.6166e+03	1.3805e+00	4.9609e-01	0.0000e+00
9.6166e+03	1.3814e+00	4.9645e-01	0.0000e+00
9.6167e+03	1.3825e+00	4.9672e-01	0.0000e+00
9.6168e+03	1.3835e+00	4.9691e-01	0.0000e+00
9.6170e+03	1.3845e+00	4.9693e-01	0.0000e+00
9.6170e+03	1.3858e+00	4.9692e-01	0.0000e+00
9.6171e+03	1.3872e+00	4.9687e-01	0.0000e+00
9.6172e+03	1.3890e+00	4.9690e-01	0.0000e+00
9.6173e+03	1.3910e+00	4.9696e-01	0.0000e+00
9.6174e+03	1.3930e+00	4.9705e-01	0.0000e+00
9.6176e+03	1.3950e+00	4.9717e-01	0.0000e+00
9.6176e+03	1.3972e+00	4.9736e-01	0.0000e+00
9.6177e+03	1.3985e+00	4.9760e-01	0.0000e+00
9.6178e+03	1.4003e+00	4.9787e-01	0.0000e+00
9.6179e+03	1.4022e+00	4.9802e-01	0.0000e+00
9.6181e+03	1.4043e+00	4.9814e-01	0.0000e+00
9.6181e+03	1.4065e+00	4.9816e-01	0.0000e+00
9.6182e+03	1.4071e+00	4.9833e-01	0.0000e+00
9.6183e+03	1.4097e+00	4.9822e-01	0.0000e+00
9.6185e+03	1.4121e+00	4.9795e-01	0.0000e+00
9.6185e+03	1.4143e+00	4.9775e-01	0.0000e+00
9.6187e+03	1.4163e+00	4.9767e-01	0.0000e+00
9.6187e+03	1.4184e+00	4.9772e-01	0.0000e+00
9.6188e+03	1.4204e+00	4.9786e-01	0.0000e+00
9.6190e+03	1.4227e+00	4.9800e-01	0.0000e+00
9.6190e+03	1.4249e+00	4.9816e-01	0.0000e+00
9.6191e+03	1.4272e+00	4.9828e-01	0.0000e+00
9.6193e+03	1.4295e+00	4.9836e-01	0.0000e+00
9.6194e+03	1.4316e+00	4.9833e-01	0.0000e+00
9.6194e+03	1.4332e+00	4.9818e-01	0.0000e+00
9.6195e+03	1.4348e+00	4.9809e-01	0.0000e+00
9.6196e+03	1.4367e+00	4.9799e-01	0.0000e+00
9.6197e+03	1.4386e+00	4.9784e-01	0.0000e+00
9.6198e+03	1.4403e+00	4.9780e-01	0.0000e+00
9.6199e+03	1.4423e+00	4.9793e-01	0.0000e+00
9.6201e+03	1.4442e+00	4.9815e-01	0.0000e+00
9.6201e+03	1.4460e+00	4.9852e-01	0.0000e+00
9.6202e+03	1.4475e+00	4.9890e-01	0.0000e+00
9.6203e+03	1.4485e+00	4.9925e-01	0.0000e+00
9.6205e+03	1.4496e+00	4.9964e-01	0.0000e+00
9.6206e+03	1.4507e+00	4.9988e-01	0.0000e+00
9.6206e+03	1.4517e+00	4.9998e-01	0.0000e+00
9.6207e+03	1.4528e+00	4.9988e-01	0.0000e+00
9.6208e+03	1.4539e+00	4.9991e-01	0.0000e+00
9.6210e+03	1.4551e+00	5.0009e-01	0.0000e+00
9.6211e+03	1.4559e+00	5.0029e-01	0.0000e+00
9.6211e+03	1.4565e+00	5.0059e-01	0.0000e+00
9.6212e+03	1.4570e+00	5.0089e-01	0.0000e+00
9.6214e+03	1.4574e+00	5.0116e-01	0.0000e+00
9.6215e+03	1.4582e+00	5.0137e-01	0.0000e+00
9.6215e+03	1.4592e+00	5.0140e-01	0.0000e+00
9.6216e+03	1.4599e+00	5.0135e-01	0.0000e+00
9.6217e+03	1.4605e+00	5.0134e-01	0.0000e+00
9.6218e+03	1.4610e+00	5.0130e-01	0.0000e+00
9.6220e+03	1.4614e+00	5.0117e-01	0.0000e+00
9.6221e+03	1.4615e+00	5.0101e-01	0.0000e+00
9.6222e+03	1.4615e+00	5.0078e-01	0.0000e+00
9.6222e+03	1.4618e+00	5.0060e-01	0.0000e+00
9.6223e+03	1.4623e+00	5.0044e-01	0.0000e+00
9.6224e+03	1.4632e+00	5.0046e-01	0.0000e+00
9.6226e+03	1.4641e+00	5.0056e-01	0.0000e+00
9.6226e+03	1.4653e+00	5.0069e-01	0.0000e+00
9.6227e+03	1.4664e+00	5.0088e-01	0.0000e+00
9.6228e+03	1.4672e+00	5.0111e-01	0.0000e+00
9.6229e+03	1.4679e+00	5.0123e-01	0.0000e+00
9.6230e+03	1.4687e+00	5.0138e-01	0.0000e+00
9.6231e+03	1.4699e+00	5.0153e-01	0.0000e+00
9.6232e+03	1.4711e+00	5.0176e-01	0.0000e+00
9.6233e+03	1.4721e+00	5.0210e-01	0.0000e+00
9.6234e+03	1.4732e+00	5.0266e-01	0.0000e+00
9.6236e+03	1.4745e+00	5.0338e-01	0.0000e+00
9.6236e+03	1.4756e+00	5.0420e-01	0.0000e+00
9.6237e+03	1.4767e+00	5.0506e-01	0.0000e+00
9.6238e+03	1.4779e+00	5.0599e-01	0.0000e+00
9.6239e+03	1.4791e+00	5.0692e-01	0.0000e+00
9.6240e+03	1.4808e+00	5.0800e-01	0.0000e+00
9.6242e+03	1.4826e+00	5.0912e-01	0.0000e+00
9.6242e+03	1.4842e+00	5.1023e-01	0.0000e+00
9.6243e+03	1.4856e+00	5.1137e-01	0.0000e+00
9.6244e+03	1.4870e+00	5.1242e-01	0.0000e+00
9.6246e+03	1.4880e+00	5.1350e-01	0.0000e+00
9.6246e+03	1.4888e+00	5.1472e-01	0.0000e+00
9.6247e+03	1.4898e+00	5.1587e-01	0.0000e+00
9.6249e+03	1.4907e+00	5.1703e-01	0.0000e+00
9.6250e+03	1.4919e+00	5.1822e-01	0.0000e+00
9.6250e+03	1.4934e+00	5.1953e-01	0.0000e+00
9.6251e+03	1.4948e+00	5.2090e-01	0.0000e+00
9.6252e+03	1.4961e+00	5.2220e-01	0.0000e+00
9.6253e+03	1.4977e+00	5.2345e-01	0.0000e+00
9.6254e+03	1.4994e+00	5.2462e-01	0.0000e+00
9.6255e+03	1.5008e+00	5.2585e-01	0.0000e+00
9.6257e+03	1.5018e+00	5.2712e-01	0.0000e+00
9.6258e+03	1.5029e+00	5.2834e-01	0.0000e+00
9.6258e+03	1.5039e+00	5.2960e-01	0.0000e+00
9.6259e+03	1.5049e+00	5.3089e-01	0.0000e+00
9.6261e+03	1.5058e+00	5.3214e-01	0.0000e+00
9.6261e+03	1.5067e+00	5.3341e-01	0.0000e+00
9.6262e+03	1.5077e+00	5.3459e-01	0.0000e+00
9.6263e+03	1.5089e+00	5.3585e-01	0.0000e+00
9.6264e+03	1.5100e+00	5.3717e-01	0.0000e+00
9.6265e+03	1.5106e+00	5.3846e-01	0.0000e+00
9.6266e+03	1.5113e+00	5.3972e-01	0.0000e+00
9.6267e+03	1.5122e+00	5.4106e-01	0.0000e+00
9.6268e+03	1.5130e+00	5.4237e-01	0.0000e+00
9.6269e+03	1.5135e+00	5.4357e-01	0.0000e+00
9.6270e+03	1.5140e+00	5.4460e-01	0.0000e+00
9.6271e+03	1.5148e+00	5.4556e-01	0.0000e+00
9.6273e+03	1.5154e+00	5.4650e-01	0.0000e+00
9.6273e+03	1.5158e+00	5.4749e-01	0.0000e+00
9.6274e+03	1.5160e+00	5.4845e-01	0.0000e+00
9.6275e+03	1.5160e+00	5.4934e-01	0.0000e+00
9.6276e+03	1.5160e+00	5.5015e-01	0.0000e+00
9.6277e+03	1.5162e+00	5.5105e-01	0.0000e+00
9.6279e+03	1.5161e+00	5.5196e-01	0.0000e+00
9.6279e+03	1.5162e+00	5.5280e-01	0.0000e+00
9.6280e+03	1.5164e+00	5.5354e-01	0.0000e+00
9.6281e+03	1.5162e+00	5.5426e-01	0.0000e+00
9.6282e+03	1.5162e+00	5.5500e-01	0.0000e+00
9.6283e+03	1.5162e+00	5.5571e-01	0.0000e+00
9.6284e+03	1.5158e+00	5.5628e-01	0.0000e+00
9.6285e+03	1.5149e+00	5.5691e-01	0.0000e+00
9.6286e+03	1.5141e+00	5.5749e-01	0.0000e+00
9.6287e+03	1.5133e+00	5.5805e-01	0.0000e+00
9.6289e+03	1.5124e+00	5.5863e-01	0.0000e+00
9.6290e+03	1.5115e+00	5.5917e-01	0.0000e+00
9.6290e+03	1.5105e+00	5.5984e-01	0.0000e+00
9.6291e+03	1.5096e+00	5.6045e-01	0.0000e+00
9.6293e+03	1.5089e+00	5.6101e-01	0.0000e+00
9.6293e+03	1.5086e+00	5.6147e-01	0.0000e+00
9.6294e+03	1.5085e+00	5.6194e-01	0.0000e+00
9.6295e+03	1.5082e+00	5.6251e-01	0.0000e+00
9.6296e+03	1.5078e+00	5.6300e-01	0.0000e+00
9.6297e+03	1.5073e+00	5.6338e-01	0.0000e+00
9.6298e+03	1.5069e+00	5.6365e-01	0.0000e+00
9.6299e+03	1.5066e+00	5.6386e-01	0.0000e+00
9.6300e+03	1.5061e+00	5.6421e-01	0.0000e+00
9.6301e+03	1.5058e+00	5.6453e-01	0.0000e+00
9.6303e+03	1.5058e+00	5.6486e-01	0.0000e+00
9.6304e+03	1.5061e+00	5.6503e-01	0.0000e+00
9.6304e+03	1.5063e+00	5.6535e-01	0.0000e+00
9.6305e+03	1.5068e+00	5.6560e-01	0.0000e+00
9.6306e+03	1.5074e+00	5.6585e-01	0.0000e+00
9.6307e+03	1.5078e+00	5.6600e-01	0.0000e+00
9.6308e+03	1.5084e+00	5.6598e-01	0.0000e+00
9.6309e+03	1.5082e+00	5.6583e-01	0.0000e+00
9.6310e+03	1.5083e+00	5.6588e-01	0.0000e+00
9.6311e+03	1.5079e+00	5.6610e-01	0.0000e+00
9.6312e+03	1.5073e+00	5.6627e-01	0.0000e+00
9.6313e+03	1.5069e+00	5.6647e-01	0.0000e+00
9.6315e+03	1.5063e+00	5.6662e-01	0.0000e+00
9.6316e+03	1.5056e+00	5.6674e-01	0.0000e+00
9.6317e+03	1.5050e+00	5.6681e-01	0.0000e+00
9.6318e+03	1.5043e+00	5.6694e-01	0.0000e+00
9.6319e+03	1.5035e+00	5.6702e-01	0.0000e+00
9.6320e+03	1.5023e+00	5.6709e-01	0.0000e+00
9.6320e+03	1.5010e+00	5.6710e-01	0.0000e+00
9.6322e+03	1.4999e+00	5.6725e-01	0.0000e+00
9.6322e+03	1.4987e+00	5.6740e-01	0.0000e+00
9.6324e+03	1.4974e+00	5.6752e-01	0.0000e+00
9.6324e+03	1.4962e+00	5.6766e-01	0.0000e+00
9.6326e+03	1.4947e+00	5.6773e-01	0.0000e+00
9.6327e+03	1.4933e+00	5.6789e-01	0.0000e+00
9.6327e+03	1.4920e+00	5.6810e-01	0.0000e+00
9.6328e+03	1.4909e+00	5.6830e-01	0.0000e+00
9.6329e+03	1.4904e+00	5.6855e-01	0.0000e+00
9.6330e+03	1.4901e+00	5.6875e-01	0.0000e+00
9.6331e+03	1.4900e+00	5.6896e-01	0.0000e+00
9.6332e+03	1.4898e+00	5.6911e-01	0.0000e+00
9.6334e+03	1.4896e+00	5.6928e-01	0.0000e+00
9.6335e+03	1.4892e+00	5.6947e-01	0.0000e+00
9.6336e+03	1.4886e+00	5.6962e-01	0.0000e+00
9.6337e+03	1.4879e+00	5.6981e-01	0.0000e+00
9.6337e+03	1.4873e+00	5.7015e-01	1.0000e+00
9.6339e+03	1.4870e+00	5.7063e-01	0.0000e+00
9.6340e+03	1.4866e+00	5.7113e-01	0.0000e+00
9.6340e+03	1.4863e+00	5.7154e-01	0.0000e+00
9.6342e+03	1.4857e+00	5.7197e-01	0.0000e+00
9.6343e+03	1.4848e+00	5.7231e-01	0.0000e+00
9.6344e+03	1.4839e+00	5.7268e-01	0.0000e+00
9.6345e+03	1.4829e+00	5.7305e-01	0.0000e+00
9.6345e+03	1.4820e+00	5.7339e-01	0.0000e+00
9.6346e+03	1.4813e+00	5.7376e-01	0.0000e+00
9.6348e+03	1.4808e+00	5.7407e-01	0.0000e+00
9.6348e+03	1.4797e+00	5.7446e-01	0.0000e+00
9.6350e+03	1.4788e+00	5.7481e-01	0.0000e+00
9.6350e+03	1.4781e+00	5.7504e-01	0.0000e+00
9.6351e+03	1.4773e+00	5.7522e-01	0.0000e+00
9.6352e+03	1.4761e+00	5.7537e-01	0.0000e+00
9.6353e+03	1.4752e+00	5.7551e-01	0.0000e+00
9.6355e+03	1.4745e+00	5.7556e-01	0.0000e+00
9.6355e+03	1.4736e+00	5.7560e-01	0.0000e+00
9.6356e+03	1.4730e+00	5.7553e-01	0.0000e+00
9.6358e+03	1.4721e+00	5.7533e-01	0.0000e+00
9.6358e+03	1.4711e+00	5.7505e-01	0.0000e+00
9.6360e+03	1.4702e+00	5.7473e-01	0.0000e+00
