Timestamp	workload	stress	Marker
6.2410e+05	2.7635e+00	2.5923e-01	0.0000e+00
6.2411e+05	2.7636e+00	2.5950e-01	0.0000e+00
6.2411e+05	2.7636e+00	2.5977e-01	0.0000e+00
6.2411e+05	2.7632e+00	2.5999e-01	0.0000e+00
6.2411e+05	2.7625e+00	2.6020e-01	0.0000e+00
6.2411e+05	2.7614e+00	2.6032e-01	0.0000e+00
6.2411e+05	2.7604e+00	2.6043e-01	0.0000e+00
6.2411e+05	2.7585e+00	2.6058e-01	0.0000e+00
6.2411e+05	2.7567e+00	2.6072e-01	0.0000e+00
6.2411e+05	2.7543e+00	2.6078e-01	0.0000e+00
6.2411e+05	2.7525e+00	2.6077e-01	0.0000e+00
6.2411e+05	2.7510e+00	2.6078e-01	0.0000e+00
6.2411e+05	2.7489e+00	2.6089e-01	0.0000e+00
6.2411e+05	2.7467e+00	2.6102e-01	0.0000e+00
6.2411e+05	2.7451e+00	2.6116e-01	0.0000e+00
6.2411e+05	2.7435e+00	2.6123e-01	0.0000e+00
6.2411e+05	2.7423e+00	2.6133e-01	0.0000e+00
6.2411e+05	2.7423e+00	2.6142e-01	0.0000e+00
6.2411e+05	2.7419e+00	2.6147e-01	0.0000e+00
6.2411e+05	2.7402e+00	2.6155e-01	0.0000e+00
6.2411e+05	2.7385e+00	2.6162e-01	0.0000e+00
6.2411e+05	2.7362e+00	2.6171e-01	0.0000e+00
6.2411e+05	2.7341e+00	2.6185e-01	0.0000e+00
6.2411e+05	2.7326e+00	2.6203e-01	0.0000e+00
6.2411e+05	2.7292e+00	2.6227e-01	0.0000e+00
6.2411e+05	2.7269e+00	2.6247e-01	0.0000e+00
6.2411e+05	2.7255e+00	2.6272e-01	0.0000e+00
6.2411e+05	2.7236e+00	2.6296e-01	0.0000e+00
6.2411e+05	2.7219e+00	2.6317e-01	0.0000e+00
6.2411e+05	2.7187e+00	2.6340e-01	0.0000e+00
6.2411e+05	2.7156e+00	2.6363e-01	0.0000e+00
6.2411e+05	2.7122e+00	2.6380e-01	0.0000e+00
6.2411e+05	2.7084e+00	2.6391e-01	0.0000e+00
6.2411e+05	2.7037e+00	2.6403e-01	0.0000e+00
6.2411e+05	2.6989e+00	2.6417e-01	0.0000e+00
6.2411e+05	2.6941e+00	2.6427e-01	0.0000e+00
6.2411e+05	2.6892e+00	2.6439e-01	0.0000e+00
6.2411e+05	2.6839e+00	2.6446e-01	0.0000e+00
6.2411e+05	2.6792e+00	2.6453e-01	0.0000e+00
6.2411e+05	2.6742e+00	2.6458e-01	0.0000e+00
6.2411e+05	2.6696e+00	2.6463e-01	0.0000e+00
6.2411e+05	2.6652e+00	2.6463e-01	0.0000e+00
6.2411e+05	2.6605e+00	2.6452e-01	0.0000e+00
6.2411e+05	2.6562e+00	2.6441e-01	0.0000e+00
6.2411e+05	2.6518e+00	2.6429e-01	0.0000e+00
6.2411e+05	2.6473e+00	2.6415e-01	0.0000e+00
6.2411e+05	2.6427e+00	2.6394e-01	0.0000e+00
6.2411e+05	2.6381e+00	2.6376e-01	0.0000e+00
6.2411e+05	2.6340e+00	2.6354e-01	0.0000e+00
6.2411e+05	2.6302e+00	2.6331e-01	0.0000e+00
6.2411e+05	2.6265e+00	2.6312e-01	0.0000e+00
6.2411e+05	2.6234e+00	2.6289e-01	1.0000e+00
6.2411e+05	2.6206e+00	2.6266e-01	0.0000e+00
6.2411e+05	2.6180e+00	2.6244e-01	0.0000e+00
6.2411e+05	2.6154e+00	2.6222e-01	0.0000e+00
6.2411e+05	2.6132e+00	2.6197e-01	0.0000e+00
6.2411e+05	2.6116e+00	2.6169e-01	0.0000e+00
6.2411e+05	2.6096e+00	2.6145e-01	0.0000e+00
6.2411e+05	2.6081e+00	2.6121e-01	0.0000e+00
6.2411e+05	2.6069e+00	2.6099e-01	0.0000e+00
6.2411e+05	2.6057e+00	2.6078e-01	0.0000e+00
6.2411e+05	2.6052e+00	2.6060e-01	0.0000e+00
6.2411e+05	2.6050e+00	2.6043e-01	0.0000e+00
6.2411e+05	2.6046e+00	2.6030e-01	0.0000e+00
6.2411e+05	2.6043e+00	2.6015e-01	0.0000e+00
6.2411e+05	2.6042e+00	2.6001e-01	0.0000e+00
6.2411e+05	2.6041e+00	2.5987e-01	0.0000e+00
6.2411e+05	2.6046e+00	2.5970e-01	0.0000e+00
6.2411e+05	2.6052e+00	2.5955e-01	0.0000e+00
6.2411e+05	2.6059e+00	2.5943e-01	0.0000e+00
6.2411e+05	2.6060e+00	2.5932e-01	0.0000e+00
6.2411e+05	2.6062e+00	2.5922e-01	0.0000e+00
6.2411e+05	2.6061e+00	2.5914e-01	0.0000e+00
6.2411e+05	2.6062e+00	2.5900e-01	0.0000e+00
6.2411e+05	2.6070e+00	2.5886e-01	0.0000e+00
6.2411e+05	2.6080e+00	2.5875e-01	0.0000e+00
6.2411e+05	2.6100e+00	2.5859e-01	0.0000e+00
6.2411e+05	2.6117e+00	2.5840e-01	0.0000e+00
6.2411e+05	2.6133e+00	2.5823e-01	0.0000e+00
6.2411e+05	2.6142e+00	2.5806e-01	0.0000e+00
6.2411e+05	2.6153e+00	2.5790e-01	0.0000e+00
6.2411e+05	2.6164e+00	2.5774e-01	0.0000e+00
6.2411e+05	2.6177e+00	2.5757e-01	0.0000e+00
6.2411e+05	2.6189e+00	2.5733e-01	0.0000e+00
6.2411e+05	2.6204e+00	2.5713e-01	0.0000e+00
6.2411e+05	2.6224e+00	2.5691e-01	0.0000e+00
6.2411e+05	2.6247e+00	2.5666e-01	0.0000e+00
6.2411e+05	2.6268e+00	2.5643e-01	0.0000e+00
6.2411e+05	2.6287e+00	2.5621e-01	0.0000e+00
6.2411e+05	2.6305e+00	2.5600e-01	0.0000e+00
6.2411e+05	2.6332e+00	2.5580e-01	0.0000e+00
6.2411e+05	2.6355e+00	2.5565e-01	0.0000e+00
6.2411e+05	2.6377e+00	2.5545e-01	0.0000e+00
6.2411e+05	2.6404e+00	2.5526e-01	0.0000e+00
6.2411e+05	2.6430e+00	2.5510e-01	0.0000e+00
6.2411e+05	2.6457e+00	2.5495e-01	0.0000e+00
6.2411e+05	2.6479e+00	2.5480e-01	0.0000e+00
6.2411e+05	2.6500e+00	2.5465e-01	0.0000e+00
6.2411e+05	2.6523e+00	2.5450e-01	0.0000e+00
6.2411e+05	2.6551e+00	2.5432e-01	0.0000e+00
6.2411e+05	2.6584e+00	2.5420e-01	0.0000e+00
6.2412e+05	2.6610e+00	2.5406e-01	0.0000e+00
6.2412e+05	2.6639e+00	2.5394e-01	0.0000e+00
6.2412e+05	2.6667e+00	2.5382e-01	0.0000e+00
6.2412e+05	2.6704e+00	2.5367e-01	0.0000e+00
6.2412e+05	2.6737e+00	2.5353e-01	0.0000e+00
6.2412e+05	2.6769e+00	2.5342e-01	0.0000e+00
6.2412e+05	2.6804e+00	2.5331e-01	0.0000e+00
6.2412e+05	2.6829e+00	2.5321e-01	0.0000e+00
6.2412e+05	2.6851e+00	2.5311e-01	0.0000e+00
6.2412e+05	2.6860e+00	2.5310e-01	0.0000e+00
6.2412e+05	2.6873e+00	2.5303e-01	0.0000e+00
6.2412e+05	2.6887e+00	2.5296e-01	0.0000e+00
6.2412e+05	2.6908e+00	2.5289e-01	0.0000e+00
6.2412e+05	2.6937e+00	2.5281e-01	0.0000e+00
6.2412e+05	2.6965e+00	2.5271e-01	0.0000e+00
6.2412e+05	2.6996e+00	2.5257e-01	0.0000e+00
6.2412e+05	2.7026e+00	2.5248e-01	0.0000e+00
6.2412e+05	2.7030e+00	2.5238e-01	0.0000e+00
6.2412e+05	2.7025e+00	2.5232e-01	0.0000e+00
6.2412e+05	2.7034e+00	2.5217e-01	0.0000e+00
6.2412e+05	2.7048e+00	2.5200e-01	0.0000e+00
6.2412e+05	2.7061e+00	2.5187e-01	0.0000e+00
6.2412e+05	2.7076e+00	2.5181e-01	0.0000e+00
6.2412e+05	2.7095e+00	2.5171e-01	0.0000e+00
6.2412e+05	2.7113e+00	2.5160e-01	0.0000e+00
6.2412e+05	2.7133e+00	2.5137e-01	0.0000e+00
6.2412e+05	2.7165e+00	2.5115e-01	0.0000e+00
6.2412e+05	2.7183e+00	2.5095e-01	0.0000e+00
6.2412e+05	2.7201e+00	2.5078e-01	0.0000e+00
6.2412e+05	2.7213e+00	2.5063e-01	0.0000e+00
6.2412e+05	2.7236e+00	2.5051e-01	0.0000e+00
6.2412e+05	2.7252e+00	2.5042e-01	0.0000e+00
6.2412e+05	2.7257e+00	2.5039e-01	0.0000e+00
6.2412e+05	2.7271e+00	2.5039e-01	0.0000e+00
6.2412e+05	2.7278e+00	2.5039e-01	0.0000e+00
6.2412e+05	2.7283e+00	2.5043e-01	0.0000e+00
6.2412e+05	2.7287e+00	2.5053e-01	0.0000e+00
6.2412e+05	2.7294e+00	2.5059e-01	0.0000e+00
6.2412e+05	2.7298e+00	2.5069e-01	0.0000e+00
6.2412e+05	2.7304e+00	2.5087e-01	0.0000e+00
6.2412e+05	2.7307e+00	2.5098e-01	0.0000e+00
6.2412e+05	2.7320e+00	2.5103e-01	0.0000e+00
6.2412e+05	2.7324e+00	2.5113e-01	0.0000e+00
6.2412e+05	2.7317e+00	2.5126e-01	0.0000e+00
6.2412e+05	2.7302e+00	2.5142e-01	0.0000e+00
6.2412e+05	2.7280e+00	2.5160e-01	0.0000e+00
6.2412e+05	2.7259e+00	2.5176e-01	0.0000e+00
6.2412e+05	2.7244e+00	2.5190e-01	0.0000e+00
6.2412e+05	2.7230e+00	2.5200e-01	0.0000e+00
6.2412e+05	2.7210e+00	2.5210e-01	0.0000e+00
6.2412e+05	2.7199e+00	2.5212e-01	0.0000e+00
6.2412e+05	2.7201e+00	2.5212e-01	0.0000e+00
6.2412e+05	2.7201e+00	2.5210e-01	0.0000e+00
6.2412e+05	2.7199e+00	2.5210e-01	0.0000e+00
6.2412e+05	2.7186e+00	2.5210e-01	0.0000e+00
6.2412e+05	2.7168e+00	2.5210e-01	0.0000e+00
6.2412e+05	2.7154e+00	2.5203e-01	0.0000e+00
6.2412e+05	2.7148e+00	2.5186e-01	0.0000e+00
6.2412e+05	2.7142e+00	2.5163e-01	0.0000e+00
6.2412e+05	2.7127e+00	2.5139e-01	0.0000e+00
6.2412e+05	2.7117e+00	2.5119e-01	0.0000e+00
6.2412e+05	2.7112e+00	2.5098e-01	0.0000e+00
6.2412e+05	2.7100e+00	2.5070e-01	0.0000e+00
6.2412e+05	2.7095e+00	2.5037e-01	0.0000e+00
6.2412e+05	2.7093e+00	2.5006e-01	0.0000e+00
6.2412e+05	2.7098e+00	2.4975e-01	0.0000e+00
6.2412e+05	2.7094e+00	2.4943e-01	0.0000e+00
6.2412e+05	2.7092e+00	2.4912e-01	0.0000e+00
6.2412e+05	2.7095e+00	2.4881e-01	0.0000e+00
6.2412e+05	2.7109e+00	2.4847e-01	0.0000e+00
6.2412e+05	2.7125e+00	2.4816e-01	0.0000e+00
6.2412e+05	2.7138e+00	2.4785e-01	0.0000e+00
6.2412e+05	2.7167e+00	2.4749e-01	0.0000e+00
6.2412e+05	2.7190e+00	2.4713e-01	0.0000e+00
6.2412e+05	2.7224e+00	2.4679e-01	0.0000e+00
6.2412e+05	2.7260e+00	2.4651e-01	0.0000e+00
6.2412e+05	2.7287e+00	2.4626e-01	0.0000e+00
6.2412e+05	2.7315e+00	2.4612e-01	0.0000e+00
6.2412e+05	2.7340e+00	2.4595e-01	0.0000e+00
6.2412e+05	2.7363e+00	2.4578e-01	0.0000e+00
6.2412e+05	2.7387e+00	2.4563e-01	0.0000e+00
6.2412e+05	2.7424e+00	2.4551e-01	0.0000e+00
6.2412e+05	2.7462e+00	2.4543e-01	0.0000e+00
6.2412e+05	2.7491e+00	2.4553e-01	0.0000e+00
6.2412e+05	2.7520e+00	2.4556e-01	0.0000e+00
6.2412e+05	2.7546e+00	2.4563e-01	0.0000e+00
6.2412e+05	2.7563e+00	2.4573e-01	0.0000e+00
6.2412e+05	2.7575e+00	2.4582e-01	0.0000e+00
6.2412e+05	2.7592e+00	2.4597e-01	0.0000e+00
6.2412e+05	2.7596e+00	2.4616e-01	0.0000e+00
6.2412e+05	2.7592e+00	2.4636e-01	0.0000e+00
6.2412e+05	2.7581e+00	2.4656e-01	0.0000e+00
6.2412e+05	2.7568e+00	2.4677e-01	0.0000e+00
6.2412e+05	2.7552e+00	2.4700e-01	0.0000e+00
6.2412e+05	2.7537e+00	2.4727e-01	0.0000e+00
6.2412e+05	2.7524e+00	2.4752e-01	0.0000e+00
6.2412e+05	2.7517e+00	2.4772e-01	0.0000e+00
6.2412e+05	2.7510e+00	2.4796e-01	0.0000e+00
6.2412e+05	2.7491e+00	2.4815e-01	0.0000e+00
6.2412e+05	2.7473e+00	2.4841e-01	0.0000e+00
6.2413e+05	2.7444e+00	2.4863e-01	0.0000e+00
6.2413e+05	2.7408e+00	2.4887e-01	0.0000e+00
6.2413e+05	2.7387e+00	2.4902e-01	0.0000e+00
6.2413e+05	2.7364e+00	2.4914e-01	0.0000e+00
6.2413e+05	2.7338e+00	2.4929e-01	0.0000e+00
6.2413e+05	2.7309e+00	2.4941e-01	0.0000e+00
6.2413e+05	2.7285e+00	2.4952e-01	0.0000e+00
6.2413e+05	2.7265e+00	2.4963e-01	0.0000e+00
6.2413e+05	2.7250e+00	2.4975e-01	0.0000e+00
6.2413e+05	2.7231e+00	2.4985e-01	0.0000e+00
6.2413e+05	2.7212e+00	2.4996e-01	0.0000e+00
6.2413e+05	2.7210e+00	2.5004e-01	0.0000e+00
6.2413e+05	2.7208e+00	2.5011e-01	0.0000e+00
6.2413e+05	2.7206e+00	2.5011e-01	0.0000e+00
6.2413e+05	2.7198e+00	2.5015e-01	0.0000e+00
6.2413e+05	2.7186e+00	2.5016e-01	0.0000e+00
6.2413e+05	2.7176e+00	2.5017e-01	0.0000e+00
6.2413e+05	2.7173e+00	2.5016e-01	0.0000e+00
6.2413e+05	2.7170e+00	2.5012e-01	0.0000e+00
6.2413e+05	2.7177e+00	2.5002e-01	0.0000e+00
6.2413e+05	2.7176e+00	2.4991e-01	0.0000e+00
6.2413e+05	2.7172e+00	2.4983e-01	0.0000e+00
6.2413e+05	2.7170e+00	2.4972e-01	0.0000e+00
6.2413e+05	2.7165e+00	2.4959e-01	0.0000e+00
6.2413e+05	2.7164e+00	2.4947e-01	0.0000e+00
6.2413e+05	2.7157e+00	2.4932e-01	0.0000e+00
6.2413e+05	2.7154e+00	2.4918e-01	0.0000e+00
6.2413e+05	2.7161e+00	2.4900e-01	0.0000e+00
6.2413e+05	2.7159e+00	2.4881e-01	0.0000e+00
6.2413e+05	2.7147e+00	2.4860e-01	0.0000e+00
6.2413e+05	2.7126e+00	2.4839e-01	0.0000e+00
6.2413e+05	2.7101e+00	2.4816e-01	0.0000e+00
6.2413e+05	2.7079e+00	2.4794e-01	0.0000e+00
6.2413e+05	2.7071e+00	2.4772e-01	0.0000e+00
6.2413e+05	2.7062e+00	2.4752e-01	0.0000e+00
6.2413e+05	2.7053e+00	2.4735e-01	0.0000e+00
6.2413e+05	2.7054e+00	2.4716e-01	0.0000e+00
6.2413e+05	2.7051e+00	2.4698e-01	0.0000e+00
6.2413e+05	2.7047e+00	2.4677e-01	0.0000e+00
6.2413e+05	2.7047e+00	2.4660e-01	0.0000e+00
6.2413e+05	2.7042e+00	2.4650e-01	0.0000e+00
6.2413e+05	2.7043e+00	2.4644e-01	0.0000e+00
6.2413e+05	2.7047e+00	2.4635e-01	0.0000e+00
6.2413e+05	2.7060e+00	2.4625e-01	0.0000e+00
6.2413e+05	2.7074e+00	2.4615e-01	0.0000e+00
6.2413e+05	2.7097e+00	2.4604e-01	0.0000e+00
6.2413e+05	2.7125e+00	2.4596e-01	0.0000e+00
6.2413e+05	2.7155e+00	2.4595e-01	0.0000e+00
6.2413e+05	2.7194e+00	2.4592e-01	0.0000e+00
6.2413e+05	2.7243e+00	2.4591e-01	0.0000e+00
6.2413e+05	2.7307e+00	2.4588e-01	0.0000e+00
6.2413e+05	2.7371e+00	2.4588e-01	1.0000e+00
6.2413e+05	2.7422e+00	2.4588e-01	0.0000e+00
6.2413e+05	2.7470e+00	2.4592e-01	0.0000e+00
6.2413e+05	2.7516e+00	2.4597e-01	0.0000e+00
6.2413e+05	2.7559e+00	2.4598e-01	0.0000e+00
6.2413e+05	2.7603e+00	2.4600e-01	0.0000e+00
6.2413e+05	2.7638e+00	2.4609e-01	0.0000e+00
6.2413e+05	2.7655e+00	2.4624e-01	0.0000e+00
6.2413e+05	2.7678e+00	2.4635e-01	0.0000e+00
6.2413e+05	2.7701e+00	2.4642e-01	0.0000e+00
6.2413e+05	2.7729e+00	2.4646e-01	0.0000e+00
6.2413e+05	2.7747e+00	2.4649e-01	0.0000e+00
6.2413e+05	2.7756e+00	2.4654e-01	0.0000e+00
6.2413e+05	2.7762e+00	2.4660e-01	0.0000e+00
6.2413e+05	2.7762e+00	2.4666e-01	0.0000e+00
6.2413e+05	2.7751e+00	2.4676e-01	0.0000e+00
6.2413e+05	2.7727e+00	2.4688e-01	0.0000e+00
6.2413e+05	2.7700e+00	2.4698e-01	0.0000e+00
6.2413e+05	2.7668e+00	2.4711e-01	0.0000e+00
6.2413e+05	2.7645e+00	2.4722e-01	0.0000e+00
6.2413e+05	2.7620e+00	2.4728e-01	0.0000e+00
6.2413e+05	2.7595e+00	2.4733e-01	0.0000e+00
6.2413e+05	2.7577e+00	2.4729e-01	0.0000e+00
6.2413e+05	2.7554e+00	2.4724e-01	0.0000e+00
6.2413e+05	2.7526e+00	2.4724e-01	0.0000e+00
6.2413e+05	2.7501e+00	2.4725e-01	0.0000e+00
6.2413e+05	2.7475e+00	2.4724e-01	0.0000e+00
6.2413e+05	2.7460e+00	2.4714e-01	0.0000e+00
6.2413e+05	2.7444e+00	2.4705e-01	0.0000e+00
6.2413e+05	2.7433e+00	2.4702e-01	0.0000e+00
6.2413e+05	2.7410e+00	2.4704e-01	0.0000e+00
6.2413e+05	2.7381e+00	2.4705e-01	0.0000e+00
6.2413e+05	2.7352e+00	2.4700e-01	0.0000e+00
6.2413e+05	2.7331e+00	2.4693e-01	0.0000e+00
6.2413e+05	2.7306e+00	2.4682e-01	0.0000e+00
6.2413e+05	2.7282e+00	2.4668e-01	0.0000e+00
6.2413e+05	2.7266e+00	2.4649e-01	0.0000e+00
6.2413e+05	2.7259e+00	2.4622e-01	0.0000e+00
6.2413e+05	2.7247e+00	2.4594e-01	0.0000e+00
6.2413e+05	2.7230e+00	2.4566e-01	0.0000e+00
6.2413e+05	2.7209e+00	2.4536e-01	0.0000e+00
6.2413e+05	2.7176e+00	2.4516e-01	0.0000e+00
6.2413e+05	2.7159e+00	2.4495e-01	0.0000e+00
6.2413e+05	2.7140e+00	2.4471e-01	0.0000e+00
6.2413e+05	2.7133e+00	2.4443e-01	0.0000e+00
6.2413e+05	2.7126e+00	2.4416e-01	0.0000e+00
6.2413e+05	2.7121e+00	2.4386e-01	0.0000e+00
6.2413e+05	2.7116e+00	2.4357e-01	0.0000e+00
6.2413e+05	2.7110e+00	2.4332e-01	0.0000e+00
6.2414e+05	2.7106e+00	2.4305e-01	0.0000e+00
6.2414e+05	2.7100e+00	2.4275e-01	0.0000e+00
6.2414e+05	2.7101e+00	2.4246e-01	0.0000e+00
6.2414e+05	2.7110e+00	2.4217e-01	0.0000e+00
6.2414e+05	2.7126e+00	2.4201e-01	0.0000e+00
6.2414e+05	2.7134e+00	2.4182e-01	0.0000e+00
6.2414e+05	2.7142e+00	2.4166e-01	0.0000e+00
6.2414e+05	2.7157e+00	2.4151e-01	0.0000e+00
6.2414e+05	2.7171e+00	2.4141e-01	0.0000e+00
6.2414e+05	2.7188e+00	2.4140e-01	0.0000e+00
6.2414e+05	2.7206e+00	2.4143e-01	0.0000e+00
6.2414e+05	2.7238e+00	2.4135e-01	0.0000e+00
6.2414e+05	2.7269e+00	2.4124e-01	0.0000e+00
6.2414e+05	2.7295e+00	2.4112e-01	0.0000e+00
6.2414e+05	2.7308e+00	2.4109e-01	0.0000e+00
6.2414e+05	2.7316e+00	2.4106e-01	0.0000e+00
6.2414e+05	2.7331e+00	2.4110e-01	0.0000e+00
6.2414e+05	2.7353e+00	2.4111e-01	0.0000e+00
6.2414e+05	2.7374e+00	2.4109e-01	0.0000e+00
6.2414e+05	2.7408e+00	2.4107e-01	0.0000e+00
6.2414e+05	2.7443e+00	2.4106e-01	0.0000e+00
6.2414e+05	2.7478e+00	2.4104e-01	0.0000e+00
6.2414e+05	2.7512e+00	2.4099e-01	0.0000e+00
6.2414e+05	2.7554e+00	2.4090e-01	0.0000e+00
6.2414e+05	2.7592e+00	2.4076e-01	0.0000e+00
6.2414e+05	2.7625e+00	2.4059e-01	0.0000e+00
6.2414e+05	2.7670e+00	2.4041e-01	0.0000e+00
6.2414e+05	2.7705e+00	2.4028e-01	0.0000e+00
6.2414e+05	2.7754e+00	2.4009e-01	0.0000e+00
6.2414e+05	2.7801e+00	2.3985e-01	0.0000e+00
6.2414e+05	2.7849e+00	2.3963e-01	0.0000e+00
6.2414e+05	2.7900e+00	2.3948e-01	0.0000e+00
6.2414e+05	2.7955e+00	2.3934e-01	0.0000e+00
6.2414e+05	2.8013e+00	2.3918e-01	0.0000e+00
6.2414e+05	2.8073e+00	2.3897e-01	0.0000e+00
6.2414e+05	2.8141e+00	2.3871e-01	0.0000e+00
6.2414e+05	2.8208e+00	2.3842e-01	0.0000e+00
6.2414e+05	2.8268e+00	2.3815e-01	0.0000e+00
6.2414e+05	2.8328e+00	2.3790e-01	0.0000e+00
6.2414e+05	2.8385e+00	2.3764e-01	0.0000e+00
6.2414e+05	2.8438e+00	2.3738e-01	0.0000e+00
6.2414e+05	2.8494e+00	2.3722e-01	0.0000e+00
6.2414e+05	2.8544e+00	2.3705e-01	0.0000e+00
6.2414e+05	2.8595e+00	2.3687e-01	0.0000e+00
6.2414e+05	2.8651e+00	2.3674e-01	0.0000e+00
6.2414e+05	2.8707e+00	2.3662e-01	0.0000e+00
6.2414e+05	2.8755e+00	2.3645e-01	0.0000e+00
6.2414e+05	2.8806e+00	2.3629e-01	0.0000e+00
6.2414e+05	2.8852e+00	2.3615e-01	0.0000e+00
6.2414e+05	2.8901e+00	2.3600e-01	0.0000e+00
6.2414e+05	2.8951e+00	2.3588e-01	0.0000e+00
6.2414e+05	2.9000e+00	2.3574e-01	0.0000e+00
6.2414e+05	2.9044e+00	2.3561e-01	0.0000e+00
6.2414e+05	2.9084e+00	2.3549e-01	0.0000e+00
6.2414e+05	2.9113e+00	2.3541e-01	0.0000e+00
6.2414e+05	2.9134e+00	2.3540e-01	0.0000e+00
6.2414e+05	2.9160e+00	2.3536e-01	0.0000e+00
6.2414e+05	2.9184e+00	2.3532e-01	0.0000e+00
6.2414e+05	2.9208e+00	2.3528e-01	0.0000e+00
6.2414e+05	2.9229e+00	2.3522e-01	0.0000e+00
6.2414e+05	2.9248e+00	2.3515e-01	0.0000e+00
6.2414e+05	2.9265e+00	2.3506e-01	0.0000e+00
6.2414e+05	2.9285e+00	2.3497e-01	0.0000e+00
6.2414e+05	2.9300e+00	2.3489e-01	0.0000e+00
6.2414e+05	2.9311e+00	2.3480e-01	0.0000e+00
6.2414e+05	2.9318e+00	2.3474e-01	0.0000e+00
6.2414e+05	2.9319e+00	2.3472e-01	0.0000e+00
6.2414e+05	2.9315e+00	2.3473e-01	0.0000e+00
6.2414e+05	2.9307e+00	2.3470e-01	0.0000e+00
6.2414e+05	2.9303e+00	2.3464e-01	0.0000e+00
6.2414e+05	2.9301e+00	2.3455e-01	0.0000e+00
6.2414e+05	2.9298e+00	2.3451e-01	0.0000e+00
6.2414e+05	2.9287e+00	2.3447e-01	0.0000e+00
6.2414e+05	2.9274e+00	2.3440e-01	0.0000e+00
6.2414e+05	2.9259e+00	2.3432e-01	0.0000e+00
6.2414e+05	2.9245e+00	2.3424e-01	0.0000e+00
6.2414e+05	2.9237e+00	2.3424e-01	0.0000e+00
6.2414e+05	2.9227e+00	2.3426e-01	0.0000e+00
6.2414e+05	2.9221e+00	2.3426e-01	0.0000e+00
6.2414e+05	2.9210e+00	2.3426e-01	0.0000e+00
6.2414e+05	2.9197e+00	2.3423e-01	0.0000e+00
6.2414e+05	2.9172e+00	2.3423e-01	0.0000e+00
6.2414e+05	2.9151e+00	2.3430e-01	0.0000e+00
6.2414e+05	2.9128e+00	2.3432e-01	0.0000e+00
6.2414e+05	2.9107e+00	2.3437e-01	0.0000e+00
6.2414e+05	2.9091e+00	2.3443e-01	0.0000e+00
6.2414e+05	2.9078e+00	2.3449e-01	0.0000e+00
6.2414e+05	2.9062e+00	2.3457e-01	0.0000e+00
6.2414e+05	2.9045e+00	2.3462e-01	0.0000e+00
6.2414e+05	2.9011e+00	2.3465e-01	0.0000e+00
6.2414e+05	2.8984e+00	2.3463e-01	0.0000e+00
6.2414e+05	2.8956e+00	2.3464e-01	0.0000e+00
6.2414e+05	2.8927e+00	2.3469e-01	0.0000e+00
6.2414e+05	2.8892e+00	2.3470e-01	0.0000e+00
6.2414e+05	2.8852e+00	2.3471e-01	0.0000e+00
6.2414e+05	2.8817e+00	2.3470e-01	0.0000e+00
6.2414e+05	2.8781e+00	2.3465e-01	0.0000e+00
6.2414e+05	2.8739e+00	2.3460e-01	0.0000e+00
6.2414e+05	2.8687e+00	2.3460e-01	0.0000e+00
6.2414e+05	2.8628e+00	2.3455e-01	0.0000e+00
6.2415e+05	2.8584e+00	2.3451e-01	0.0000e+00
6.2415e+05	2.8535e+00	2.3442e-01	0.0000e+00
6.2415e+05	2.8489e+00	2.3439e-01	0.0000e+00
6.2415e+05	2.8434e+00	2.3437e-01	0.0000e+00
6.2415e+05	2.8380e+00	2.3442e-01	0.0000e+00
6.2415e+05	2.8322e+00	2.3444e-01	0.0000e+00
6.2415e+05	2.8262e+00	2.3443e-01	0.0000e+00
6.2415e+05	2.8212e+00	2.3446e-01	0.0000e+00
6.2415e+05	2.8167e+00	2.3449e-01	0.0000e+00
6.2415e+05	2.8116e+00	2.3464e-01	0.0000e+00
6.2415e+05	2.8062e+00	2.3478e-01	0.0000e+00
6.2415e+05	2.8005e+00	2.3496e-01	0.0000e+00
6.2415e+05	2.7955e+00	2.3513e-01	0.0000e+00
6.2415e+05	2.7900e+00	2.3534e-01	0.0000e+00
6.2415e+05	2.7844e+00	2.3555e-01	0.0000e+00
6.2415e+05	2.7792e+00	2.3581e-01	0.0000e+00
6.2415e+05	2.7738e+00	2.3604e-01	0.0000e+00
6.2415e+05	2.7701e+00	2.3627e-01	0.0000e+00
6.2415e+05	2.7667e+00	2.3649e-01	0.0000e+00
6.2415e+05	2.7631e+00	2.3679e-01	0.0000e+00
6.2415e+05	2.7593e+00	2.3706e-01	0.0000e+00
6.2415e+05	2.7567e+00	2.3736e-01	0.0000e+00
6.2415e+05	2.7539e+00	2.3753e-01	0.0000e+00
6.2415e+05	2.7508e+00	2.3767e-01	0.0000e+00
6.2415e+05	2.7479e+00	2.3773e-01	0.0000e+00
6.2415e+05	2.7448e+00	2.3789e-01	0.0000e+00
6.2415e+05	2.7416e+00	2.3803e-01	0.0000e+00
6.2415e+05	2.7394e+00	2.3813e-01	0.0000e+00
6.2415e+05	2.7377e+00	2.3822e-01	0.0000e+00
6.2415e+05	2.7360e+00	2.3829e-01	0.0000e+00
6.2415e+05	2.7349e+00	2.3826e-01	0.0000e+00
6.2415e+05	2.7333e+00	2.3818e-01	0.0000e+00
6.2415e+05	2.7327e+00	2.3807e-01	0.0000e+00
6.2415e+05	2.7309e+00	2.3795e-01	0.0000e+00
6.2415e+05	2.7290e+00	2.3776e-01	0.0000e+00
6.2415e+05	2.7276e+00	2.3753e-01	0.0000e+00
6.2415e+05	2.7264e+00	2.3724e-01	0.0000e+00
6.2415e+05	2.7252e+00	2.3692e-01	0.0000e+00
6.2415e+05	2.7242e+00	2.3668e-01	0.0000e+00
6.2415e+05	2.7232e+00	2.3635e-01	0.0000e+00
6.2415e+05	2.7225e+00	2.3603e-01	0.0000e+00
6.2415e+05	2.7207e+00	2.3572e-01	0.0000e+00
6.2415e+05	2.7197e+00	2.3542e-01	0.0000e+00
6.2415e+05	2.7189e+00	2.3515e-01	0.0000e+00
6.2415e+05	2.7179e+00	2.3488e-01	0.0000e+00
6.2415e+05	2.7171e+00	2.3456e-01	0.0000e+00
6.2415e+05	2.7174e+00	2.3420e-01	0.0000e+00
6.2415e+05	2.7180e+00	2.3382e-01	0.0000e+00
6.2415e+05	2.7187e+00	2.3355e-01	0.0000e+00
6.2415e+05	2.7196e+00	2.3324e-01	0.0000e+00
6.2415e+05	2.7201e+00	2.3299e-01	0.0000e+00
6.2415e+05	2.7211e+00	2.3276e-01	0.0000e+00
6.2415e+05	2.7214e+00	2.3255e-01	0.0000e+00
6.2415e+05	2.7230e+00	2.3235e-01	0.0000e+00
6.2415e+05	2.7244e+00	2.3214e-01	0.0000e+00
6.2415e+05	2.7264e+00	2.3197e-01	0.0000e+00
6.2415e+05	2.7287e+00	2.3181e-01	0.0000e+00
6.2415e+05	2.7300e+00	2.3171e-01	0.0000e+00
6.2415e+05	2.7310e+00	2.3160e-01	0.0000e+00
6.2415e+05	2.7325e+00	2.3151e-01	0.0000e+00
6.2415e+05	2.7330e+00	2.3149e-01	0.0000e+00
6.2415e+05	2.7333e+00	2.3147e-01	0.0000e+00
6.2415e+05	2.7355e+00	2.3150e-01	0.0000e+00
6.2415e+05	2.7368e+00	2.3155e-01	0.0000e+00
6.2415e+05	2.7381e+00	2.3159e-01	0.0000e+00
6.2415e+05	2.7380e+00	2.3164e-01	0.0000e+00
6.2415e+05	2.7377e+00	2.3165e-01	0.0000e+00
6.2415e+05	2.7358e+00	2.3169e-01	0.0000e+00
6.2415e+05	2.7336e+00	2.3168e-01	0.0000e+00
6.2415e+05	2.7310e+00	2.3169e-01	0.0000e+00
6.2415e+05	2.7286e+00	2.3173e-01	0.0000e+00
6.2415e+05	2.7251e+00	2.3178e-01	0.0000e+00
6.2415e+05	2.7202e+00	2.3187e-01	0.0000e+00
6.2415e+05	2.7149e+00	2.3192e-01	0.0000e+00
6.2415e+05	2.7085e+00	2.3197e-01	0.0000e+00
6.2415e+05	2.7020e+00	2.3190e-01	0.0000e+00
6.2415e+05	2.6952e+00	2.3183e-01	0.0000e+00
6.2415e+05	2.6885e+00	2.3167e-01	0.0000e+00
6.2415e+05	2.6823e+00	2.3153e-01	0.0000e+00
6.2415e+05	2.6763e+00	2.3138e-01	0.0000e+00
6.2415e+05	2.6697e+00	2.3118e-01	0.0000e+00
6.2415e+05	2.6621e+00	2.3099e-01	0.0000e+00
6.2415e+05	2.6532e+00	2.3078e-01	0.0000e+00
6.2415e+05	2.6459e+00	2.3051e-01	0.0000e+00
6.2415e+05	2.6392e+00	2.3022e-01	0.0000e+00
6.2415e+05	2.6327e+00	2.2985e-01	0.0000e+00
6.2415e+05	2.6275e+00	2.2949e-01	0.0000e+00
6.2415e+05	2.6224e+00	2.2919e-01	0.0000e+00
6.2415e+05	2.6167e+00	2.2887e-01	0.0000e+00
6.2415e+05	2.6113e+00	2.2855e-01	0.0000e+00
6.2415e+05	2.6073e+00	2.2820e-01	0.0000e+00
6.2415e+05	2.6038e+00	2.2784e-01	0.0000e+00
6.2415e+05	2.6009e+00	2.2751e-01	0.0000e+00
6.2415e+05	2.5983e+00	2.2718e-01	0.0000e+00
6.2415e+05	2.5953e+00	2.2686e-01	0.0000e+00
6.2415e+05	2.5921e+00	2.2655e-01	0.0000e+00
6.2415e+05	2.5887e+00	2.2630e-01	0.0000e+00
6.2415e+05	2.5855e+00	2.2604e-01	0.0000e+00
6.2415e+05	2.5834e+00	2.2582e-01	0.0000e+00
6.2415e+05	2.5816e+00	2.2555e-01	0.0000e+00
6.2416e+05	2.5804e+00	2.2527e-01	0.0000e+00
6.2416e+05	2.5799e+00	2.2501e-01	0.0000e+00
6.2416e+05	2.5785e+00	2.2476e-01	0.0000e+00
6.2416e+05	2.5771e+00	2.2459e-01	0.0000e+00
6.2416e+05	2.5758e+00	2.2444e-01	0.0000e+00
6.2416e+05	2.5743e+00	2.2433e-01	0.0000e+00
6.2416e+05	2.5725e+00	2.2422e-01	0.0000e+00
6.2416e+05	2.5712e+00	2.2408e-01	0.0000e+00
6.2416e+05	2.5705e+00	2.2393e-01	0.0000e+00
6.2416e+05	2.5701e+00	2.2380e-01	0.0000e+00
6.2416e+05	2.5690e+00	2.2363e-01	0.0000e+00
6.2416e+05	2.5677e+00	2.2345e-01	0.0000e+00
6.2416e+05	2.5666e+00	2.2325e-01	0.0000e+00
6.2416e+05	2.5649e+00	2.2315e-01	0.0000e+00
6.2416e+05	2.5636e+00	2.2308e-01	0.0000e+00
6.2416e+05	2.5624e+00	2.2307e-01	0.0000e+00
6.2416e+05	2.5614e+00	2.2304e-01	0.0000e+00
6.2416e+05	2.5613e+00	2.2301e-01	0.0000e+00
6.2416e+05	2.5611e+00	2.2306e-01	0.0000e+00
6.2416e+05	2.5600e+00	2.2316e-01	0.0000e+00
6.2416e+05	2.5592e+00	2.2324e-01	0.0000e+00
6.2416e+05	2.5586e+00	2.2330e-01	0.0000e+00
6.2416e+05	2.5580e+00	2.2337e-01	0.0000e+00
6.2416e+05	2.5577e+00	2.2340e-01	0.0000e+00
6.2416e+05	2.5570e+00	2.2346e-01	0.0000e+00
6.2416e+05	2.5563e+00	2.2354e-01	0.0000e+00
6.2416e+05	2.5563e+00	2.2362e-01	0.0000e+00
6.2416e+05	2.5570e+00	2.2374e-01	0.0000e+00
6.2416e+05	2.5577e+00	2.2386e-01	0.0000e+00
6.2416e+05	2.5590e+00	2.2400e-01	0.0000e+00
6.2416e+05	2.5609e+00	2.2411e-01	0.0000e+00
6.2416e+05	2.5622e+00	2.2425e-01	0.0000e+00
6.2416e+05	2.5635e+00	2.2440e-01	0.0000e+00
6.2416e+05	2.5656e+00	2.2452e-01	0.0000e+00
6.2416e+05	2.5676e+00	2.2463e-01	0.0000e+00
6.2416e+05	2.5707e+00	2.2468e-01	0.0000e+00
6.2416e+05	2.5738e+00	2.2476e-01	0.0000e+00
6.2416e+05	2.5762e+00	2.2483e-01	0.0000e+00
6.2416e+05	2.5782e+00	2.2487e-01	0.0000e+00
6.2416e+05	2.5806e+00	2.2483e-01	0.0000e+00
6.2416e+05	2.5830e+00	2.2477e-01	0.0000e+00
6.2416e+05	2.5862e+00	2.2471e-01	0.0000e+00
6.2416e+05	2.5891e+00	2.2470e-01	0.0000e+00
6.2416e+05	2.5924e+00	2.2470e-01	0.0000e+00
6.2416e+05	2.5947e+00	2.2471e-01	0.0000e+00
6.2416e+05	2.5973e+00	2.2475e-01	0.0000e+00
6.2416e+05	2.5988e+00	2.2482e-01	0.0000e+00
6.2416e+05	2.6006e+00	2.2481e-01	0.0000e+00
6.2416e+05	2.6014e+00	2.2481e-01	0.0000e+00
6.2416e+05	2.6011e+00	2.2481e-01	0.0000e+00
6.2416e+05	2.5997e+00	2.2484e-01	0.0000e+00
6.2416e+05	2.5984e+00	2.2482e-01	0.0000e+00
6.2416e+05	2.5969e+00	2.2478e-01	0.0000e+00
6.2416e+05	2.5958e+00	2.2475e-01	0.0000e+00
6.2416e+05	2.5946e+00	2.2476e-01	0.0000e+00
6.2416e+05	2.5931e+00	2.2482e-01	0.0000e+00
6.2416e+05	2.5915e+00	2.2490e-01	0.0000e+00
6.2416e+05	2.5899e+00	2.2497e-01	0.0000e+00
6.2416e+05	2.5900e+00	2.2506e-01	0.0000e+00
6.2416e+05	2.5890e+00	2.2523e-01	0.0000e+00
6.2416e+05	2.5877e+00	2.2541e-01	0.0000e+00
6.2416e+05	2.5852e+00	2.2560e-01	0.0000e+00
6.2416e+05	2.5832e+00	2.2579e-01	0.0000e+00
6.2416e+05	2.5818e+00	2.2599e-01	0.0000e+00
6.2416e+05	2.5803e+00	2.2619e-01	0.0000e+00
6.2416e+05	2.5793e+00	2.2640e-01	0.0000e+00
6.2416e+05	2.5791e+00	2.2659e-01	0.0000e+00
6.2416e+05	2.5805e+00	2.2677e-01	0.0000e+00
6.2416e+05	2.5823e+00	2.2697e-01	0.0000e+00
6.2416e+05	2.5840e+00	2.2716e-01	0.0000e+00
6.2416e+05	2.5854e+00	2.2739e-01	0.0000e+00
6.2416e+05	2.5863e+00	2.2764e-01	0.0000e+00
6.2416e+05	2.5878e+00	2.2793e-01	0.0000e+00
6.2416e+05	2.5893e+00	2.2823e-01	0.0000e+00
6.2416e+05	2.5912e+00	2.2852e-01	0.0000e+00
6.2416e+05	2.5946e+00	2.2875e-01	0.0000e+00
6.2416e+05	2.5985e+00	2.2897e-01	0.0000e+00
6.2416e+05	2.6027e+00	2.2922e-01	0.0000e+00
6.2416e+05	2.6068e+00	2.2951e-01	0.0000e+00
6.2416e+05	2.6109e+00	2.2974e-01	0.0000e+00
6.2416e+05	2.6156e+00	2.2995e-01	0.0000e+00
6.2416e+05	2.6216e+00	2.3010e-01	0.0000e+00
6.2416e+05	2.6284e+00	2.3022e-01	0.0000e+00
6.2416e+05	2.6339e+00	2.3036e-01	0.0000e+00
6.2416e+05	2.6396e+00	2.3045e-01	0.0000e+00
6.2416e+05	2.6454e+00	2.3051e-01	0.0000e+00
6.2416e+05	2.6511e+00	2.3057e-01	0.0000e+00
6.2416e+05	2.6563e+00	2.3066e-01	0.0000e+00
6.2416e+05	2.6607e+00	2.3080e-01	0.0000e+00
6.2416e+05	2.6655e+00	2.3096e-01	0.0000e+00
6.2416e+05	2.6718e+00	2.3107e-01	0.0000e+00
6.2416e+05	2.6779e+00	2.3118e-01	0.0000e+00
6.2416e+05	2.6841e+00	2.3119e-01	0.0000e+00
6.2416e+05	2.6896e+00	2.3121e-01	0.0000e+00
6.2416e+05	2.6929e+00	2.3122e-01	0.0000e+00
6.2416e+05	2.6952e+00	2.3122e-01	0.0000e+00
6.2416e+05	2.6974e+00	2.3121e-01	0.0000e+00
6.2416e+05	2.7003e+00	2.3118e-01	0.0000e+00
6.2416e+05	2.7029e+00	2.3118e-01	0.0000e+00
6.2416e+05	2.7044e+00	2.3120e-01	0.0000e+00
6.2417e+05	2.7067e+00	2.3116e-01	0.0000e+00
6.2417e+05	2.7095e+00	2.3113e-01	0.0000e+00
6.2417e+05	2.7109e+00	2.3113e-01	0.0000e+00
6.2417e+05	2.7120e+00	2.3115e-01	0.0000e+00
6.2417e+05	2.7131e+00	2.3116e-01	0.0000e+00
6.2417e+05	2.7146e+00	2.3128e-01	0.0000e+00
6.2417e+05	2.7167e+00	2.3135e-01	0.0000e+00
6.2417e+05	2.7163e+00	2.3131e-01	0.0000e+00
6.2417e+05	2.7163e+00	2.3127e-01	0.0000e+00
6.2417e+05	2.7158e+00	2.3119e-01	0.0000e+00
6.2417e+05	2.7148e+00	2.3105e-01	0.0000e+00
6.2417e+05	2.7129e+00	2.3095e-01	0.0000e+00
6.2417e+05	2.7111e+00	2.3088e-01	0.0000e+00
6.2417e+05	2.7094e+00	2.3080e-01	0.0000e+00
6.2417e+05	2.7090e+00	2.3068e-01	0.0000e+00
6.2417e+05	2.7090e+00	2.3054e-01	0.0000e+00
6.2417e+05	2.7073e+00	2.3032e-01	0.0000e+00
6.2417e+05	2.7052e+00	2.3017e-01	0.0000e+00
6.2417e+05	2.7041e+00	2.3002e-01	0.0000e+00
6.2417e+05	2.7016e+00	2.2988e-01	0.0000e+00
6.2417e+05	2.6996e+00	2.2972e-01	0.0000e+00
6.2417e+05	2.6973e+00	2.2952e-01	0.0000e+00
6.2417e+05	2.6947e+00	2.2932e-01	0.0000e+00
6.2417e+05	2.6927e+00	2.2913e-01	0.0000e+00
6.2417e+05	2.6902e+00	2.2901e-01	0.0000e+00
6.2417e+05	2.6877e+00	2.2887e-01	0.0000e+00
6.2417e+05	2.6842e+00	2.2876e-01	0.0000e+00
6.2417e+05	2.6817e+00	2.2861e-01	0.0000e+00
6.2417e+05	2.6787e+00	2.2851e-01	0.0000e+00
6.2417e+05	2.6760e+00	2.2846e-01	0.0000e+00
6.2417e+05	2.6733e+00	2.2843e-01	0.0000e+00
6.2417e+05	2.6707e+00	2.2838e-01	0.0000e+00
6.2417e+05	2.6683e+00	2.2831e-01	0.0000e+00
6.2417e+05	2.6658e+00	2.2823e-01	0.0000e+00
6.2417e+05	2.6630e+00	2.2825e-01	0.0000e+00
6.2417e+05	2.6594e+00	2.2832e-01	0.0000e+00
6.2417e+05	2.6564e+00	2.2844e-01	0.0000e+00
6.2417e+05	2.6535e+00	2.2855e-01	0.0000e+00
6.2417e+05	2.6510e+00	2.2865e-01	0.0000e+00
6.2417e+05	2.6486e+00	2.2876e-01	0.0000e+00
6.2417e+05	2.6463e+00	2.2893e-01	0.0000e+00
6.2417e+05	2.6440e+00	2.2907e-01	0.0000e+00
6.2417e+05	2.6421e+00	2.2935e-01	0.0000e+00
6.2417e+05	2.6407e+00	2.2966e-01	0.0000e+00
6.2417e+05	2.6387e+00	2.2998e-01	0.0000e+00
6.2417e+05	2.6369e+00	2.3031e-01	0.0000e+00
6.2417e+05	2.6361e+00	2.3070e-01	0.0000e+00
6.2417e+05	2.6343e+00	2.3106e-01	0.0000e+00
6.2417e+05	2.6333e+00	2.3135e-01	0.0000e+00
6.2417e+05	2.6310e+00	2.3166e-01	0.0000e+00
6.2417e+05	2.6289e+00	2.3197e-01	0.0000e+00
6.2417e+05	2.6269e+00	2.3229e-01	0.0000e+00
6.2417e+05	2.6252e+00	2.3260e-01	0.0000e+00
6.2417e+05	2.6234e+00	2.3289e-01	0.0000e+00
6.2417e+05	2.6226e+00	2.3323e-01	0.0000e+00
6.2417e+05	2.6218e+00	2.3356e-01	0.0000e+00
6.2417e+05	2.6207e+00	2.3385e-01	0.0000e+00
6.2417e+05	2.6196e+00	2.3407e-01	0.0000e+00
6.2417e+05	2.6178e+00	2.3429e-01	0.0000e+00
6.2417e+05	2.6162e+00	2.3454e-01	0.0000e+00
6.2417e+05	2.6135e+00	2.3480e-01	0.0000e+00
6.2417e+05	2.6111e+00	2.3505e-01	0.0000e+00
6.2417e+05	2.6089e+00	2.3522e-01	0.0000e+00
6.2417e+05	2.6075e+00	2.3542e-01	0.0000e+00
6.2417e+05	2.6055e+00	2.3568e-01	0.0000e+00
6.2417e+05	2.6039e+00	2.3592e-01	0.0000e+00
6.2417e+05	2.6010e+00	2.3616e-01	0.0000e+00
6.2417e+05	2.5982e+00	2.3635e-01	0.0000e+00
6.2417e+05	2.5966e+00	2.3652e-01	0.0000e+00
6.2417e+05	2.5948e+00	2.3668e-01	0.0000e+00
6.2417e+05	2.5928e+00	2.3688e-01	0.0000e+00
6.2417e+05	2.5906e+00	2.3703e-01	0.0000e+00
6.2417e+05	2.5891e+00	2.3723e-01	0.0000e+00
6.2417e+05	2.5875e+00	2.3750e-01	0.0000e+00
6.2417e+05	2.5857e+00	2.3777e-01	0.0000e+00
6.2417e+05	2.5829e+00	2.3807e-01	0.0000e+00
6.2417e+05	2.5794e+00	2.3837e-01	0.0000e+00
6.2417e+05	2.5769e+00	2.3862e-01	0.0000e+00
6.2417e+05	2.5743e+00	2.3885e-01	0.0000e+00
6.2417e+05	2.5718e+00	2.3903e-01	0.0000e+00
6.2417e+05	2.5692e+00	2.3926e-01	0.0000e+00
6.2417e+05	2.5676e+00	2.3949e-01	0.0000e+00
6.2417e+05	2.5658e+00	2.3975e-01	0.0000e+00
6.2417e+05	2.5636e+00	2.4005e-01	0.0000e+00
6.2417e+05	2.5610e+00	2.4031e-01	0.0000e+00
6.2417e+05	2.5583e+00	2.4059e-01	0.0000e+00
6.2417e+05	2.5557e+00	2.4081e-01	0.0000e+00
6.2417e+05	2.5543e+00	2.4099e-01	0.0000e+00
6.2417e+05	2.5528e+00	2.4127e-01	0.0000e+00
6.2417e+05	2.5524e+00	2.4152e-01	0.0000e+00
6.2417e+05	2.5516e+00	2.4178e-01	0.0000e+00
6.2417e+05	2.5505e+00	2.4202e-01	0.0000e+00
6.2417e+05	2.5493e+00	2.4226e-01	0.0000e+00
6.2417e+05	2.5490e+00	2.4247e-01	0.0000e+00
6.2417e+05	2.5485e+00	2.4271e-01	0.0000e+00
6.2417e+05	2.5479e+00	2.4298e-01	0.0000e+00
6.2417e+05	2.5481e+00	2.4330e-01	0.0000e+00
6.2417e+05	2.5489e+00	2.4361e-01	0.0000e+00
6.2417e+05	2.5503e+00	2.4391e-01	0.0000e+00
6.2417e+05	2.5523e+00	2.4422e-01	0.0000e+00
6.2418e+05	2.5532e+00	2.4456e-01	0.0000e+00
6.2418e+05	2.5541e+00	2.4490e-01	0.0000e+00
6.2418e+05	2.5550e+00	2.4520e-01	0.0000e+00
6.2418e+05	2.5558e+00	2.4543e-01	0.0000e+00
6.2418e+05	2.5569e+00	2.4561e-01	0.0000e+00
6.2418e+05	2.5576e+00	2.4583e-01	0.0000e+00
6.2418e+05	2.5580e+00	2.4614e-01	0.0000e+00
6.2418e+05	2.5588e+00	2.4644e-01	0.0000e+00
6.2418e+05	2.5595e+00	2.4675e-01	0.0000e+00
6.2418e+05	2.5609e+00	2.4703e-01	0.0000e+00
6.2418e+05	2.5625e+00	2.4735e-01	0.0000e+00
6.2418e+05	2.5651e+00	2.4766e-01	0.0000e+00
6.2418e+05	2.5671e+00	2.4798e-01	0.0000e+00
6.2418e+05	2.5684e+00	2.4823e-01	0.0000e+00
6.2418e+05	2.5696e+00	2.4843e-01	0.0000e+00
6.2418e+05	2.5714e+00	2.4854e-01	0.0000e+00
6.2418e+05	2.5730e+00	2.4867e-01	0.0000e+00
6.2418e+05	2.5735e+00	2.4885e-01	0.0000e+00
6.2418e+05	2.5742e+00	2.4900e-01	0.0000e+00
6.2418e+05	2.5755e+00	2.4911e-01	0.0000e+00
6.2418e+05	2.5772e+00	2.4923e-01	0.0000e+00
6.2418e+05	2.5785e+00	2.4930e-01	0.0000e+00
6.2418e+05	2.5799e+00	2.4946e-01	0.0000e+00
6.2418e+05	2.5817e+00	2.4961e-01	0.0000e+00
6.2418e+05	2.5844e+00	2.4978e-01	0.0000e+00
6.2418e+05	2.5876e+00	2.4982e-01	0.0000e+00
6.2418e+05	2.5901e+00	2.4982e-01	0.0000e+00
6.2418e+05	2.5920e+00	2.4977e-01	0.0000e+00
6.2418e+05	2.5926e+00	2.4968e-01	0.0000e+00
6.2418e+05	2.5924e+00	2.4957e-01	0.0000e+00
6.2418e+05	2.5912e+00	2.4943e-01	0.0000e+00
6.2418e+05	2.5908e+00	2.4933e-01	0.0000e+00
6.2418e+05	2.5908e+00	2.4924e-01	0.0000e+00
6.2418e+05	2.5913e+00	2.4904e-01	0.0000e+00
6.2418e+05	2.5934e+00	2.4891e-01	0.0000e+00
6.2418e+05	2.5956e+00	2.4880e-01	0.0000e+00
6.2418e+05	2.5974e+00	2.4862e-01	0.0000e+00
6.2418e+05	2.5985e+00	2.4847e-01	0.0000e+00
6.2418e+05	2.5994e+00	2.4824e-01	0.0000e+00
6.2418e+05	2.5985e+00	2.4805e-01	0.0000e+00
6.2418e+05	2.5976e+00	2.4785e-01	0.0000e+00
6.2418e+05	2.5976e+00	2.4765e-01	0.0000e+00
6.2418e+05	2.5974e+00	2.4741e-01	0.0000e+00
6.2418e+05	2.5983e+00	2.4709e-01	0.0000e+00
6.2418e+05	2.5997e+00	2.4679e-01	0.0000e+00
6.2418e+05	2.6016e+00	2.4658e-01	0.0000e+00
6.2418e+05	2.6033e+00	2.4641e-01	0.0000e+00
6.2418e+05	2.6048e+00	2.4622e-01	0.0000e+00
6.2418e+05	2.6064e+00	2.4602e-01	0.0000e+00
6.2418e+05	2.6081e+00	2.4586e-01	0.0000e+00
6.2418e+05	2.6096e+00	2.4572e-01	0.0000e+00
6.2418e+05	2.6104e+00	2.4554e-01	0.0000e+00
6.2418e+05	2.6118e+00	2.4536e-01	0.0000e+00
6.2418e+05	2.6126e+00	2.4517e-01	0.0000e+00
6.2418e+05	2.6144e+00	2.4503e-01	0.0000e+00
6.2418e+05	2.6163e+00	2.4498e-01	0.0000e+00
6.2418e+05	2.6178e+00	2.4497e-01	0.0000e+00
6.2418e+05	2.6204e+00	2.4493e-01	0.0000e+00
6.2418e+05	2.6242e+00	2.4488e-01	0.0000e+00
6.2418e+05	2.6286e+00	2.4488e-01	0.0000e+00
6.2418e+05	2.6336e+00	2.4482e-01	0.0000e+00
6.2418e+05	2.6383e+00	2.4480e-01	0.0000e+00
6.2418e+05	2.6400e+00	2.4481e-01	0.0000e+00
6.2418e+05	2.6430e+00	2.4486e-01	0.0000e+00
6.2418e+05	2.6452e+00	2.4497e-01	0.0000e+00
6.2418e+05	2.6473e+00	2.4507e-01	0.0000e+00
6.2418e+05	2.6498e+00	2.4521e-01	0.0000e+00
6.2418e+05	2.6523e+00	2.4532e-01	0.0000e+00
6.2418e+05	2.6560e+00	2.4551e-01	0.0000e+00
6.2418e+05	2.6604e+00	2.4567e-01	0.0000e+00
6.2418e+05	2.6651e+00	2.4579e-01	0.0000e+00
6.2418e+05	2.6719e+00	2.4595e-01	0.0000e+00
6.2418e+05	2.6801e+00	2.4613e-01	0.0000e+00
6.2418e+05	2.6866e+00	2.4635e-01	0.0000e+00
6.2418e+05	2.6910e+00	2.4655e-01	0.0000e+00
6.2418e+05	2.6943e+00	2.4670e-01	0.0000e+00
6.2418e+05	2.6982e+00	2.4681e-01	0.0000e+00
6.2418e+05	2.7023e+00	2.4695e-01	0.0000e+00
6.2418e+05	2.7066e+00	2.4715e-01	0.0000e+00
6.2418e+05	2.7107e+00	2.4737e-01	0.0000e+00
6.2418e+05	2.7153e+00	2.4761e-01	0.0000e+00
6.2418e+05	2.7204e+00	2.4778e-01	0.0000e+00
6.2418e+05	2.7267e+00	2.4792e-01	0.0000e+00
6.2418e+05	2.7329e+00	2.4805e-01	0.0000e+00
6.2418e+05	2.7380e+00	2.4821e-01	0.0000e+00
6.2418e+05	2.7430e+00	2.4831e-01	0.0000e+00
6.2418e+05	2.7479e+00	2.4840e-01	0.0000e+00
6.2418e+05	2.7525e+00	2.4839e-01	0.0000e+00
6.2418e+05	2.7567e+00	2.4841e-01	0.0000e+00
6.2418e+05	2.7610e+00	2.4844e-01	0.0000e+00
6.2418e+05	2.7648e+00	2.4847e-01	0.0000e+00
6.2418e+05	2.7690e+00	2.4847e-01	0.0000e+00
6.2418e+05	2.7729e+00	2.4845e-01	0.0000e+00
6.2418e+05	2.7756e+00	2.4841e-01	0.0000e+00
6.2418e+05	2.7787e+00	2.4835e-01	0.0000e+00
6.2418e+05	2.7818e+00	2.4834e-01	0.0000e+00
6.2418e+05	2.7848e+00	2.4835e-01	0.0000e+00
6.2418e+05	2.7873e+00	2.4834e-01	0.0000e+00
6.2418e+05	2.7891e+00	2.4830e-01	0.0000e+00
6.2418e+05	2.7912e+00	2.4828e-01	0.0000e+00
6.2419e+05	2.7929e+00	2.4823e-01	0.0000e+00
6.2419e+05	2.7935e+00	2.4820e-01	0.0000e+00
6.2419e+05	2.7941e+00	2.4824e-01	0.0000e+00
6.2419e+05	2.7946e+00	2.4824e-01	0.0000e+00
6.2419e+05	2.7954e+00	2.4818e-01	0.0000e+00
6.2419e+05	2.7960e+00	2.4819e-01	0.0000e+00
6.2419e+05	2.7975e+00	2.4829e-01	0.0000e+00
6.2419e+05	2.7982e+00	2.4849e-01	0.0000e+00
6.2419e+05	2.7985e+00	2.4861e-01	0.0000e+00
6.2419e+05	2.7990e+00	2.4873e-01	0.0000e+00
6.2419e+05	2.7996e+00	2.4885e-01	0.0000e+00
6.2419e+05	2.8001e+00	2.4900e-01	0.0000e+00
6.2419e+05	2.8008e+00	2.4917e-01	0.0000e+00
6.2419e+05	2.8016e+00	2.4935e-01	0.0000e+00
6.2419e+05	2.8024e+00	2.4949e-01	0.0000e+00
6.2419e+05	2.8026e+00	2.4967e-01	0.0000e+00
6.2419e+05	2.8028e+00	2.4987e-01	0.0000e+00
6.2419e+05	2.8022e+00	2.5004e-01	0.0000e+00
6.2419e+05	2.8026e+00	2.5014e-01	0.0000e+00
6.2419e+05	2.8026e+00	2.5031e-01	0.0000e+00
6.2419e+05	2.8030e+00	2.5047e-01	0.0000e+00
6.2419e+05	2.8027e+00	2.5061e-01	0.0000e+00
6.2419e+05	2.8028e+00	2.5073e-01	0.0000e+00
6.2419e+05	2.8029e+00	2.5091e-01	0.0000e+00
6.2419e+05	2.8025e+00	2.5106e-01	0.0000e+00
6.2419e+05	2.8005e+00	2.5120e-01	0.0000e+00
6.2419e+05	2.7978e+00	2.5126e-01	0.0000e+00
6.2419e+05	2.7943e+00	2.5125e-01	0.0000e+00
6.2419e+05	2.7912e+00	2.5130e-01	0.0000e+00
6.2419e+05	2.7882e+00	2.5137e-01	0.0000e+00
6.2419e+05	2.7854e+00	2.5150e-01	0.0000e+00
6.2419e+05	2.7830e+00	2.5163e-01	0.0000e+00
6.2419e+05	2.7800e+00	2.5175e-01	0.0000e+00
6.2419e+05	2.7759e+00	2.5186e-01	0.0000e+00
6.2419e+05	2.7728e+00	2.5197e-01	0.0000e+00
6.2419e+05	2.7688e+00	2.5204e-01	0.0000e+00
6.2419e+05	2.7648e+00	2.5210e-01	0.0000e+00
6.2419e+05	2.7616e+00	2.5218e-01	0.0000e+00
6.2419e+05	2.7583e+00	2.5229e-01	0.0000e+00
6.2419e+05	2.7544e+00	2.5243e-01	0.0000e+00
6.2419e+05	2.7507e+00	2.5258e-01	0.0000e+00
6.2419e+05	2.7456e+00	2.5272e-01	0.0000e+00
6.2419e+05	2.7412e+00	2.5284e-01	0.0000e+00
6.2419e+05	2.7362e+00	2.5298e-01	0.0000e+00
6.2419e+05	2.7337e+00	2.5307e-01	0.0000e+00
6.2419e+05	2.7309e+00	2.5306e-01	0.0000e+00
6.2419e+05	2.7284e+00	2.5311e-01	0.0000e+00
6.2419e+05	2.7252e+00	2.5317e-01	0.0000e+00
6.2419e+05	2.7224e+00	2.5319e-01	0.0000e+00
6.2419e+05	2.7200e+00	2.5321e-01	0.0000e+00
6.2419e+05	2.7174e+00	2.5319e-01	0.0000e+00
6.2419e+05	2.7154e+00	2.5314e-01	0.0000e+00
6.2419e+05	2.7138e+00	2.5309e-01	0.0000e+00
6.2419e+05	2.7110e+00	2.5309e-01	0.0000e+00
6.2419e+05	2.7090e+00	2.5305e-01	0.0000e+00
6.2419e+05	2.7070e+00	2.5301e-01	0.0000e+00
6.2419e+05	2.7050e+00	2.5295e-01	0.0000e+00
6.2419e+05	2.7037e+00	2.5281e-01	0.0000e+00
6.2419e+05	2.7012e+00	2.5272e-01	0.0000e+00
6.2419e+05	2.6994e+00	2.5255e-01	0.0000e+00
6.2419e+05	2.6977e+00	2.5239e-01	0.0000e+00
6.2419e+05	2.6980e+00	2.5225e-01	0.0000e+00
6.2419e+05	2.6982e+00	2.5212e-01	0.0000e+00
6.2419e+05	2.6977e+00	2.5196e-01	0.0000e+00
6.2419e+05	2.6975e+00	2.5186e-01	0.0000e+00
6.2419e+05	2.6970e+00	2.5175e-01	0.0000e+00
6.2419e+05	2.6957e+00	2.5165e-01	0.0000e+00
6.2419e+05	2.6943e+00	2.5153e-01	0.0000e+00
6.2419e+05	2.6923e+00	2.5141e-01	0.0000e+00
6.2419e+05	2.6913e+00	2.5128e-01	0.0000e+00
6.2419e+05	2.6907e+00	2.5118e-01	0.0000e+00
6.2419e+05	2.6913e+00	2.5108e-01	0.0000e+00
6.2419e+05	2.6907e+00	2.5092e-01	0.0000e+00
6.2419e+05	2.6906e+00	2.5076e-01	0.0000e+00
6.2419e+05	2.6895e+00	2.5061e-01	0.0000e+00
6.2419e+05	2.6864e+00	2.5046e-01	0.0000e+00
6.2419e+05	2.6831e+00	2.5033e-01	0.0000e+00
6.2419e+05	2.6794e+00	2.5024e-01	0.0000e+00
6.2419e+05	2.6749e+00	2.5011e-01	0.0000e+00
6.2419e+05	2.6704e+00	2.5000e-01	0.0000e+00
6.2419e+05	2.6649e+00	2.4983e-01	0.0000e+00
6.2419e+05	2.6592e+00	2.4961e-01	0.0000e+00
6.2419e+05	2.6528e+00	2.4949e-01	0.0000e+00
6.2419e+05	2.6473e+00	2.4934e-01	0.0000e+00
6.2419e+05	2.6406e+00	2.4920e-01	0.0000e+00
6.2419e+05	2.6341e+00	2.4915e-01	0.0000e+00
6.2419e+05	2.6286e+00	2.4908e-01	0.0000e+00
6.2419e+05	2.6238e+00	2.4904e-01	0.0000e+00
6.2419e+05	2.6186e+00	2.4898e-01	0.0000e+00
6.2419e+05	2.6132e+00	2.4891e-01	0.0000e+00
6.2419e+05	2.6066e+00	2.4877e-01	0.0000e+00
6.2419e+05	2.6005e+00	2.4865e-01	0.0000e+00
6.2419e+05	2.5956e+00	2.4861e-01	0.0000e+00
6.2419e+05	2.5906e+00	2.4861e-01	0.0000e+00
6.2419e+05	2.5874e+00	2.4862e-01	0.0000e+00
6.2419e+05	2.5855e+00	2.4872e-01	0.0000e+00
6.2419e+05	2.5840e+00	2.4874e-01	0.0000e+00
6.2419e+05	2.5822e+00	2.4873e-01	0.0000e+00
6.2419e+05	2.5810e+00	2.4873e-01	0.0000e+00
6.2419e+05	2.5811e+00	2.4869e-01	0.0000e+00
6.2420e+05	2.5803e+00	2.4871e-01	0.0000e+00
6.2420e+05	2.5793e+00	2.4881e-01	0.0000e+00
6.2420e+05	2.5789e+00	2.4890e-01	0.0000e+00
6.2420e+05	2.5786e+00	2.4896e-01	0.0000e+00
6.2420e+05	2.5784e+00	2.4899e-01	0.0000e+00
6.2420e+05	2.5791e+00	2.4895e-01	0.0000e+00
6.2420e+05	2.5801e+00	2.4884e-01	0.0000e+00
6.2420e+05	2.5838e+00	2.4874e-01	0.0000e+00
6.2420e+05	2.5869e+00	2.4865e-01	0.0000e+00
6.2420e+05	2.5905e+00	2.4855e-01	0.0000e+00
6.2420e+05	2.5936e+00	2.4847e-01	0.0000e+00
6.2420e+05	2.5960e+00	2.4843e-01	0.0000e+00
6.2420e+05	2.5986e+00	2.4839e-01	0.0000e+00
6.2420e+05	2.6014e+00	2.4833e-01	0.0000e+00
6.2420e+05	2.6047e+00	2.4827e-01	0.0000e+00
6.2420e+05	2.6090e+00	2.4822e-01	0.0000e+00
6.2420e+05	2.6128e+00	2.4819e-01	0.0000e+00
6.2420e+05	2.6164e+00	2.4818e-01	0.0000e+00
6.2420e+05	2.6208e+00	2.4817e-01	0.0000e+00
6.2420e+05	2.6252e+00	2.4816e-01	0.0000e+00
6.2420e+05	2.6301e+00	2.4810e-01	0.0000e+00
6.2420e+05	2.6348e+00	2.4805e-01	0.0000e+00
6.2420e+05	2.6378e+00	2.4801e-01	0.0000e+00
6.2420e+05	2.6418e+00	2.4795e-01	0.0000e+00
6.2420e+05	2.6461e+00	2.4789e-01	0.0000e+00
6.2420e+05	2.6492e+00	2.4781e-01	0.0000e+00
6.2420e+05	2.6522e+00	2.4773e-01	0.0000e+00
6.2420e+05	2.6550e+00	2.4774e-01	0.0000e+00
6.2420e+05	2.6575e+00	2.4776e-01	0.0000e+00
6.2420e+05	2.6605e+00	2.4780e-01	0.0000e+00
6.2420e+05	2.6639e+00	2.4779e-01	0.0000e+00
6.2420e+05	2.6670e+00	2.4778e-01	0.0000e+00
6.2420e+05	2.6697e+00	2.4777e-01	0.0000e+00
6.2420e+05	2.6720e+00	2.4773e-01	0.0000e+00
6.2420e+05	2.6733e+00	2.4771e-01	0.0000e+00
6.2420e+05	2.6748e+00	2.4767e-01	0.0000e+00
6.2420e+05	2.6754e+00	2.4762e-01	0.0000e+00
6.2420e+05	2.6758e+00	2.4757e-01	0.0000e+00
6.2420e+05	2.6753e+00	2.4757e-01	0.0000e+00
6.2420e+05	2.6759e+00	2.4763e-01	0.0000e+00
6.2420e+05	2.6769e+00	2.4769e-01	0.0000e+00
6.2420e+05	2.6778e+00	2.4768e-01	0.0000e+00
6.2420e+05	2.6779e+00	2.4758e-01	0.0000e+00
6.2420e+05	2.6767e+00	2.4752e-01	0.0000e+00
6.2420e+05	2.6759e+00	2.4742e-01	0.0000e+00
6.2420e+05	2.6742e+00	2.4736e-01	0.0000e+00
6.2420e+05	2.6732e+00	2.4724e-01	0.0000e+00
6.2420e+05	2.6721e+00	2.4715e-01	0.0000e+00
6.2420e+05	2.6709e+00	2.4709e-01	0.0000e+00
6.2420e+05	2.6702e+00	2.4700e-01	0.0000e+00
6.2420e+05	2.6693e+00	2.4693e-01	0.0000e+00
6.2420e+05	2.6687e+00	2.4682e-01	0.0000e+00
6.2420e+05	2.6679e+00	2.4669e-01	0.0000e+00
6.2420e+05	2.6675e+00	2.4659e-01	0.0000e+00
6.2420e+05	2.6663e+00	2.4641e-01	0.0000e+00
6.2420e+05	2.6652e+00	2.4623e-01	0.0000e+00
6.2420e+05	2.6645e+00	2.4610e-01	0.0000e+00
6.2420e+05	2.6636e+00	2.4600e-01	0.0000e+00
6.2420e+05	2.6627e+00	2.4583e-01	0.0000e+00
6.2420e+05	2.6622e+00	2.4562e-01	0.0000e+00
6.2420e+05	2.6624e+00	2.4544e-01	0.0000e+00
6.2420e+05	2.6623e+00	2.4528e-01	0.0000e+00
6.2420e+05	2.6615e+00	2.4514e-01	0.0000e+00
6.2420e+05	2.6602e+00	2.4499e-01	0.0000e+00
6.2420e+05	2.6597e+00	2.4476e-01	0.0000e+00
6.2420e+05	2.6591e+00	2.4454e-01	0.0000e+00
6.2420e+05	2.6599e+00	2.4434e-01	0.0000e+00
6.2420e+05	2.6611e+00	2.4420e-01	0.0000e+00
6.2420e+05	2.6618e+00	2.4404e-01	0.0000e+00
6.2420e+05	2.6621e+00	2.4391e-01	0.0000e+00
6.2420e+05	2.6629e+00	2.4375e-01	0.0000e+00
6.2420e+05	2.6637e+00	2.4360e-01	0.0000e+00
6.2420e+05	2.6645e+00	2.4345e-01	0.0000e+00
6.2420e+05	2.6648e+00	2.4333e-01	0.0000e+00
6.2420e+05	2.6650e+00	2.4320e-01	0.0000e+00
6.2420e+05	2.6654e+00	2.4309e-01	0.0000e+00
6.2420e+05	2.6658e+00	2.4300e-01	0.0000e+00
6.2420e+05	2.6661e+00	2.4289e-01	0.0000e+00
6.2420e+05	2.6664e+00	2.4282e-01	0.0000e+00
6.2420e+05	2.6666e+00	2.4279e-01	0.0000e+00
6.2420e+05	2.6666e+00	2.4275e-01	0.0000e+00
6.2420e+05	2.6672e+00	2.4271e-01	0.0000e+00
6.2420e+05	2.6679e+00	2.4264e-01	0.0000e+00
6.2420e+05	2.6686e+00	2.4256e-01	0.0000e+00
6.2420e+05	2.6696e+00	2.4254e-01	0.0000e+00
6.2420e+05	2.6700e+00	2.4248e-01	0.0000e+00
6.2420e+05	2.6699e+00	2.4243e-01	0.0000e+00
6.2420e+05	2.6687e+00	2.4242e-01	0.0000e+00
6.2420e+05	2.6682e+00	2.4236e-01	0.0000e+00
6.2420e+05	2.6667e+00	2.4235e-01	0.0000e+00
6.2420e+05	2.6662e+00	2.4233e-01	0.0000e+00
6.2420e+05	2.6658e+00	2.4235e-01	0.0000e+00
6.2420e+05	2.6656e+00	2.4230e-01	0.0000e+00
6.2420e+05	2.6656e+00	2.4222e-01	0.0000e+00
6.2420e+05	2.6663e+00	2.4210e-01	0.0000e+00
6.2420e+05	2.6665e+00	2.4196e-01	0.0000e+00
6.2420e+05	2.6662e+00	2.4183e-01	0.0000e+00
6.2420e+05	2.6660e+00	2.4169e-01	0.0000e+00
6.2420e+05	2.6659e+00	2.4154e-01	0.0000e+00
6.2420e+05	2.6654e+00	2.4138e-01	0.0000e+00
6.2421e+05	2.6654e+00	2.4117e-01	0.0000e+00
6.2421e+05	2.6653e+00	2.4102e-01	0.0000e+00
6.2421e+05	2.6655e+00	2.4085e-01	0.0000e+00
6.2421e+05	2.6655e+00	2.4069e-01	0.0000e+00
6.2421e+05	2.6655e+00	2.4052e-01	0.0000e+00
6.2421e+05	2.6660e+00	2.4031e-01	0.0000e+00
6.2421e+05	2.6666e+00	2.4003e-01	0.0000e+00
6.2421e+05	2.6671e+00	2.3975e-01	0.0000e+00
6.2421e+05	2.6681e+00	2.3937e-01	0.0000e+00
6.2421e+05	2.6686e+00	2.3897e-01	0.0000e+00
6.2421e+05	2.6691e+00	2.3858e-01	0.0000e+00
6.2421e+05	2.6696e+00	2.3821e-01	0.0000e+00
6.2421e+05	2.6700e+00	2.3786e-01	0.0000e+00
6.2421e+05	2.6703e+00	2.3758e-01	0.0000e+00
6.2421e+05	2.6710e+00	2.3732e-01	0.0000e+00
6.2421e+05	2.6725e+00	2.3708e-01	0.0000e+00
6.2421e+05	2.6737e+00	2.3679e-01	0.0000e+00
6.2421e+05	2.6747e+00	2.3647e-01	0.0000e+00
6.2421e+05	2.6749e+00	2.3615e-01	0.0000e+00
6.2421e+05	2.6750e+00	2.3589e-01	0.0000e+00
6.2421e+05	2.6755e+00	2.3559e-01	0.0000e+00
6.2421e+05	2.6761e+00	2.3529e-01	0.0000e+00
6.2421e+05	2.6767e+00	2.3500e-01	0.0000e+00
6.2421e+05	2.6757e+00	2.3479e-01	0.0000e+00
6.2421e+05	2.6736e+00	2.3460e-01	0.0000e+00
6.2421e+05	2.6715e+00	2.3443e-01	0.0000e+00
6.2421e+05	2.6699e+00	2.3432e-01	0.0000e+00
6.2421e+05	2.6684e+00	2.3428e-01	0.0000e+00
6.2421e+05	2.6683e+00	2.3427e-01	0.0000e+00
6.2421e+05	2.6688e+00	2.3427e-01	0.0000e+00
6.2421e+05	2.6700e+00	2.3428e-01	0.0000e+00
6.2421e+05	2.6712e+00	2.3426e-01	0.0000e+00
6.2421e+05	2.6718e+00	2.3419e-01	0.0000e+00
6.2421e+05	2.6720e+00	2.3420e-01	0.0000e+00
6.2421e+05	2.6712e+00	2.3422e-01	0.0000e+00
6.2421e+05	2.6694e+00	2.3426e-01	0.0000e+00
6.2421e+05	2.6677e+00	2.3433e-01	0.0000e+00
6.2421e+05	2.6670e+00	2.3441e-01	0.0000e+00
6.2421e+05	2.6663e+00	2.3450e-01	0.0000e+00
6.2421e+05	2.6667e+00	2.3460e-01	0.0000e+00
6.2421e+05	2.6668e+00	2.3472e-01	0.0000e+00
6.2421e+05	2.6669e+00	2.3487e-01	0.0000e+00
6.2421e+05	2.6674e+00	2.3501e-01	0.0000e+00
6.2421e+05	2.6668e+00	2.3519e-01	0.0000e+00
6.2421e+05	2.6657e+00	2.3534e-01	0.0000e+00
6.2421e+05	2.6638e+00	2.3552e-01	0.0000e+00
6.2421e+05	2.6612e+00	2.3567e-01	0.0000e+00
6.2421e+05	2.6585e+00	2.3580e-01	0.0000e+00
6.2421e+05	2.6557e+00	2.3592e-01	0.0000e+00
6.2421e+05	2.6521e+00	2.3602e-01	0.0000e+00
6.2421e+05	2.6485e+00	2.3615e-01	0.0000e+00
6.2421e+05	2.6440e+00	2.3639e-01	0.0000e+00
6.2421e+05	2.6395e+00	2.3662e-01	0.0000e+00
6.2421e+05	2.6347e+00	2.3685e-01	0.0000e+00
6.2421e+05	2.6294e+00	2.3707e-01	0.0000e+00
6.2421e+05	2.6241e+00	2.3723e-01	0.0000e+00
6.2421e+05	2.6188e+00	2.3740e-01	0.0000e+00
6.2421e+05	2.6128e+00	2.3756e-01	0.0000e+00
6.2421e+05	2.6064e+00	2.3778e-01	0.0000e+00
6.2421e+05	2.5993e+00	2.3791e-01	0.0000e+00
6.2421e+05	2.5922e+00	2.3806e-01	0.0000e+00
6.2421e+05	2.5853e+00	2.3821e-01	0.0000e+00
6.2421e+05	2.5789e+00	2.3832e-01	0.0000e+00
6.2421e+05	2.5725e+00	2.3845e-01	0.0000e+00
6.2421e+05	2.5666e+00	2.3853e-01	0.0000e+00
6.2421e+05	2.5616e+00	2.3864e-01	0.0000e+00
6.2421e+05	2.5572e+00	2.3876e-01	0.0000e+00
6.2421e+05	2.5532e+00	2.3893e-01	0.0000e+00
6.2421e+05	2.5489e+00	2.3910e-01	0.0000e+00
6.2421e+05	2.5446e+00	2.3932e-01	0.0000e+00
6.2421e+05	2.5395e+00	2.3949e-01	0.0000e+00
6.2421e+05	2.5333e+00	2.3960e-01	0.0000e+00
6.2421e+05	2.5270e+00	2.3966e-01	0.0000e+00
6.2421e+05	2.5221e+00	2.3973e-01	0.0000e+00
6.2421e+05	2.5197e+00	2.3986e-01	0.0000e+00
6.2421e+05	2.5184e+00	2.3999e-01	0.0000e+00
6.2421e+05	2.5173e+00	2.4012e-01	0.0000e+00
6.2421e+05	2.5167e+00	2.4027e-01	0.0000e+00
6.2421e+05	2.5161e+00	2.4046e-01	0.0000e+00
6.2421e+05	2.5149e+00	2.4068e-01	0.0000e+00
6.2421e+05	2.5140e+00	2.4089e-01	0.0000e+00
6.2421e+05	2.5132e+00	2.4111e-01	0.0000e+00
6.2421e+05	2.5113e+00	2.4134e-01	0.0000e+00
6.2421e+05	2.5099e+00	2.4155e-01	0.0000e+00
6.2421e+05	2.5096e+00	2.4173e-01	0.0000e+00
6.2421e+05	2.5094e+00	2.4193e-01	0.0000e+00
6.2421e+05	2.5098e+00	2.4214e-01	0.0000e+00
6.2421e+05	2.5101e+00	2.4238e-01	0.0000e+00
6.2421e+05	2.5106e+00	2.4257e-01	0.0000e+00
6.2421e+05	2.5113e+00	2.4276e-01	0.0000e+00
6.2421e+05	2.5124e+00	2.4299e-01	0.0000e+00
6.2421e+05	2.5122e+00	2.4325e-01	0.0000e+00
6.2421e+05	2.5129e+00	2.4355e-01	0.0000e+00
6.2421e+05	2.5142e+00	2.4383e-01	0.0000e+00
6.2421e+05	2.5157e+00	2.4408e-01	0.0000e+00
6.2421e+05	2.5168e+00	2.4435e-01	0.0000e+00
6.2421e+05	2.5181e+00	2.4463e-01	0.0000e+00
6.2421e+05	2.5206e+00	2.4482e-01	0.0000e+00
6.2421e+05	2.5234e+00	2.4500e-01	0.0000e+00
6.2421e+05	2.5261e+00	2.4516e-01	0.0000e+00
6.2422e+05	2.5293e+00	2.4537e-01	0.0000e+00
6.2422e+05	2.5336e+00	2.4553e-01	0.0000e+00
6.2422e+05	2.5375e+00	2.4568e-01	0.0000e+00
6.2422e+05	2.5414e+00	2.4585e-01	0.0000e+00
6.2422e+05	2.5453e+00	2.4603e-01	0.0000e+00
6.2422e+05	2.5494e+00	2.4613e-01	0.0000e+00
6.2422e+05	2.5528e+00	2.4616e-01	0.0000e+00
6.2422e+05	2.5560e+00	2.4613e-01	0.0000e+00
6.2422e+05	2.5605e+00	2.4616e-01	0.0000e+00
6.2422e+05	2.5646e+00	2.4616e-01	0.0000e+00
6.2422e+05	2.5690e+00	2.4617e-01	0.0000e+00
6.2422e+05	2.5734e+00	2.4610e-01	0.0000e+00
6.2422e+05	2.5773e+00	2.4600e-01	0.0000e+00
6.2422e+05	2.5807e+00	2.4598e-01	0.0000e+00
6.2422e+05	2.5843e+00	2.4600e-01	0.0000e+00
6.2422e+05	2.5884e+00	2.4595e-01	0.0000e+00
6.2422e+05	2.5919e+00	2.4590e-01	0.0000e+00
6.2422e+05	2.5960e+00	2.4591e-01	0.0000e+00
6.2422e+05	2.5992e+00	2.4593e-01	0.0000e+00
6.2422e+05	2.6018e+00	2.4587e-01	0.0000e+00
6.2422e+05	2.6043e+00	2.4583e-01	0.0000e+00
6.2422e+05	2.6078e+00	2.4583e-01	0.0000e+00
6.2422e+05	2.6117e+00	2.4585e-01	0.0000e+00
6.2422e+05	2.6153e+00	2.4592e-01	0.0000e+00
6.2422e+05	2.6193e+00	2.4607e-01	0.0000e+00
6.2422e+05	2.6240e+00	2.4623e-01	0.0000e+00
6.2422e+05	2.6289e+00	2.4645e-01	0.0000e+00
6.2422e+05	2.6329e+00	2.4668e-01	0.0000e+00
6.2422e+05	2.6368e+00	2.4687e-01	0.0000e+00
6.2422e+05	2.6412e+00	2.4704e-01	0.0000e+00
6.2422e+05	2.6453e+00	2.4717e-01	0.0000e+00
6.2422e+05	2.6491e+00	2.4738e-01	0.0000e+00
6.2422e+05	2.6530e+00	2.4753e-01	0.0000e+00
6.2422e+05	2.6562e+00	2.4761e-01	0.0000e+00
6.2422e+05	2.6584e+00	2.4766e-01	0.0000e+00
6.2422e+05	2.6596e+00	2.4776e-01	0.0000e+00
6.2422e+05	2.6600e+00	2.4786e-01	0.0000e+00
6.2422e+05	2.6598e+00	2.4791e-01	0.0000e+00
6.2422e+05	2.6597e+00	2.4797e-01	0.0000e+00
6.2422e+05	2.6595e+00	2.4802e-01	0.0000e+00
6.2422e+05	2.6587e+00	2.4809e-01	0.0000e+00
6.2422e+05	2.6574e+00	2.4822e-01	0.0000e+00
6.2422e+05	2.6553e+00	2.4834e-01	0.0000e+00
6.2422e+05	2.6536e+00	2.4835e-01	0.0000e+00
6.2422e+05	2.6507e+00	2.4838e-01	0.0000e+00
6.2422e+05	2.6469e+00	2.4840e-01	0.0000e+00
6.2422e+05	2.6430e+00	2.4837e-01	0.0000e+00
6.2422e+05	2.6387e+00	2.4835e-01	0.0000e+00
6.2422e+05	2.6345e+00	2.4837e-01	0.0000e+00
6.2422e+05	2.6298e+00	2.4841e-01	0.0000e+00
6.2422e+05	2.6252e+00	2.4846e-01	0.0000e+00
6.2422e+05	2.6203e+00	2.4857e-01	0.0000e+00
6.2422e+05	2.6158e+00	2.4867e-01	0.0000e+00
6.2422e+05	2.6121e+00	2.4880e-01	0.0000e+00
6.2422e+05	2.6084e+00	2.4893e-01	0.0000e+00
6.2422e+05	2.6044e+00	2.4898e-01	0.0000e+00
6.2422e+05	2.6009e+00	2.4903e-01	0.0000e+00
6.2422e+05	2.5971e+00	2.4912e-01	0.0000e+00
6.2422e+05	2.5936e+00	2.4916e-01	0.0000e+00
6.2422e+05	2.5899e+00	2.4921e-01	0.0000e+00
6.2422e+05	2.5866e+00	2.4919e-01	0.0000e+00
6.2422e+05	2.5827e+00	2.4910e-01	0.0000e+00
6.2422e+05	2.5790e+00	2.4902e-01	0.0000e+00
6.2422e+05	2.5758e+00	2.4897e-01	0.0000e+00
6.2422e+05	2.5729e+00	2.4887e-01	0.0000e+00
6.2422e+05	2.5699e+00	2.4875e-01	0.0000e+00
6.2422e+05	2.5679e+00	2.4867e-01	0.0000e+00
6.2422e+05	2.5657e+00	2.4859e-01	0.0000e+00
6.2422e+05	2.5636e+00	2.4851e-01	0.0000e+00
6.2422e+05	2.5610e+00	2.4838e-01	0.0000e+00
6.2422e+05	2.5586e+00	2.4819e-01	0.0000e+00
6.2422e+05	2.5557e+00	2.4796e-01	0.0000e+00
6.2422e+05	2.5533e+00	2.4774e-01	0.0000e+00
6.2422e+05	2.5510e+00	2.4758e-01	0.0000e+00
6.2422e+05	2.5495e+00	2.4744e-01	0.0000e+00
6.2422e+05	2.5489e+00	2.4735e-01	0.0000e+00
6.2422e+05	2.5481e+00	2.4736e-01	0.0000e+00
6.2422e+05	2.5475e+00	2.4735e-01	0.0000e+00
6.2422e+05	2.5473e+00	2.4733e-01	0.0000e+00
6.2422e+05	2.5474e+00	2.4731e-01	0.0000e+00
6.2422e+05	2.5470e+00	2.4737e-01	0.0000e+00
6.2422e+05	2.5462e+00	2.4746e-01	0.0000e+00
6.2422e+05	2.5458e+00	2.4749e-01	0.0000e+00
6.2422e+05	2.5456e+00	2.4754e-01	0.0000e+00
6.2422e+05	2.5457e+00	2.4762e-01	0.0000e+00
6.2422e+05	2.5463e+00	2.4771e-01	0.0000e+00
6.2422e+05	2.5462e+00	2.4790e-01	0.0000e+00
6.2422e+05	2.5459e+00	2.4808e-01	0.0000e+00
6.2422e+05	2.5457e+00	2.4821e-01	0.0000e+00
6.2422e+05	2.5459e+00	2.4835e-01	0.0000e+00
6.2422e+05	2.5457e+00	2.4853e-01	0.0000e+00
6.2422e+05	2.5453e+00	2.4869e-01	0.0000e+00
6.2422e+05	2.5437e+00	2.4882e-01	0.0000e+00
6.2422e+05	2.5420e+00	2.4892e-01	0.0000e+00
6.2422e+05	2.5403e+00	2.4900e-01	0.0000e+00
6.2422e+05	2.5384e+00	2.4903e-01	0.0000e+00
6.2422e+05	2.5362e+00	2.4903e-01	0.0000e+00
6.2422e+05	2.5345e+00	2.4907e-01	0.0000e+00
6.2422e+05	2.5324e+00	2.4910e-01	0.0000e+00
6.2422e+05	2.5297e+00	2.4916e-01	0.0000e+00
6.2423e+05	2.5270e+00	2.4917e-01	0.0000e+00
6.2423e+05	2.5242e+00	2.4913e-01	0.0000e+00
6.2423e+05	2.5218e+00	2.4912e-01	0.0000e+00
6.2423e+05	2.5188e+00	2.4915e-01	0.0000e+00
6.2423e+05	2.5147e+00	2.4912e-01	0.0000e+00
6.2423e+05	2.5096e+00	2.4910e-01	0.0000e+00
6.2423e+05	2.5044e+00	2.4904e-01	0.0000e+00
6.2423e+05	2.4994e+00	2.4904e-01	0.0000e+00
6.2423e+05	2.4950e+00	2.4904e-01	0.0000e+00
6.2423e+05	2.4895e+00	2.4905e-01	0.0000e+00
6.2423e+05	2.4844e+00	2.4907e-01	0.0000e+00
6.2423e+05	2.4802e+00	2.4913e-01	0.0000e+00
6.2423e+05	2.4759e+00	2.4918e-01	0.0000e+00
6.2423e+05	2.4719e+00	2.4921e-01	0.0000e+00
6.2423e+05	2.4672e+00	2.4924e-01	0.0000e+00
6.2423e+05	2.4611e+00	2.4927e-01	0.0000e+00
6.2423e+05	2.4551e+00	2.4927e-01	0.0000e+00
6.2423e+05	2.4498e+00	2.4928e-01	0.0000e+00
6.2423e+05	2.4431e+00	2.4927e-01	0.0000e+00
6.2423e+05	2.4363e+00	2.4926e-01	0.0000e+00
6.2423e+05	2.4295e+00	2.4934e-01	0.0000e+00
6.2423e+05	2.4231e+00	2.4938e-01	0.0000e+00
6.2423e+05	2.4189e+00	2.4944e-01	0.0000e+00
6.2423e+05	2.4143e+00	2.4946e-01	0.0000e+00
6.2423e+05	2.4093e+00	2.4946e-01	0.0000e+00
6.2423e+05	2.4052e+00	2.4943e-01	0.0000e+00
6.2423e+05	2.4010e+00	2.4939e-01	0.0000e+00
6.2423e+05	2.3970e+00	2.4929e-01	0.0000e+00
6.2423e+05	2.3934e+00	2.4918e-01	0.0000e+00
6.2423e+05	2.3893e+00	2.4904e-01	0.0000e+00
6.2423e+05	2.3851e+00	2.4892e-01	0.0000e+00
6.2423e+05	2.3814e+00	2.4873e-01	0.0000e+00
6.2423e+05	2.3774e+00	2.4862e-01	0.0000e+00
6.2423e+05	2.3736e+00	2.4854e-01	0.0000e+00
6.2423e+05	2.3708e+00	2.4844e-01	0.0000e+00
6.2423e+05	2.3681e+00	2.4834e-01	0.0000e+00
6.2423e+05	2.3663e+00	2.4822e-01	0.0000e+00
6.2423e+05	2.3646e+00	2.4810e-01	0.0000e+00
6.2423e+05	2.3636e+00	2.4795e-01	0.0000e+00
6.2423e+05	2.3612e+00	2.4774e-01	0.0000e+00
6.2423e+05	2.3579e+00	2.4752e-01	0.0000e+00
6.2423e+05	2.3539e+00	2.4736e-01	0.0000e+00
6.2423e+05	2.3503e+00	2.4724e-01	0.0000e+00
6.2423e+05	2.3475e+00	2.4711e-01	0.0000e+00
6.2423e+05	2.3447e+00	2.4697e-01	0.0000e+00
6.2423e+05	2.3432e+00	2.4684e-01	0.0000e+00
6.2423e+05	2.3411e+00	2.4677e-01	0.0000e+00
6.2423e+05	2.3390e+00	2.4673e-01	0.0000e+00
6.2423e+05	2.3364e+00	2.4671e-01	0.0000e+00
6.2423e+05	2.3337e+00	2.4671e-01	0.0000e+00
6.2423e+05	2.3312e+00	2.4678e-01	0.0000e+00
6.2423e+05	2.3272e+00	2.4687e-01	0.0000e+00
6.2423e+05	2.3237e+00	2.4695e-01	0.0000e+00
6.2423e+05	2.3209e+00	2.4701e-01	0.0000e+00
6.2423e+05	2.3188e+00	2.4711e-01	0.0000e+00
6.2423e+05	2.3167e+00	2.4720e-01	0.0000e+00
6.2423e+05	2.3150e+00	2.4728e-01	0.0000e+00
6.2423e+05	2.3132e+00	2.4738e-01	0.0000e+00
6.2423e+05	2.3116e+00	2.4762e-01	0.0000e+00
6.2423e+05	2.3101e+00	2.4792e-01	0.0000e+00
6.2423e+05	2.3089e+00	2.4821e-01	0.0000e+00
6.2423e+05	2.3081e+00	2.4851e-01	0.0000e+00
6.2423e+05	2.3080e+00	2.4882e-01	0.0000e+00
6.2423e+05	2.3085e+00	2.4915e-01	0.0000e+00
6.2423e+05	2.3089e+00	2.4957e-01	0.0000e+00
6.2423e+05	2.3093e+00	2.4992e-01	0.0000e+00
6.2423e+05	2.3096e+00	2.5021e-01	0.0000e+00
6.2423e+05	2.3101e+00	2.5049e-01	0.0000e+00
6.2423e+05	2.3109e+00	2.5081e-01	0.0000e+00
6.2423e+05	2.3128e+00	2.5112e-01	0.0000e+00
6.2423e+05	2.3145e+00	2.5142e-01	0.0000e+00
6.2423e+05	2.3172e+00	2.5167e-01	0.0000e+00
6.2423e+05	2.3201e+00	2.5194e-01	0.0000e+00
6.2423e+05	2.3225e+00	2.5219e-01	0.0000e+00
6.2423e+05	2.3246e+00	2.5244e-01	0.0000e+00
6.2423e+05	2.3261e+00	2.5263e-01	0.0000e+00
6.2423e+05	2.3281e+00	2.5276e-01	0.0000e+00
6.2423e+05	2.3307e+00	2.5286e-01	0.0000e+00
6.2423e+05	2.3334e+00	2.5294e-01	0.0000e+00
6.2423e+05	2.3368e+00	2.5304e-01	0.0000e+00
6.2423e+05	2.3414e+00	2.5316e-01	0.0000e+00
6.2423e+05	2.3460e+00	2.5324e-01	0.0000e+00
6.2423e+05	2.3500e+00	2.5327e-01	0.0000e+00
6.2423e+05	2.3539e+00	2.5329e-01	0.0000e+00
6.2423e+05	2.3574e+00	2.5328e-01	0.0000e+00
6.2423e+05	2.3600e+00	2.5334e-01	0.0000e+00
6.2423e+05	2.3624e+00	2.5345e-01	0.0000e+00
6.2423e+05	2.3659e+00	2.5352e-01	0.0000e+00
6.2423e+05	2.3688e+00	2.5360e-01	0.0000e+00
6.2423e+05	2.3729e+00	2.5370e-01	0.0000e+00
6.2423e+05	2.3767e+00	2.5387e-01	0.0000e+00
6.2423e+05	2.3799e+00	2.5405e-01	0.0000e+00
6.2423e+05	2.3824e+00	2.5427e-01	0.0000e+00
6.2423e+05	2.3846e+00	2.5452e-01	0.0000e+00
6.2423e+05	2.3870e+00	2.5480e-01	0.0000e+00
6.2423e+05	2.3900e+00	2.5506e-01	0.0000e+00
6.2423e+05	2.3927e+00	2.5534e-01	0.0000e+00
6.2423e+05	2.3950e+00	2.5567e-01	0.0000e+00
6.2423e+05	2.3965e+00	2.5604e-01	0.0000e+00
6.2423e+05	2.3973e+00	2.5639e-01	0.0000e+00
6.2424e+05	2.3974e+00	2.5674e-01	0.0000e+00
6.2424e+05	2.3980e+00	2.5703e-01	0.0000e+00
6.2424e+05	2.3981e+00	2.5739e-01	0.0000e+00
6.2424e+05	2.3984e+00	2.5774e-01	0.0000e+00
6.2424e+05	2.3996e+00	2.5812e-01	0.0000e+00
6.2424e+05	2.4007e+00	2.5846e-01	0.0000e+00
6.2424e+05	2.4024e+00	2.5886e-01	0.0000e+00
6.2424e+05	2.4040e+00	2.5926e-01	0.0000e+00
6.2424e+05	2.4045e+00	2.5972e-01	0.0000e+00
6.2424e+05	2.4055e+00	2.6014e-01	0.0000e+00
6.2424e+05	2.4061e+00	2.6047e-01	0.0000e+00
6.2424e+05	2.4064e+00	2.6077e-01	0.0000e+00
6.2424e+05	2.4065e+00	2.6107e-01	0.0000e+00
6.2424e+05	2.4062e+00	2.6131e-01	0.0000e+00
6.2424e+05	2.4062e+00	2.6158e-01	0.0000e+00
6.2424e+05	2.4048e+00	2.6182e-01	0.0000e+00
6.2424e+05	2.4038e+00	2.6206e-01	0.0000e+00
6.2424e+05	2.4040e+00	2.6229e-01	0.0000e+00
6.2424e+05	2.4047e+00	2.6253e-01	0.0000e+00
6.2424e+05	2.4046e+00	2.6276e-01	0.0000e+00
6.2424e+05	2.4047e+00	2.6301e-01	0.0000e+00
6.2424e+05	2.4045e+00	2.6324e-01	0.0000e+00
6.2424e+05	2.4041e+00	2.6343e-01	0.0000e+00
6.2424e+05	2.4044e+00	2.6357e-01	0.0000e+00
6.2424e+05	2.4036e+00	2.6373e-01	0.0000e+00
6.2424e+05	2.4027e+00	2.6387e-01	0.0000e+00
6.2424e+05	2.4007e+00	2.6391e-01	0.0000e+00
6.2424e+05	2.3984e+00	2.6388e-01	0.0000e+00
6.2424e+05	2.3954e+00	2.6384e-01	0.0000e+00
6.2424e+05	2.3932e+00	2.6378e-01	0.0000e+00
6.2424e+05	2.3900e+00	2.6374e-01	0.0000e+00
6.2424e+05	2.3875e+00	2.6373e-01	0.0000e+00
6.2424e+05	2.3848e+00	2.6374e-01	0.0000e+00
6.2424e+05	2.3827e+00	2.6374e-01	0.0000e+00
6.2424e+05	2.3809e+00	2.6372e-01	0.0000e+00
6.2424e+05	2.3795e+00	2.6368e-01	0.0000e+00
6.2424e+05	2.3780e+00	2.6365e-01	0.0000e+00
6.2424e+05	2.3759e+00	2.6356e-01	0.0000e+00
6.2424e+05	2.3737e+00	2.6340e-01	0.0000e+00
6.2424e+05	2.3717e+00	2.6324e-01	0.0000e+00
6.2424e+05	2.3700e+00	2.6310e-01	0.0000e+00
6.2424e+05	2.3685e+00	2.6292e-01	0.0000e+00
6.2424e+05	2.3669e+00	2.6277e-01	0.0000e+00
6.2424e+05	2.3658e+00	2.6262e-01	0.0000e+00
6.2424e+05	2.3648e+00	2.6252e-01	0.0000e+00
6.2424e+05	2.3651e+00	2.6237e-01	0.0000e+00
6.2424e+05	2.3654e+00	2.6223e-01	0.0000e+00
6.2424e+05	2.3659e+00	2.6213e-01	0.0000e+00
6.2424e+05	2.3657e+00	2.6201e-01	0.0000e+00
6.2424e+05	2.3667e+00	2.6189e-01	0.0000e+00
6.2424e+05	2.3685e+00	2.6173e-01	0.0000e+00
6.2424e+05	2.3717e+00	2.6149e-01	0.0000e+00
6.2424e+05	2.3748e+00	2.6127e-01	0.0000e+00
6.2424e+05	2.3779e+00	2.6109e-01	0.0000e+00
6.2424e+05	2.3809e+00	2.6087e-01	0.0000e+00
6.2424e+05	2.3839e+00	2.6061e-01	0.0000e+00
6.2424e+05	2.3867e+00	2.6033e-01	0.0000e+00
6.2424e+05	2.3895e+00	2.6006e-01	0.0000e+00
6.2424e+05	2.3927e+00	2.5978e-01	0.0000e+00
6.2424e+05	2.3963e+00	2.5959e-01	0.0000e+00
6.2424e+05	2.3997e+00	2.5936e-01	0.0000e+00
6.2424e+05	2.4039e+00	2.5918e-01	0.0000e+00
6.2424e+05	2.4084e+00	2.5898e-01	0.0000e+00
6.2424e+05	2.4125e+00	2.5876e-01	0.0000e+00
6.2424e+05	2.4156e+00	2.5858e-01	0.0000e+00
6.2424e+05	2.4171e+00	2.5838e-01	0.0000e+00
6.2424e+05	2.4185e+00	2.5815e-01	0.0000e+00
6.2424e+05	2.4204e+00	2.5793e-01	0.0000e+00
6.2424e+05	2.4215e+00	2.5769e-01	0.0000e+00
6.2424e+05	2.4228e+00	2.5751e-01	0.0000e+00
6.2424e+05	2.4245e+00	2.5744e-01	0.0000e+00
6.2424e+05	2.4254e+00	2.5739e-01	0.0000e+00
6.2424e+05	2.4256e+00	2.5735e-01	0.0000e+00
6.2424e+05	2.4253e+00	2.5733e-01	0.0000e+00
6.2424e+05	2.4247e+00	2.5729e-01	0.0000e+00
6.2424e+05	2.4242e+00	2.5730e-01	0.0000e+00
6.2424e+05	2.4238e+00	2.5741e-01	0.0000e+00
6.2424e+05	2.4224e+00	2.5749e-01	0.0000e+00
6.2424e+05	2.4214e+00	2.5753e-01	0.0000e+00
6.2424e+05	2.4210e+00	2.5759e-01	0.0000e+00
6.2424e+05	2.4197e+00	2.5769e-01	0.0000e+00
6.2424e+05	2.4186e+00	2.5787e-01	0.0000e+00
6.2424e+05	2.4180e+00	2.5809e-01	0.0000e+00
6.2424e+05	2.4181e+00	2.5832e-01	0.0000e+00
6.2424e+05	2.4188e+00	2.5856e-01	0.0000e+00
6.2424e+05	2.4189e+00	2.5879e-01	0.0000e+00
6.2424e+05	2.4188e+00	2.5905e-01	0.0000e+00
6.2424e+05	2.4183e+00	2.5941e-01	0.0000e+00
6.2424e+05	2.4182e+00	2.5983e-01	0.0000e+00
6.2424e+05	2.4193e+00	2.6014e-01	0.0000e+00
6.2424e+05	2.4206e+00	2.6037e-01	0.0000e+00
6.2424e+05	2.4230e+00	2.6066e-01	0.0000e+00
6.2424e+05	2.4255e+00	2.6096e-01	0.0000e+00
6.2424e+05	2.4291e+00	2.6127e-01	0.0000e+00
6.2424e+05	2.4330e+00	2.6159e-01	0.0000e+00
6.2424e+05	2.4382e+00	2.6185e-01	0.0000e+00
6.2424e+05	2.4437e+00	2.6211e-01	0.0000e+00
6.2424e+05	2.4482e+00	2.6247e-01	0.0000e+00
6.2424e+05	2.4524e+00	2.6291e-01	0.0000e+00
6.2424e+05	2.4576e+00	2.6329e-01	0.0000e+00
6.2425e+05	2.4614e+00	2.6360e-01	0.0000e+00
6.2425e+05	2.4651e+00	2.6387e-01	0.0000e+00
6.2425e+05	2.4682e+00	2.6413e-01	0.0000e+00
6.2425e+05	2.4722e+00	2.6439e-01	0.0000e+00
6.2425e+05	2.4758e+00	2.6464e-01	0.0000e+00
6.2425e+05	2.4775e+00	2.6496e-01	0.0000e+00
6.2425e+05	2.4807e+00	2.6522e-01	0.0000e+00
6.2425e+05	2.4837e+00	2.6548e-01	0.0000e+00
6.2425e+05	2.4840e+00	2.6569e-01	0.0000e+00
6.2425e+05	2.4845e+00	2.6592e-01	0.0000e+00
6.2425e+05	2.4844e+00	2.6618e-01	0.0000e+00
6.2425e+05	2.4843e+00	2.6639e-01	0.0000e+00
6.2425e+05	2.4842e+00	2.6658e-01	0.0000e+00
6.2425e+05	2.4848e+00	2.6664e-01	0.0000e+00
6.2425e+05	2.4843e+00	2.6672e-01	0.0000e+00
6.2425e+05	2.4828e+00	2.6687e-01	0.0000e+00
6.2425e+05	2.4827e+00	2.6697e-01	0.0000e+00
6.2425e+05	2.4811e+00	2.6696e-01	0.0000e+00
6.2425e+05	2.4786e+00	2.6688e-01	0.0000e+00
6.2425e+05	2.4775e+00	2.6680e-01	0.0000e+00
6.2425e+05	2.4758e+00	2.6669e-01	0.0000e+00
6.2425e+05	2.4744e+00	2.6657e-01	0.0000e+00
6.2425e+05	2.4719e+00	2.6643e-01	0.0000e+00
6.2425e+05	2.4699e+00	2.6621e-01	0.0000e+00
6.2425e+05	2.4683e+00	2.6598e-01	0.0000e+00
6.2425e+05	2.4671e+00	2.6581e-01	0.0000e+00
6.2425e+05	2.4658e+00	2.6560e-01	0.0000e+00
6.2425e+05	2.4652e+00	2.6539e-01	0.0000e+00
6.2425e+05	2.4644e+00	2.6512e-01	0.0000e+00
6.2425e+05	2.4626e+00	2.6485e-01	0.0000e+00
6.2425e+05	2.4610e+00	2.6456e-01	0.0000e+00
6.2425e+05	2.4596e+00	2.6427e-01	0.0000e+00
6.2425e+05	2.4584e+00	2.6404e-01	0.0000e+00
6.2425e+05	2.4570e+00	2.6392e-01	0.0000e+00
6.2425e+05	2.4574e+00	2.6380e-01	0.0000e+00
6.2425e+05	2.4594e+00	2.6362e-01	0.0000e+00
6.2425e+05	2.4624e+00	2.6347e-01	0.0000e+00
6.2425e+05	2.4654e+00	2.6338e-01	0.0000e+00
6.2425e+05	2.4682e+00	2.6329e-01	0.0000e+00
6.2425e+05	2.4710e+00	2.6320e-01	0.0000e+00
6.2425e+05	2.4738e+00	2.6310e-01	0.0000e+00
6.2425e+05	2.4772e+00	2.6294e-01	0.0000e+00
6.2425e+05	2.4804e+00	2.6282e-01	0.0000e+00
6.2425e+05	2.4835e+00	2.6280e-01	0.0000e+00
6.2425e+05	2.4873e+00	2.6273e-01	0.0000e+00
6.2425e+05	2.4911e+00	2.6269e-01	0.0000e+00
6.2425e+05	2.4950e+00	2.6267e-01	0.0000e+00
6.2425e+05	2.4988e+00	2.6262e-01	0.0000e+00
6.2425e+05	2.5026e+00	2.6258e-01	0.0000e+00
6.2425e+05	2.5067e+00	2.6253e-01	0.0000e+00
6.2425e+05	2.5105e+00	2.6249e-01	0.0000e+00
6.2425e+05	2.5149e+00	2.6241e-01	0.0000e+00
6.2425e+05	2.5195e+00	2.6233e-01	0.0000e+00
6.2425e+05	2.5233e+00	2.6221e-01	0.0000e+00
6.2425e+05	2.5266e+00	2.6210e-01	0.0000e+00
6.2425e+05	2.5295e+00	2.6203e-01	0.0000e+00
6.2425e+05	2.5318e+00	2.6196e-01	0.0000e+00
6.2425e+05	2.5348e+00	2.6189e-01	0.0000e+00
6.2425e+05	2.5384e+00	2.6180e-01	0.0000e+00
6.2425e+05	2.5421e+00	2.6178e-01	0.0000e+00
6.2425e+05	2.5455e+00	2.6184e-01	0.0000e+00
6.2425e+05	2.5487e+00	2.6194e-01	0.0000e+00
6.2425e+05	2.5517e+00	2.6198e-01	0.0000e+00
6.2425e+05	2.5544e+00	2.6202e-01	0.0000e+00
6.2425e+05	2.5565e+00	2.6207e-01	0.0000e+00
6.2425e+05	2.5578e+00	2.6220e-01	0.0000e+00
6.2425e+05	2.5595e+00	2.6230e-01	0.0000e+00
6.2425e+05	2.5615e+00	2.6240e-01	0.0000e+00
6.2425e+05	2.5634e+00	2.6250e-01	0.0000e+00
6.2425e+05	2.5650e+00	2.6269e-01	0.0000e+00
6.2425e+05	2.5658e+00	2.6292e-01	0.0000e+00
6.2425e+05	2.5662e+00	2.6318e-01	0.0000e+00
6.2425e+05	2.5661e+00	2.6343e-01	0.0000e+00
6.2425e+05	2.5653e+00	2.6361e-01	0.0000e+00
6.2425e+05	2.5646e+00	2.6377e-01	0.0000e+00
6.2425e+05	2.5634e+00	2.6394e-01	0.0000e+00
6.2425e+05	2.5622e+00	2.6403e-01	0.0000e+00
6.2425e+05	2.5606e+00	2.6411e-01	0.0000e+00
6.2425e+05	2.5593e+00	2.6421e-01	0.0000e+00
6.2425e+05	2.5574e+00	2.6429e-01	0.0000e+00
6.2425e+05	2.5558e+00	2.6435e-01	0.0000e+00
6.2425e+05	2.5543e+00	2.6442e-01	0.0000e+00
6.2425e+05	2.5527e+00	2.6450e-01	0.0000e+00
6.2425e+05	2.5509e+00	2.6456e-01	0.0000e+00
6.2425e+05	2.5489e+00	2.6460e-01	0.0000e+00
6.2425e+05	2.5465e+00	2.6462e-01	0.0000e+00
6.2425e+05	2.5443e+00	2.6453e-01	0.0000e+00
6.2425e+05	2.5418e+00	2.6443e-01	0.0000e+00
6.2425e+05	2.5400e+00	2.6440e-01	0.0000e+00
6.2425e+05	2.5386e+00	2.6434e-01	0.0000e+00
6.2425e+05	2.5381e+00	2.6430e-01	0.0000e+00
6.2425e+05	2.5382e+00	2.6431e-01	0.0000e+00
6.2425e+05	2.5388e+00	2.6433e-01	0.0000e+00
6.2425e+05	2.5389e+00	2.6436e-01	0.0000e+00
6.2425e+05	2.5392e+00	2.6440e-01	0.0000e+00
6.2425e+05	2.5401e+00	2.6444e-01	0.0000e+00
6.2425e+05	2.5401e+00	2.6454e-01	0.0000e+00
6.2425e+05	2.5398e+00	2.6467e-01	0.0000e+00
6.2425e+05	2.5397e+00	2.6486e-01	0.0000e+00
6.2425e+05	2.5400e+00	2.6502e-01	0.0000e+00
6.2426e+05	2.5405e+00	2.6518e-01	0.0000e+00
6.2426e+05	2.5404e+00	2.6537e-01	0.0000e+00
6.2426e+05	2.5412e+00	2.6553e-01	0.0000e+00
6.2426e+05	2.5419e+00	2.6565e-01	0.0000e+00
6.2426e+05	2.5425e+00	2.6582e-01	0.0000e+00
6.2426e+05	2.5450e+00	2.6599e-01	0.0000e+00
6.2426e+05	2.5468e+00	2.6618e-01	0.0000e+00
6.2426e+05	2.5480e+00	2.6639e-01	0.0000e+00
6.2426e+05	2.5489e+00	2.6656e-01	0.0000e+00
6.2426e+05	2.5507e+00	2.6674e-01	0.0000e+00
6.2426e+05	2.5515e+00	2.6694e-01	0.0000e+00
6.2426e+05	2.5523e+00	2.6701e-01	0.0000e+00
6.2426e+05	2.5536e+00	2.6708e-01	0.0000e+00
6.2426e+05	2.5550e+00	2.6718e-01	0.0000e+00
6.2426e+05	2.5566e+00	2.6730e-01	0.0000e+00
6.2426e+05	2.5588e+00	2.6744e-01	0.0000e+00
6.2426e+05	2.5608e+00	2.6756e-01	0.0000e+00
6.2426e+05	2.5625e+00	2.6766e-01	0.0000e+00
6.2426e+05	2.5646e+00	2.6771e-01	0.0000e+00
6.2426e+05	2.5670e+00	2.6778e-01	0.0000e+00
6.2426e+05	2.5690e+00	2.6789e-01	0.0000e+00
6.2426e+05	2.5714e+00	2.6805e-01	0.0000e+00
6.2426e+05	2.5743e+00	2.6818e-01	0.0000e+00
6.2426e+05	2.5761e+00	2.6839e-01	0.0000e+00
6.2426e+05	2.5772e+00	2.6855e-01	0.0000e+00
6.2426e+05	2.5787e+00	2.6877e-01	0.0000e+00
6.2426e+05	2.5799e+00	2.6901e-01	0.0000e+00
6.2426e+05	2.5808e+00	2.6921e-01	0.0000e+00
6.2426e+05	2.5816e+00	2.6941e-01	0.0000e+00
6.2426e+05	2.5823e+00	2.6964e-01	0.0000e+00
6.2426e+05	2.5823e+00	2.6991e-01	0.0000e+00
6.2426e+05	2.5822e+00	2.7024e-01	0.0000e+00
6.2426e+05	2.5825e+00	2.7054e-01	0.0000e+00
6.2426e+05	2.5831e+00	2.7082e-01	0.0000e+00
6.2426e+05	2.5833e+00	2.7104e-01	0.0000e+00
6.2426e+05	2.5833e+00	2.7130e-01	0.0000e+00
6.2426e+05	2.5833e+00	2.7156e-01	0.0000e+00
6.2426e+05	2.5835e+00	2.7184e-01	0.0000e+00
6.2426e+05	2.5839e+00	2.7211e-01	0.0000e+00
6.2426e+05	2.5841e+00	2.7239e-01	0.0000e+00
6.2426e+05	2.5850e+00	2.7267e-01	0.0000e+00
6.2426e+05	2.5863e+00	2.7290e-01	0.0000e+00
6.2426e+05	2.5880e+00	2.7308e-01	0.0000e+00
6.2426e+05	2.5898e+00	2.7328e-01	0.0000e+00
6.2426e+05	2.5920e+00	2.7345e-01	0.0000e+00
6.2426e+05	2.5941e+00	2.7359e-01	0.0000e+00
6.2426e+05	2.5961e+00	2.7374e-01	0.0000e+00
6.2426e+05	2.5985e+00	2.7388e-01	0.0000e+00
6.2426e+05	2.6013e+00	2.7402e-01	0.0000e+00
6.2426e+05	2.6045e+00	2.7415e-01	0.0000e+00
6.2426e+05	2.6070e+00	2.7416e-01	0.0000e+00
6.2426e+05	2.6099e+00	2.7415e-01	0.0000e+00
6.2426e+05	2.6129e+00	2.7413e-01	0.0000e+00
6.2426e+05	2.6157e+00	2.7414e-01	0.0000e+00
6.2426e+05	2.6182e+00	2.7413e-01	0.0000e+00
6.2426e+05	2.6204e+00	2.7414e-01	0.0000e+00
6.2426e+05	2.6221e+00	2.7414e-01	0.0000e+00
6.2426e+05	2.6243e+00	2.7407e-01	0.0000e+00
6.2426e+05	2.6272e+00	2.7389e-01	0.0000e+00
6.2426e+05	2.6295e+00	2.7371e-01	0.0000e+00
6.2426e+05	2.6316e+00	2.7348e-01	0.0000e+00
6.2426e+05	2.6328e+00	2.7326e-01	0.0000e+00
6.2426e+05	2.6335e+00	2.7304e-01	0.0000e+00
6.2426e+05	2.6338e+00	2.7275e-01	0.0000e+00
6.2426e+05	2.6339e+00	2.7244e-01	0.0000e+00
6.2426e+05	2.6339e+00	2.7218e-01	0.0000e+00
6.2426e+05	2.6340e+00	2.7191e-01	0.0000e+00
6.2426e+05	2.6341e+00	2.7163e-01	0.0000e+00
6.2426e+05	2.6345e+00	2.7129e-01	0.0000e+00
6.2426e+05	2.6345e+00	2.7093e-01	0.0000e+00
6.2426e+05	2.6342e+00	2.7060e-01	0.0000e+00
6.2426e+05	2.6334e+00	2.7036e-01	0.0000e+00
6.2426e+05	2.6324e+00	2.7009e-01	0.0000e+00
6.2426e+05	2.6319e+00	2.6980e-01	0.0000e+00
6.2426e+05	2.6320e+00	2.6951e-01	0.0000e+00
6.2426e+05	2.6327e+00	2.6926e-01	0.0000e+00
6.2426e+05	2.6332e+00	2.6901e-01	0.0000e+00
6.2426e+05	2.6326e+00	2.6880e-01	0.0000e+00
6.2426e+05	2.6315e+00	2.6860e-01	0.0000e+00
6.2426e+05	2.6303e+00	2.6833e-01	0.0000e+00
6.2426e+05	2.6296e+00	2.6804e-01	0.0000e+00
6.2426e+05	2.6288e+00	2.6780e-01	0.0000e+00
6.2426e+05	2.6278e+00	2.6761e-01	0.0000e+00
6.2426e+05	2.6270e+00	2.6743e-01	0.0000e+00
6.2426e+05	2.6264e+00	2.6719e-01	0.0000e+00
6.2426e+05	2.6277e+00	2.6692e-01	0.0000e+00
6.2426e+05	2.6292e+00	2.6665e-01	0.0000e+00
6.2426e+05	2.6305e+00	2.6637e-01	0.0000e+00
6.2426e+05	2.6310e+00	2.6608e-01	0.0000e+00
6.2426e+05	2.6305e+00	2.6575e-01	0.0000e+00
6.2426e+05	2.6306e+00	2.6534e-01	0.0000e+00
6.2426e+05	2.6311e+00	2.6487e-01	0.0000e+00
6.2426e+05	2.6312e+00	2.6438e-01	0.0000e+00
6.2426e+05	2.6318e+00	2.6391e-01	0.0000e+00
6.2426e+05	2.6320e+00	2.6342e-01	0.0000e+00
6.2426e+05	2.6319e+00	2.6297e-01	0.0000e+00
6.2426e+05	2.6323e+00	2.6252e-01	0.0000e+00
6.2426e+05	2.6321e+00	2.6204e-01	0.0000e+00
6.2426e+05	2.6319e+00	2.6152e-01	0.0000e+00
6.2426e+05	2.6321e+00	2.6102e-01	0.0000e+00
6.2427e+05	2.6327e+00	2.6056e-01	0.0000e+00
6.2427e+05	2.6329e+00	2.6008e-01	0.0000e+00
6.2427e+05	2.6328e+00	2.5954e-01	0.0000e+00
6.2427e+05	2.6326e+00	2.5907e-01	0.0000e+00
6.2427e+05	2.6318e+00	2.5859e-01	0.0000e+00
6.2427e+05	2.6306e+00	2.5819e-01	0.0000e+00
6.2427e+05	2.6284e+00	2.5771e-01	0.0000e+00
6.2427e+05	2.6260e+00	2.5722e-01	0.0000e+00
6.2427e+05	2.6243e+00	2.5672e-01	0.0000e+00
6.2427e+05	2.6222e+00	2.5632e-01	0.0000e+00
6.2427e+05	2.6202e+00	2.5598e-01	0.0000e+00
6.2427e+05	2.6182e+00	2.5566e-01	0.0000e+00
6.2427e+05	2.6163e+00	2.5536e-01	0.0000e+00
6.2427e+05	2.6148e+00	2.5509e-01	0.0000e+00
6.2427e+05	2.6125e+00	2.5477e-01	0.0000e+00
6.2427e+05	2.6102e+00	2.5448e-01	0.0000e+00
6.2427e+05	2.6079e+00	2.5419e-01	0.0000e+00
6.2427e+05	2.6047e+00	2.5390e-01	0.0000e+00
6.2427e+05	2.6021e+00	2.5359e-01	0.0000e+00
6.2427e+05	2.6003e+00	2.5325e-01	0.0000e+00
6.2427e+05	2.5979e+00	2.5291e-01	0.0000e+00
6.2427e+05	2.5952e+00	2.5263e-01	0.0000e+00
6.2427e+05	2.5930e+00	2.5240e-01	0.0000e+00
6.2427e+05	2.5909e+00	2.5217e-01	0.0000e+00
6.2427e+05	2.5903e+00	2.5191e-01	0.0000e+00
6.2427e+05	2.5893e+00	2.5168e-01	0.0000e+00
6.2427e+05	2.5891e+00	2.5149e-01	0.0000e+00
6.2427e+05	2.5891e+00	2.5136e-01	0.0000e+00
6.2427e+05	2.5898e+00	2.5125e-01	0.0000e+00
6.2427e+05	2.5901e+00	2.5113e-01	0.0000e+00
6.2427e+05	2.5905e+00	2.5098e-01	0.0000e+00
6.2427e+05	2.5908e+00	2.5082e-01	0.0000e+00
6.2427e+05	2.5910e+00	2.5069e-01	0.0000e+00
6.2427e+05	2.5907e+00	2.5060e-01	0.0000e+00
6.2427e+05	2.5905e+00	2.5053e-01	0.0000e+00
6.2427e+05	2.5909e+00	2.5047e-01	0.0000e+00
6.2427e+05	2.5917e+00	2.5039e-01	0.0000e+00
6.2427e+05	2.5929e+00	2.5038e-01	0.0000e+00
6.2427e+05	2.5943e+00	2.5046e-01	0.0000e+00
6.2427e+05	2.5957e+00	2.5056e-01	0.0000e+00
6.2427e+05	2.5974e+00	2.5058e-01	0.0000e+00
6.2427e+05	2.5993e+00	2.5063e-01	0.0000e+00
6.2427e+05	2.6012e+00	2.5068e-01	0.0000e+00
6.2427e+05	2.6030e+00	2.5073e-01	0.0000e+00
6.2427e+05	2.6047e+00	2.5074e-01	0.0000e+00
6.2427e+05	2.6061e+00	2.5076e-01	0.0000e+00
6.2427e+05	2.6080e+00	2.5077e-01	0.0000e+00
6.2427e+05	2.6104e+00	2.5077e-01	0.0000e+00
6.2427e+05	2.6123e+00	2.5078e-01	0.0000e+00
6.2427e+05	2.6135e+00	2.5086e-01	0.0000e+00
6.2427e+05	2.6146e+00	2.5095e-01	0.0000e+00
6.2427e+05	2.6157e+00	2.5096e-01	0.0000e+00
6.2427e+05	2.6174e+00	2.5093e-01	0.0000e+00
6.2427e+05	2.6192e+00	2.5092e-01	0.0000e+00
6.2427e+05	2.6209e+00	2.5095e-01	0.0000e+00
6.2427e+05	2.6222e+00	2.5100e-01	0.0000e+00
6.2427e+05	2.6231e+00	2.5110e-01	0.0000e+00
6.2427e+05	2.6239e+00	2.5123e-01	0.0000e+00
6.2427e+05	2.6239e+00	2.5134e-01	0.0000e+00
6.2427e+05	2.6236e+00	2.5145e-01	0.0000e+00
6.2427e+05	2.6234e+00	2.5156e-01	0.0000e+00
6.2427e+05	2.6222e+00	2.5164e-01	0.0000e+00
6.2427e+05	2.6209e+00	2.5174e-01	0.0000e+00
6.2427e+05	2.6199e+00	2.5185e-01	0.0000e+00
6.2427e+05	2.6199e+00	2.5198e-01	0.0000e+00
6.2427e+05	2.6202e+00	2.5213e-01	0.0000e+00
6.2427e+05	2.6206e+00	2.5230e-01	0.0000e+00
6.2427e+05	2.6207e+00	2.5246e-01	0.0000e+00
6.2427e+05	2.6214e+00	2.5260e-01	0.0000e+00
6.2427e+05	2.6209e+00	2.5266e-01	0.0000e+00
6.2427e+05	2.6193e+00	2.5266e-01	0.0000e+00
6.2427e+05	2.6182e+00	2.5275e-01	0.0000e+00
6.2427e+05	2.6175e+00	2.5282e-01	0.0000e+00
6.2427e+05	2.6166e+00	2.5285e-01	0.0000e+00
6.2427e+05	2.6160e+00	2.5284e-01	0.0000e+00
6.2427e+05	2.6152e+00	2.5279e-01	0.0000e+00
6.2427e+05	2.6142e+00	2.5264e-01	0.0000e+00
6.2427e+05	2.6132e+00	2.5248e-01	0.0000e+00
6.2427e+05	2.6115e+00	2.5227e-01	0.0000e+00
6.2427e+05	2.6097e+00	2.5201e-01	0.0000e+00
6.2427e+05	2.6085e+00	2.5176e-01	0.0000e+00
6.2427e+05	2.6075e+00	2.5146e-01	0.0000e+00
6.2427e+05	2.6058e+00	2.5108e-01	0.0000e+00
6.2427e+05	2.6032e+00	2.5075e-01	0.0000e+00
6.2427e+05	2.5998e+00	2.5038e-01	0.0000e+00
6.2427e+05	2.5971e+00	2.5003e-01	0.0000e+00
6.2427e+05	2.5934e+00	2.4962e-01	0.0000e+00
6.2427e+05	2.5906e+00	2.4912e-01	0.0000e+00
6.2427e+05	2.5875e+00	2.4860e-01	0.0000e+00
6.2427e+05	2.5836e+00	2.4818e-01	0.0000e+00
6.2427e+05	2.5797e+00	2.4780e-01	0.0000e+00
6.2427e+05	2.5753e+00	2.4734e-01	0.0000e+00
6.2427e+05	2.5706e+00	2.4681e-01	0.0000e+00
6.2427e+05	2.5648e+00	2.4631e-01	0.0000e+00
6.2427e+05	2.5583e+00	2.4586e-01	0.0000e+00
6.2427e+05	2.5506e+00	2.4547e-01	0.0000e+00
6.2427e+05	2.5428e+00	2.4505e-01	0.0000e+00
6.2427e+05	2.5353e+00	2.4460e-01	0.0000e+00
6.2427e+05	2.5280e+00	2.4413e-01	0.0000e+00
6.2427e+05	2.5190e+00	2.4372e-01	0.0000e+00
6.2428e+05	2.5107e+00	2.4339e-01	0.0000e+00
6.2428e+05	2.5021e+00	2.4305e-01	0.0000e+00
6.2428e+05	2.4943e+00	2.4264e-01	0.0000e+00
6.2428e+05	2.4857e+00	2.4219e-01	0.0000e+00
6.2428e+05	2.4771e+00	2.4177e-01	0.0000e+00
6.2428e+05	2.4703e+00	2.4135e-01	0.0000e+00
6.2428e+05	2.4621e+00	2.4099e-01	0.0000e+00
6.2428e+05	2.4546e+00	2.4061e-01	0.0000e+00
6.2428e+05	2.4484e+00	2.4027e-01	0.0000e+00
6.2428e+05	2.4422e+00	2.3991e-01	0.0000e+00
6.2428e+05	2.4363e+00	2.3952e-01	0.0000e+00
6.2428e+05	2.4298e+00	2.3922e-01	0.0000e+00
6.2428e+05	2.4239e+00	2.3894e-01	0.0000e+00
6.2428e+05	2.4178e+00	2.3865e-01	0.0000e+00
6.2428e+05	2.4127e+00	2.3832e-01	0.0000e+00
6.2428e+05	2.4081e+00	2.3793e-01	0.0000e+00
6.2428e+05	2.4030e+00	2.3758e-01	0.0000e+00
6.2428e+05	2.3984e+00	2.3728e-01	0.0000e+00
6.2428e+05	2.3950e+00	2.3701e-01	0.0000e+00
6.2428e+05	2.3910e+00	2.3672e-01	0.0000e+00
6.2428e+05	2.3873e+00	2.3650e-01	0.0000e+00
6.2428e+05	2.3829e+00	2.3628e-01	0.0000e+00
6.2428e+05	2.3791e+00	2.3611e-01	0.0000e+00
6.2428e+05	2.3748e+00	2.3593e-01	0.0000e+00
6.2428e+05	2.3703e+00	2.3569e-01	0.0000e+00
6.2428e+05	2.3659e+00	2.3543e-01	0.0000e+00
6.2428e+05	2.3616e+00	2.3521e-01	0.0000e+00
6.2428e+05	2.3568e+00	2.3498e-01	0.0000e+00
6.2428e+05	2.3524e+00	2.3482e-01	0.0000e+00
6.2428e+05	2.3490e+00	2.3467e-01	0.0000e+00
6.2428e+05	2.3459e+00	2.3453e-01	0.0000e+00
6.2428e+05	2.3430e+00	2.3435e-01	0.0000e+00
6.2428e+05	2.3398e+00	2.3416e-01	0.0000e+00
6.2428e+05	2.3374e+00	2.3395e-01	0.0000e+00
6.2428e+05	2.3338e+00	2.3375e-01	0.0000e+00
6.2428e+05	2.3293e+00	2.3366e-01	0.0000e+00
6.2428e+05	2.3243e+00	2.3353e-01	0.0000e+00
6.2428e+05	2.3201e+00	2.3340e-01	0.0000e+00
6.2428e+05	2.3164e+00	2.3331e-01	0.0000e+00
6.2428e+05	2.3134e+00	2.3324e-01	0.0000e+00
6.2428e+05	2.3108e+00	2.3312e-01	0.0000e+00
6.2428e+05	2.3092e+00	2.3300e-01	0.0000e+00
6.2428e+05	2.3076e+00	2.3284e-01	0.0000e+00
6.2428e+05	2.3056e+00	2.3269e-01	0.0000e+00
6.2428e+05	2.3038e+00	2.3261e-01	0.0000e+00
6.2428e+05	2.3021e+00	2.3256e-01	0.0000e+00
6.2428e+05	2.3013e+00	2.3248e-01	0.0000e+00
6.2428e+05	2.3009e+00	2.3244e-01	0.0000e+00
6.2428e+05	2.3004e+00	2.3241e-01	0.0000e+00
6.2428e+05	2.3001e+00	2.3238e-01	0.0000e+00
6.2428e+05	2.3011e+00	2.3234e-01	0.0000e+00
6.2428e+05	2.3020e+00	2.3233e-01	0.0000e+00
6.2428e+05	2.3017e+00	2.3231e-01	0.0000e+00
6.2428e+05	2.3030e+00	2.3230e-01	0.0000e+00
6.2428e+05	2.3042e+00	2.3231e-01	0.0000e+00
6.2428e+05	2.3056e+00	2.3230e-01	0.0000e+00
6.2428e+05	2.3072e+00	2.3230e-01	0.0000e+00
6.2428e+05	2.3091e+00	2.3231e-01	0.0000e+00
6.2428e+05	2.3112e+00	2.3231e-01	0.0000e+00
6.2428e+05	2.3128e+00	2.3228e-01	0.0000e+00
6.2428e+05	2.3146e+00	2.3224e-01	0.0000e+00
6.2428e+05	2.3174e+00	2.3221e-01	0.0000e+00
6.2428e+05	2.3199e+00	2.3229e-01	0.0000e+00
6.2428e+05	2.3229e+00	2.3232e-01	0.0000e+00
6.2428e+05	2.3258e+00	2.3241e-01	0.0000e+00
6.2428e+05	2.3286e+00	2.3242e-01	0.0000e+00
6.2428e+05	2.3306e+00	2.3245e-01	0.0000e+00
6.2428e+05	2.3333e+00	2.3252e-01	0.0000e+00
6.2428e+05	2.3353e+00	2.3255e-01	0.0000e+00
6.2428e+05	2.3366e+00	2.3253e-01	0.0000e+00
6.2428e+05	2.3380e+00	2.3252e-01	0.0000e+00
6.2428e+05	2.3400e+00	2.3254e-01	0.0000e+00
6.2428e+05	2.3428e+00	2.3261e-01	0.0000e+00
6.2428e+05	2.3456e+00	2.3273e-01	0.0000e+00
6.2428e+05	2.3481e+00	2.3285e-01	0.0000e+00
6.2428e+05	2.3504e+00	2.3292e-01	0.0000e+00
6.2428e+05	2.3523e+00	2.3303e-01	0.0000e+00
6.2428e+05	2.3543e+00	2.3315e-01	0.0000e+00
6.2428e+05	2.3552e+00	2.3322e-01	0.0000e+00
6.2428e+05	2.3555e+00	2.3333e-01	0.0000e+00
6.2428e+05	2.3559e+00	2.3345e-01	0.0000e+00
6.2428e+05	2.3562e+00	2.3356e-01	0.0000e+00
6.2428e+05	2.3563e+00	2.3367e-01	0.0000e+00
6.2428e+05	2.3563e+00	2.3386e-01	0.0000e+00
6.2428e+05	2.3565e+00	2.3400e-01	0.0000e+00
6.2428e+05	2.3567e+00	2.3413e-01	0.0000e+00
6.2428e+05	2.3567e+00	2.3428e-01	0.0000e+00
6.2428e+05	2.3562e+00	2.3443e-01	0.0000e+00
6.2428e+05	2.3552e+00	2.3456e-01	0.0000e+00
6.2428e+05	2.3536e+00	2.3470e-01	0.0000e+00
6.2428e+05	2.3511e+00	2.3484e-01	0.0000e+00
6.2428e+05	2.3480e+00	2.3493e-01	0.0000e+00
6.2428e+05	2.3450e+00	2.3502e-01	0.0000e+00
6.2428e+05	2.3426e+00	2.3509e-01	0.0000e+00
6.2428e+05	2.3407e+00	2.3509e-01	0.0000e+00
6.2428e+05	2.3382e+00	2.3508e-01	0.0000e+00
6.2428e+05	2.3363e+00	2.3506e-01	0.0000e+00
6.2428e+05	2.3340e+00	2.3503e-01	0.0000e+00
6.2428e+05	2.3318e+00	2.3490e-01	0.0000e+00
6.2429e+05	2.3297e+00	2.3474e-01	0.0000e+00
6.2429e+05	2.3272e+00	2.3459e-01	0.0000e+00
6.2429e+05	2.3251e+00	2.3442e-01	0.0000e+00
6.2429e+05	2.3229e+00	2.3426e-01	0.0000e+00
6.2429e+05	2.3213e+00	2.3411e-01	0.0000e+00
6.2429e+05	2.3204e+00	2.3392e-01	0.0000e+00
6.2429e+05	2.3185e+00	2.3367e-01	0.0000e+00
6.2429e+05	2.3169e+00	2.3347e-01	0.0000e+00
6.2429e+05	2.3158e+00	2.3323e-01	0.0000e+00
6.2429e+05	2.3149e+00	2.3300e-01	0.0000e+00
6.2429e+05	2.3134e+00	2.3280e-01	0.0000e+00
6.2429e+05	2.3131e+00	2.3253e-01	0.0000e+00
6.2429e+05	2.3127e+00	2.3229e-01	0.0000e+00
6.2429e+05	2.3114e+00	2.3210e-01	0.0000e+00
6.2429e+05	2.3096e+00	2.3197e-01	0.0000e+00
6.2429e+05	2.3084e+00	2.3183e-01	0.0000e+00
6.2429e+05	2.3067e+00	2.3168e-01	0.0000e+00
6.2429e+05	2.3057e+00	2.3157e-01	0.0000e+00
6.2429e+05	2.3045e+00	2.3144e-01	0.0000e+00
6.2429e+05	2.3033e+00	2.3137e-01	0.0000e+00
6.2429e+05	2.3015e+00	2.3129e-01	0.0000e+00
6.2429e+05	2.2998e+00	2.3110e-01	0.0000e+00
6.2429e+05	2.2973e+00	2.3086e-01	0.0000e+00
6.2429e+05	2.2939e+00	2.3058e-01	0.0000e+00
6.2429e+05	2.2911e+00	2.3028e-01	0.0000e+00
6.2429e+05	2.2883e+00	2.3007e-01	0.0000e+00
6.2429e+05	2.2856e+00	2.2990e-01	0.0000e+00
6.2429e+05	2.2836e+00	2.2975e-01	0.0000e+00
6.2429e+05	2.2820e+00	2.2960e-01	0.0000e+00
6.2429e+05	2.2805e+00	2.2945e-01	0.0000e+00
6.2429e+05	2.2798e+00	2.2925e-01	0.0000e+00
6.2429e+05	2.2798e+00	2.2901e-01	0.0000e+00
6.2429e+05	2.2794e+00	2.2882e-01	0.0000e+00
6.2429e+05	2.2793e+00	2.2853e-01	0.0000e+00
6.2429e+05	2.2788e+00	2.2822e-01	0.0000e+00
6.2429e+05	2.2785e+00	2.2797e-01	0.0000e+00
6.2429e+05	2.2778e+00	2.2774e-01	0.0000e+00
6.2429e+05	2.2769e+00	2.2756e-01	0.0000e+00
6.2429e+05	2.2762e+00	2.2736e-01	0.0000e+00
6.2429e+05	2.2764e+00	2.2714e-01	0.0000e+00
6.2429e+05	2.2776e+00	2.2690e-01	0.0000e+00
6.2429e+05	2.2790e+00	2.2671e-01	0.0000e+00
6.2429e+05	2.2808e+00	2.2662e-01	0.0000e+00
6.2429e+05	2.2830e+00	2.2658e-01	0.0000e+00
6.2429e+05	2.2848e+00	2.2650e-01	0.0000e+00
6.2429e+05	2.2859e+00	2.2639e-01	0.0000e+00
6.2429e+05	2.2863e+00	2.2624e-01	0.0000e+00
6.2429e+05	2.2876e+00	2.2606e-01	0.0000e+00
6.2429e+05	2.2889e+00	2.2597e-01	0.0000e+00
6.2429e+05	2.2903e+00	2.2586e-01	0.0000e+00
6.2429e+05	2.2916e+00	2.2571e-01	0.0000e+00
6.2429e+05	2.2935e+00	2.2566e-01	0.0000e+00
6.2429e+05	2.2957e+00	2.2567e-01	0.0000e+00
6.2429e+05	2.2972e+00	2.2569e-01	0.0000e+00
6.2429e+05	2.2983e+00	2.2569e-01	0.0000e+00
6.2429e+05	2.3003e+00	2.2567e-01	0.0000e+00
6.2429e+05	2.3033e+00	2.2559e-01	0.0000e+00
6.2429e+05	2.3066e+00	2.2553e-01	0.0000e+00
6.2429e+05	2.3092e+00	2.2555e-01	0.0000e+00
6.2429e+05	2.3107e+00	2.2562e-01	0.0000e+00
6.2429e+05	2.3128e+00	2.2565e-01	0.0000e+00
6.2429e+05	2.3139e+00	2.2572e-01	0.0000e+00
6.2429e+05	2.3158e+00	2.2573e-01	0.0000e+00
6.2429e+05	2.3183e+00	2.2572e-01	0.0000e+00
6.2429e+05	2.3204e+00	2.2579e-01	0.0000e+00
6.2429e+05	2.3228e+00	2.2586e-01	0.0000e+00
6.2429e+05	2.3256e+00	2.2590e-01	0.0000e+00
6.2429e+05	2.3283e+00	2.2595e-01	0.0000e+00
6.2429e+05	2.3302e+00	2.2597e-01	0.0000e+00
6.2429e+05	2.3316e+00	2.2604e-01	0.0000e+00
6.2429e+05	2.3323e+00	2.2612e-01	0.0000e+00
6.2429e+05	2.3330e+00	2.2621e-01	0.0000e+00
6.2429e+05	2.3329e+00	2.2620e-01	0.0000e+00
6.2429e+05	2.3340e+00	2.2622e-01	0.0000e+00
6.2429e+05	2.3357e+00	2.2627e-01	0.0000e+00
6.2429e+05	2.3367e+00	2.2633e-01	0.0000e+00
6.2429e+05	2.3372e+00	2.2634e-01	0.0000e+00
6.2429e+05	2.3373e+00	2.2638e-01	0.0000e+00
6.2429e+05	2.3380e+00	2.2632e-01	0.0000e+00
6.2429e+05	2.3391e+00	2.2629e-01	0.0000e+00
6.2429e+05	2.3391e+00	2.2634e-01	0.0000e+00
6.2429e+05	2.3379e+00	2.2635e-01	0.0000e+00
6.2429e+05	2.3362e+00	2.2634e-01	0.0000e+00
6.2429e+05	2.3349e+00	2.2632e-01	0.0000e+00
6.2429e+05	2.3336e+00	2.2631e-01	0.0000e+00
6.2429e+05	2.3324e+00	2.2635e-01	0.0000e+00
6.2429e+05	2.3298e+00	2.2640e-01	0.0000e+00
6.2429e+05	2.3274e+00	2.2644e-01	0.0000e+00
6.2429e+05	2.3244e+00	2.2646e-01	0.0000e+00
6.2429e+05	2.3220e+00	2.2652e-01	0.0000e+00
6.2429e+05	2.3203e+00	2.2665e-01	0.0000e+00
6.2429e+05	2.3173e+00	2.2684e-01	0.0000e+00
6.2429e+05	2.3138e+00	2.2703e-01	0.0000e+00
6.2429e+05	2.3113e+00	2.2717e-01	0.0000e+00
6.2429e+05	2.3080e+00	2.2734e-01	0.0000e+00
6.2429e+05	2.3045e+00	2.2750e-01	0.0000e+00
6.2429e+05	2.3014e+00	2.2765e-01	0.0000e+00
6.2429e+05	2.2983e+00	2.2778e-01	0.0000e+00
6.2429e+05	2.2963e+00	2.2794e-01	0.0000e+00
6.2429e+05	2.2955e+00	2.2812e-01	0.0000e+00
6.2430e+05	2.2953e+00	2.2831e-01	0.0000e+00
6.2430e+05	2.2952e+00	2.2848e-01	0.0000e+00
6.2430e+05	2.2952e+00	2.2870e-01	0.0000e+00
6.2430e+05	2.2958e+00	2.2890e-01	0.0000e+00
6.2430e+05	2.2972e+00	2.2905e-01	0.0000e+00
6.2430e+05	2.2987e+00	2.2917e-01	0.0000e+00
6.2430e+05	2.3011e+00	2.2928e-01	0.0000e+00
6.2430e+05	2.3045e+00	2.2940e-01	0.0000e+00
6.2430e+05	2.3087e+00	2.2950e-01	0.0000e+00
6.2430e+05	2.3134e+00	2.2964e-01	0.0000e+00
6.2430e+05	2.3172e+00	2.2968e-01	0.0000e+00
6.2430e+05	2.3221e+00	2.2964e-01	0.0000e+00
6.2430e+05	2.3261e+00	2.2959e-01	0.0000e+00
6.2430e+05	2.3314e+00	2.2952e-01	0.0000e+00
6.2430e+05	2.3378e+00	2.2941e-01	0.0000e+00
6.2430e+05	2.3438e+00	2.2936e-01	0.0000e+00
6.2430e+05	2.3499e+00	2.2927e-01	0.0000e+00
6.2430e+05	2.3548e+00	2.2918e-01	0.0000e+00
6.2430e+05	2.3606e+00	2.2910e-01	0.0000e+00
6.2430e+05	2.3645e+00	2.2911e-01	0.0000e+00
6.2430e+05	2.3675e+00	2.2910e-01	0.0000e+00
6.2430e+05	2.3699e+00	2.2904e-01	0.0000e+00
6.2430e+05	2.3719e+00	2.2897e-01	0.0000e+00
6.2430e+05	2.3746e+00	2.2886e-01	0.0000e+00
6.2430e+05	2.3769e+00	2.2875e-01	0.0000e+00
6.2430e+05	2.3780e+00	2.2873e-01	0.0000e+00
6.2430e+05	2.3789e+00	2.2874e-01	0.0000e+00
6.2430e+05	2.3790e+00	2.2881e-01	0.0000e+00
6.2430e+05	2.3794e+00	2.2885e-01	0.0000e+00
6.2430e+05	2.3788e+00	2.2896e-01	0.0000e+00
6.2430e+05	2.3771e+00	2.2911e-01	0.0000e+00
6.2430e+05	2.3756e+00	2.2940e-01	0.0000e+00
6.2430e+05	2.3736e+00	2.2968e-01	0.0000e+00
6.2430e+05	2.3718e+00	2.2995e-01	0.0000e+00
6.2430e+05	2.3703e+00	2.3020e-01	0.0000e+00
6.2430e+05	2.3690e+00	2.3045e-01	0.0000e+00
6.2430e+05	2.3675e+00	2.3079e-01	0.0000e+00
6.2430e+05	2.3660e+00	2.3116e-01	0.0000e+00
6.2430e+05	2.3642e+00	2.3146e-01	0.0000e+00
6.2430e+05	2.3622e+00	2.3175e-01	0.0000e+00
6.2430e+05	2.3606e+00	2.3202e-01	0.0000e+00
6.2430e+05	2.3589e+00	2.3238e-01	0.0000e+00
6.2430e+05	2.3572e+00	2.3275e-01	0.0000e+00
6.2430e+05	2.3546e+00	2.3317e-01	0.0000e+00
6.2430e+05	2.3526e+00	2.3354e-01	0.0000e+00
6.2430e+05	2.3509e+00	2.3386e-01	0.0000e+00
6.2430e+05	2.3489e+00	2.3420e-01	0.0000e+00
6.2430e+05	2.3468e+00	2.3456e-01	0.0000e+00
6.2430e+05	2.3445e+00	2.3490e-01	0.0000e+00
6.2430e+05	2.3438e+00	2.3516e-01	0.0000e+00
6.2430e+05	2.3431e+00	2.3538e-01	0.0000e+00
6.2430e+05	2.3421e+00	2.3558e-01	0.0000e+00
6.2430e+05	2.3406e+00	2.3577e-01	0.0000e+00
6.2430e+05	2.3384e+00	2.3601e-01	0.0000e+00
6.2430e+05	2.3362e+00	2.3618e-01	0.0000e+00
6.2430e+05	2.3339e+00	2.3626e-01	0.0000e+00
6.2430e+05	2.3318e+00	2.3630e-01	0.0000e+00
6.2430e+05	2.3304e+00	2.3631e-01	0.0000e+00
6.2430e+05	2.3291e+00	2.3627e-01	0.0000e+00
6.2430e+05	2.3280e+00	2.3624e-01	0.0000e+00
6.2430e+05	2.3273e+00	2.3618e-01	0.0000e+00
6.2430e+05	2.3265e+00	2.3605e-01	0.0000e+00
6.2430e+05	2.3262e+00	2.3590e-01	0.0000e+00
6.2430e+05	2.3263e+00	2.3578e-01	0.0000e+00
6.2430e+05	2.3263e+00	2.3566e-01	0.0000e+00
6.2430e+05	2.3253e+00	2.3553e-01	0.0000e+00
6.2430e+05	2.3249e+00	2.3535e-01	0.0000e+00
6.2430e+05	2.3244e+00	2.3514e-01	0.0000e+00
6.2430e+05	2.3237e+00	2.3494e-01	0.0000e+00
6.2430e+05	2.3225e+00	2.3476e-01	0.0000e+00
6.2430e+05	2.3219e+00	2.3457e-01	0.0000e+00
6.2430e+05	2.3219e+00	2.3440e-01	0.0000e+00
6.2430e+05	2.3224e+00	2.3415e-01	0.0000e+00
6.2430e+05	2.3230e+00	2.3396e-01	0.0000e+00
6.2430e+05	2.3240e+00	2.3384e-01	0.0000e+00
6.2430e+05	2.3243e+00	2.3375e-01	0.0000e+00
6.2430e+05	2.3247e+00	2.3369e-01	0.0000e+00
6.2430e+05	2.3246e+00	2.3369e-01	0.0000e+00
6.2430e+05	2.3248e+00	2.3369e-01	0.0000e+00
6.2430e+05	2.3251e+00	2.3369e-01	0.0000e+00
6.2430e+05	2.3251e+00	2.3373e-01	0.0000e+00
6.2430e+05	2.3253e+00	2.3378e-01	0.0000e+00
6.2430e+05	2.3248e+00	2.3379e-01	0.0000e+00
6.2430e+05	2.3251e+00	2.3384e-01	0.0000e+00
6.2430e+05	2.3258e+00	2.3379e-01	0.0000e+00
6.2430e+05	2.3259e+00	2.3383e-01	0.0000e+00
6.2430e+05	2.3254e+00	2.3387e-01	0.0000e+00
6.2430e+05	2.3253e+00	2.3388e-01	0.0000e+00
6.2430e+05	2.3245e+00	2.3391e-01	0.0000e+00
6.2430e+05	2.3236e+00	2.3388e-01	0.0000e+00
6.2430e+05	2.3225e+00	2.3386e-01	0.0000e+00
6.2430e+05	2.3209e+00	2.3383e-01	0.0000e+00
6.2430e+05	2.3193e+00	2.3386e-01	0.0000e+00
6.2430e+05	2.3179e+00	2.3384e-01	0.0000e+00
6.2430e+05	2.3169e+00	2.3376e-01	0.0000e+00
6.2430e+05	2.3160e+00	2.3368e-01	0.0000e+00
6.2430e+05	2.3150e+00	2.3355e-01	0.0000e+00
6.2430e+05	2.3137e+00	2.3344e-01	0.0000e+00
6.2430e+05	2.3125e+00	2.3333e-01	0.0000e+00
6.2430e+05	2.3116e+00	2.3317e-01	0.0000e+00
6.2430e+05	2.3115e+00	2.3300e-01	0.0000e+00
6.2431e+05	2.3117e+00	2.3278e-01	0.0000e+00
6.2431e+05	2.3117e+00	2.3261e-01	0.0000e+00
6.2431e+05	2.3117e+00	2.3252e-01	0.0000e+00
6.2431e+05	2.3116e+00	2.3242e-01	0.0000e+00
6.2431e+05	2.3118e+00	2.3228e-01	0.0000e+00
6.2431e+05	2.3126e+00	2.3215e-01	0.0000e+00
6.2431e+05	2.3137e+00	2.3205e-01	0.0000e+00
6.2431e+05	2.3146e+00	2.3197e-01	0.0000e+00
6.2431e+05	2.3164e+00	2.3190e-01	0.0000e+00
6.2431e+05	2.3185e+00	2.3184e-01	0.0000e+00
6.2431e+05	2.3208e+00	2.3180e-01	0.0000e+00
6.2431e+05	2.3231e+00	2.3175e-01	0.0000e+00
6.2431e+05	2.3250e+00	2.3174e-01	0.0000e+00
6.2431e+05	2.3274e+00	2.3175e-01	0.0000e+00
6.2431e+05	2.3301e+00	2.3177e-01	0.0000e+00
6.2431e+05	2.3329e+00	2.3183e-01	0.0000e+00
6.2431e+05	2.3361e+00	2.3196e-01	0.0000e+00
6.2431e+05	2.3400e+00	2.3212e-01	0.0000e+00
6.2431e+05	2.3429e+00	2.3232e-01	0.0000e+00
6.2431e+05	2.3458e+00	2.3254e-01	0.0000e+00
6.2431e+05	2.3495e+00	2.3273e-01	0.0000e+00
6.2431e+05	2.3536e+00	2.3291e-01	0.0000e+00
6.2431e+05	2.3580e+00	2.3311e-01	0.0000e+00
6.2431e+05	2.3621e+00	2.3338e-01	0.0000e+00
6.2431e+05	2.3659e+00	2.3371e-01	0.0000e+00
6.2431e+05	2.3696e+00	2.3401e-01	0.0000e+00
6.2431e+05	2.3740e+00	2.3427e-01	0.0000e+00
6.2431e+05	2.3773e+00	2.3453e-01	0.0000e+00
6.2431e+05	2.3807e+00	2.3482e-01	0.0000e+00
6.2431e+05	2.3837e+00	2.3508e-01	0.0000e+00
6.2431e+05	2.3864e+00	2.3535e-01	0.0000e+00
6.2431e+05	2.3897e+00	2.3561e-01	0.0000e+00
6.2431e+05	2.3934e+00	2.3584e-01	0.0000e+00
6.2431e+05	2.3974e+00	2.3610e-01	0.0000e+00
6.2431e+05	2.4004e+00	2.3633e-01	0.0000e+00
6.2431e+05	2.4035e+00	2.3645e-01	0.0000e+00
6.2431e+05	2.4066e+00	2.3653e-01	0.0000e+00
6.2431e+05	2.4096e+00	2.3660e-01	0.0000e+00
6.2431e+05	2.4121e+00	2.3663e-01	0.0000e+00
6.2431e+05	2.4137e+00	2.3666e-01	0.0000e+00
6.2431e+05	2.4154e+00	2.3673e-01	0.0000e+00
6.2431e+05	2.4168e+00	2.3678e-01	0.0000e+00
6.2431e+05	2.4183e+00	2.3679e-01	0.0000e+00
6.2431e+05	2.4202e+00	2.3679e-01	0.0000e+00
6.2431e+05	2.4212e+00	2.3673e-01	0.0000e+00
6.2431e+05	2.4224e+00	2.3667e-01	0.0000e+00
6.2431e+05	2.4233e+00	2.3663e-01	0.0000e+00
6.2431e+05	2.4240e+00	2.3659e-01	0.0000e+00
6.2431e+05	2.4246e+00	2.3649e-01	0.0000e+00
6.2431e+05	2.4244e+00	2.3640e-01	0.0000e+00
6.2431e+05	2.4232e+00	2.3637e-01	0.0000e+00
6.2431e+05	2.4210e+00	2.3633e-01	0.0000e+00
6.2431e+05	2.4201e+00	2.3628e-01	0.0000e+00
6.2431e+05	2.4191e+00	2.3625e-01	0.0000e+00
6.2431e+05	2.4191e+00	2.3618e-01	0.0000e+00
6.2431e+05	2.4188e+00	2.3618e-01	0.0000e+00
6.2431e+05	2.4189e+00	2.3620e-01	0.0000e+00
6.2431e+05	2.4180e+00	2.3623e-01	0.0000e+00
6.2431e+05	2.4162e+00	2.3628e-01	0.0000e+00
6.2431e+05	2.4143e+00	2.3630e-01	0.0000e+00
6.2431e+05	2.4121e+00	2.3635e-01	0.0000e+00
6.2431e+05	2.4098e+00	2.3640e-01	0.0000e+00
6.2431e+05	2.4080e+00	2.3640e-01	0.0000e+00
6.2431e+05	2.4067e+00	2.3644e-01	0.0000e+00
6.2431e+05	2.4059e+00	2.3644e-01	0.0000e+00
6.2431e+05	2.4057e+00	2.3642e-01	0.0000e+00
6.2431e+05	2.4056e+00	2.3637e-01	0.0000e+00
6.2431e+05	2.4038e+00	2.3627e-01	1.0000e+00
6.2431e+05	2.4025e+00	2.3623e-01	0.0000e+00
6.2431e+05	2.4021e+00	2.3621e-01	0.0000e+00
6.2431e+05	2.4022e+00	2.3611e-01	0.0000e+00
6.2431e+05	2.4016e+00	2.3598e-01	0.0000e+00
6.2431e+05	2.4007e+00	2.3581e-01	0.0000e+00
6.2431e+05	2.3993e+00	2.3562e-01	0.0000e+00
6.2431e+05	2.3983e+00	2.3546e-01	0.0000e+00
6.2431e+05	2.3977e+00	2.3528e-01	0.0000e+00
6.2431e+05	2.3974e+00	2.3504e-01	0.0000e+00
6.2431e+05	2.3980e+00	2.3471e-01	0.0000e+00
6.2431e+05	2.3996e+00	2.3443e-01	0.0000e+00
6.2431e+05	2.4029e+00	2.3410e-01	0.0000e+00
6.2431e+05	2.4049e+00	2.3383e-01	0.0000e+00
6.2431e+05	2.4065e+00	2.3356e-01	0.0000e+00
6.2431e+05	2.4077e+00	2.3326e-01	0.0000e+00
6.2431e+05	2.4092e+00	2.3290e-01	0.0000e+00
6.2431e+05	2.4099e+00	2.3262e-01	0.0000e+00
6.2431e+05	2.4100e+00	2.3232e-01	0.0000e+00
6.2431e+05	2.4104e+00	2.3204e-01	0.0000e+00
6.2431e+05	2.4123e+00	2.3176e-01	0.0000e+00
6.2431e+05	2.4145e+00	2.3141e-01	0.0000e+00
