Timestamp	workload	stress	Marker
8.9576e+05	1.8438e+00	9.7117e-01	0.0000e+00
8.9576e+05	1.8431e+00	9.7254e-01	0.0000e+00
8.9576e+05	1.8415e+00	9.7395e-01	0.0000e+00
8.9576e+05	1.8398e+00	9.7546e-01	0.0000e+00
8.9576e+05	1.8385e+00	9.7670e-01	0.0000e+00
8.9576e+05	1.8378e+00	9.7795e-01	0.0000e+00
8.9576e+05	1.8380e+00	9.7900e-01	0.0000e+00
8.9576e+05	1.8382e+00	9.8026e-01	0.0000e+00
8.9576e+05	1.8383e+00	9.8147e-01	0.0000e+00
8.9576e+05	1.8386e+00	9.8256e-01	0.0000e+00
8.9576e+05	1.8392e+00	9.8378e-01	0.0000e+00
8.9576e+05	1.8399e+00	9.8526e-01	0.0000e+00
8.9576e+05	1.8410e+00	9.8684e-01	0.0000e+00
8.9576e+05	1.8420e+00	9.8856e-01	0.0000e+00
8.9576e+05	1.8431e+00	9.9000e-01	0.0000e+00
8.9576e+05	1.8443e+00	9.9170e-01	0.0000e+00
8.9576e+05	1.8455e+00	9.9356e-01	0.0000e+00
8.9576e+05	1.8468e+00	9.9543e-01	0.0000e+00
8.9576e+05	1.8480e+00	9.9735e-01	0.0000e+00
8.9576e+05	1.8494e+00	9.9923e-01	0.0000e+00
8.9576e+05	1.8514e+00	1.0012e+00	0.0000e+00
8.9576e+05	1.8533e+00	1.0031e+00	0.0000e+00
8.9576e+05	1.8549e+00	1.0047e+00	0.0000e+00
8.9576e+05	1.8561e+00	1.0060e+00	0.0000e+00
8.9576e+05	1.8568e+00	1.0072e+00	0.0000e+00
8.9576e+05	1.8568e+00	1.0082e+00	0.0000e+00
8.9576e+05	1.8573e+00	1.0092e+00	0.0000e+00
8.9576e+05	1.8573e+00	1.0101e+00	0.0000e+00
8.9576e+05	1.8569e+00	1.0107e+00	0.0000e+00
8.9576e+05	1.8568e+00	1.0114e+00	0.0000e+00
8.9576e+05	1.8571e+00	1.0118e+00	0.0000e+00
8.9576e+05	1.8574e+00	1.0121e+00	0.0000e+00
8.9576e+05	1.8576e+00	1.0120e+00	0.0000e+00
8.9576e+05	1.8576e+00	1.0118e+00	0.0000e+00
8.9576e+05	1.8574e+00	1.0113e+00	0.0000e+00
8.9576e+05	1.8564e+00	1.0105e+00	0.0000e+00
8.9576e+05	1.8550e+00	1.0094e+00	0.0000e+00
8.9576e+05	1.8541e+00	1.0082e+00	0.0000e+00
8.9576e+05	1.8534e+00	1.0068e+00	0.0000e+00
8.9576e+05	1.8534e+00	1.0068e+00	0.0000e+00
8.9576e+05	1.8536e+00	1.0054e+00	0.0000e+00
8.9576e+05	1.8538e+00	1.0039e+00	0.0000e+00
8.9576e+05	1.8544e+00	1.0023e+00	0.0000e+00
8.9576e+05	1.8551e+00	1.0008e+00	0.0000e+00
8.9576e+05	1.8562e+00	9.9931e-01	0.0000e+00
8.9576e+05	1.8576e+00	9.9777e-01	0.0000e+00
8.9576e+05	1.8593e+00	9.9623e-01	0.0000e+00
8.9576e+05	1.8609e+00	9.9453e-01	0.0000e+00
8.9577e+05	1.8627e+00	9.9290e-01	0.0000e+00
8.9577e+05	1.8646e+00	9.9128e-01	0.0000e+00
8.9577e+05	1.8660e+00	9.8964e-01	0.0000e+00
8.9577e+05	1.8674e+00	9.8820e-01	0.0000e+00
8.9577e+05	1.8689e+00	9.8673e-01	0.0000e+00
8.9577e+05	1.8706e+00	9.8537e-01	0.0000e+00
8.9577e+05	1.8724e+00	9.8411e-01	0.0000e+00
8.9577e+05	1.8740e+00	9.8298e-01	0.0000e+00
8.9577e+05	1.8757e+00	9.8201e-01	0.0000e+00
8.9577e+05	1.8773e+00	9.8100e-01	0.0000e+00
8.9577e+05	1.8782e+00	9.8008e-01	0.0000e+00
8.9577e+05	1.8784e+00	9.7919e-01	0.0000e+00
8.9577e+05	1.8783e+00	9.7838e-01	0.0000e+00
8.9577e+05	1.8783e+00	9.7787e-01	0.0000e+00
8.9577e+05	1.8780e+00	9.7747e-01	0.0000e+00
8.9577e+05	1.8774e+00	9.7713e-01	0.0000e+00
8.9577e+05	1.8767e+00	9.7680e-01	0.0000e+00
8.9577e+05	1.8754e+00	9.7654e-01	0.0000e+00
8.9577e+05	1.8743e+00	9.7625e-01	0.0000e+00
8.9577e+05	1.8727e+00	9.7601e-01	0.0000e+00
8.9577e+05	1.8712e+00	9.7577e-01	0.0000e+00
8.9577e+05	1.8698e+00	9.7567e-01	0.0000e+00
8.9577e+05	1.8686e+00	9.7561e-01	0.0000e+00
8.9577e+05	1.8673e+00	9.7566e-01	0.0000e+00
8.9577e+05	1.8658e+00	9.7591e-01	0.0000e+00
8.9577e+05	1.8638e+00	9.7619e-01	0.0000e+00
8.9577e+05	1.8619e+00	9.7669e-01	0.0000e+00
8.9577e+05	1.8600e+00	9.7710e-01	0.0000e+00
8.9577e+05	1.8587e+00	9.7744e-01	0.0000e+00
8.9577e+05	1.8570e+00	9.7787e-01	1.0000e+00
8.9577e+05	1.8556e+00	9.7836e-01	0.0000e+00
8.9577e+05	1.8543e+00	9.7890e-01	0.0000e+00
8.9577e+05	1.8533e+00	9.7947e-01	0.0000e+00
8.9577e+05	1.8525e+00	9.8007e-01	0.0000e+00
8.9577e+05	1.8521e+00	9.8074e-01	0.0000e+00
8.9577e+05	1.8515e+00	9.8144e-01	0.0000e+00
8.9577e+05	1.8513e+00	9.8230e-01	0.0000e+00
8.9577e+05	1.8511e+00	9.8302e-01	0.0000e+00
8.9577e+05	1.8511e+00	9.8302e-01	0.0000e+00
8.9577e+05	1.8511e+00	9.8302e-01	0.0000e+00
8.9577e+05	1.8511e+00	9.8302e-01	0.0000e+00
8.9577e+05	1.8511e+00	9.8302e-01	0.0000e+00
8.9577e+05	1.8511e+00	9.8302e-01	0.0000e+00
8.9577e+05	1.8511e+00	9.8302e-01	0.0000e+00
8.9577e+05	1.8511e+00	9.8302e-01	0.0000e+00
8.9577e+05	1.8511e+00	9.8302e-01	0.0000e+00
8.9577e+05	1.8511e+00	9.8302e-01	0.0000e+00
8.9577e+05	1.8511e+00	9.8302e-01	0.0000e+00
8.9577e+05	1.8511e+00	9.8302e-01	0.0000e+00
8.9577e+05	1.8511e+00	9.8302e-01	0.0000e+00
8.9577e+05	1.8511e+00	9.8302e-01	0.0000e+00
8.9577e+05	1.8511e+00	9.8302e-01	0.0000e+00
8.9577e+05	1.8511e+00	9.8302e-01	0.0000e+00
8.9577e+05	1.8511e+00	9.8302e-01	0.0000e+00
8.9577e+05	1.8511e+00	9.8302e-01	0.0000e+00
8.9577e+05	1.8511e+00	9.8302e-01	0.0000e+00
8.9577e+05	1.8511e+00	9.8302e-01	0.0000e+00
8.9577e+05	1.8511e+00	9.8302e-01	1.0000e+00
8.9577e+05	1.8511e+00	9.8302e-01	0.0000e+00
8.9577e+05	1.8511e+00	9.8302e-01	0.0000e+00
8.9577e+05	1.8511e+00	9.8302e-01	0.0000e+00
8.9577e+05	1.8511e+00	9.8302e-01	0.0000e+00
8.9577e+05	1.8511e+00	9.8302e-01	0.0000e+00
8.9577e+05	1.8511e+00	9.8302e-01	0.0000e+00
8.9577e+05	1.8511e+00	9.8302e-01	0.0000e+00
8.9577e+05	1.8519e+00	9.8215e-01	0.0000e+00
8.9577e+05	1.8532e+00	9.8131e-01	0.0000e+00
8.9577e+05	1.8543e+00	9.8049e-01	0.0000e+00
8.9577e+05	1.8555e+00	9.7958e-01	0.0000e+00
8.9577e+05	1.8566e+00	9.7867e-01	0.0000e+00
8.9577e+05	1.8581e+00	9.7781e-01	0.0000e+00
8.9577e+05	1.8594e+00	9.7697e-01	0.0000e+00
8.9577e+05	1.8606e+00	9.7630e-01	0.0000e+00
8.9577e+05	1.8617e+00	9.7575e-01	0.0000e+00
8.9577e+05	1.8627e+00	9.7534e-01	0.0000e+00
8.9577e+05	1.8636e+00	9.7500e-01	0.0000e+00
8.9577e+05	1.8642e+00	9.7468e-01	0.0000e+00
8.9577e+05	1.8647e+00	9.7437e-01	0.0000e+00
8.9577e+05	1.8650e+00	9.7402e-01	0.0000e+00
8.9577e+05	1.8656e+00	9.7358e-01	0.0000e+00
8.9577e+05	1.8660e+00	9.7305e-01	0.0000e+00
8.9577e+05	1.8660e+00	9.7268e-01	0.0000e+00
8.9577e+05	1.8658e+00	9.7233e-01	0.0000e+00
8.9577e+05	1.8653e+00	9.7193e-01	0.0000e+00
8.9577e+05	1.8648e+00	9.7164e-01	0.0000e+00
8.9577e+05	1.8643e+00	9.7129e-01	0.0000e+00
8.9577e+05	1.8640e+00	9.7093e-01	0.0000e+00
8.9577e+05	1.8640e+00	9.7093e-01	0.0000e+00
8.9577e+05	1.8640e+00	9.7093e-01	0.0000e+00
8.9577e+05	1.8630e+00	9.7056e-01	0.0000e+00
8.9577e+05	1.8619e+00	9.7018e-01	0.0000e+00
8.9577e+05	1.8604e+00	9.6990e-01	0.0000e+00
8.9577e+05	1.8590e+00	9.6957e-01	0.0000e+00
8.9577e+05	1.8573e+00	9.6915e-01	0.0000e+00
8.9577e+05	1.8562e+00	9.6876e-01	0.0000e+00
8.9577e+05	1.8562e+00	9.6876e-01	0.0000e+00
8.9577e+05	1.8562e+00	9.6876e-01	0.0000e+00
8.9577e+05	1.8562e+00	9.6876e-01	0.0000e+00
8.9577e+05	1.8562e+00	9.6876e-01	0.0000e+00
8.9577e+05	1.8562e+00	9.6876e-01	0.0000e+00
8.9578e+05	1.8562e+00	9.6876e-01	0.0000e+00
8.9578e+05	1.8562e+00	9.6876e-01	0.0000e+00
8.9578e+05	1.8562e+00	9.6876e-01	0.0000e+00
8.9578e+05	1.8562e+00	9.6876e-01	0.0000e+00
8.9578e+05	1.8562e+00	9.6876e-01	0.0000e+00
8.9578e+05	1.8562e+00	9.6876e-01	0.0000e+00
8.9578e+05	1.8562e+00	9.6876e-01	0.0000e+00
8.9578e+05	1.8562e+00	9.6876e-01	0.0000e+00
8.9578e+05	1.8562e+00	9.6876e-01	0.0000e+00
8.9578e+05	1.8562e+00	9.6876e-01	0.0000e+00
8.9578e+05	1.8562e+00	9.6876e-01	0.0000e+00
8.9578e+05	1.8562e+00	9.6876e-01	0.0000e+00
8.9578e+05	1.8562e+00	9.6876e-01	0.0000e+00
8.9578e+05	1.8562e+00	9.6876e-01	0.0000e+00
8.9578e+05	1.8562e+00	9.6876e-01	0.0000e+00
8.9578e+05	1.8562e+00	9.6876e-01	0.0000e+00
8.9578e+05	1.8562e+00	9.6876e-01	0.0000e+00
8.9578e+05	1.8562e+00	9.6876e-01	0.0000e+00
8.9578e+05	1.8562e+00	9.6876e-01	0.0000e+00
8.9578e+05	1.8562e+00	9.6876e-01	0.0000e+00
8.9578e+05	1.8562e+00	9.6876e-01	0.0000e+00
8.9578e+05	1.8562e+00	9.6876e-01	0.0000e+00
8.9578e+05	1.8562e+00	9.6876e-01	0.0000e+00
8.9578e+05	1.8562e+00	9.6876e-01	0.0000e+00
8.9578e+05	1.8562e+00	9.6876e-01	0.0000e+00
8.9578e+05	1.8562e+00	9.6876e-01	0.0000e+00
8.9578e+05	1.8543e+00	9.6746e-01	0.0000e+00
8.9578e+05	1.8523e+00	9.6619e-01	0.0000e+00
8.9578e+05	1.8501e+00	9.6482e-01	0.0000e+00
8.9578e+05	1.8476e+00	9.6357e-01	0.0000e+00
8.9578e+05	1.8450e+00	9.6235e-01	0.0000e+00
8.9578e+05	1.8423e+00	9.6119e-01	0.0000e+00
8.9578e+05	1.8395e+00	9.5981e-01	0.0000e+00
8.9578e+05	1.8365e+00	9.5849e-01	0.0000e+00
8.9578e+05	1.8330e+00	9.5733e-01	0.0000e+00
8.9578e+05	1.8297e+00	9.5607e-01	0.0000e+00
8.9578e+05	1.8268e+00	9.5517e-01	0.0000e+00
8.9578e+05	1.8258e+00	9.5291e-01	0.0000e+00
8.9578e+05	1.8251e+00	9.5070e-01	0.0000e+00
8.9578e+05	1.8236e+00	9.4848e-01	0.0000e+00
8.9578e+05	1.8223e+00	9.4682e-01	0.0000e+00
8.9578e+05	1.8213e+00	9.4513e-01	0.0000e+00
8.9578e+05	1.8202e+00	9.4324e-01	0.0000e+00
8.9578e+05	1.8201e+00	9.4138e-01	0.0000e+00
8.9578e+05	1.8206e+00	9.3946e-01	0.0000e+00
8.9578e+05	1.8210e+00	9.3766e-01	0.0000e+00
8.9578e+05	1.8220e+00	9.3610e-01	0.0000e+00
8.9578e+05	1.8227e+00	9.3481e-01	0.0000e+00
8.9578e+05	1.8234e+00	9.3490e-01	0.0000e+00
8.9578e+05	1.8248e+00	9.3511e-01	0.0000e+00
8.9578e+05	1.8251e+00	9.3428e-01	0.0000e+00
8.9578e+05	1.8257e+00	9.3365e-01	0.0000e+00
8.9578e+05	1.8269e+00	9.3322e-01	0.0000e+00
8.9578e+05	1.8287e+00	9.3284e-01	0.0000e+00
8.9578e+05	1.8311e+00	9.3263e-01	0.0000e+00
8.9578e+05	1.8333e+00	9.3319e-01	0.0000e+00
8.9578e+05	1.8341e+00	9.3277e-01	0.0000e+00
8.9578e+05	1.8343e+00	9.3270e-01	0.0000e+00
8.9578e+05	1.8352e+00	9.3281e-01	0.0000e+00
8.9578e+05	1.8358e+00	9.3302e-01	0.0000e+00
8.9578e+05	1.8366e+00	9.3315e-01	0.0000e+00
8.9578e+05	1.8369e+00	9.3334e-01	0.0000e+00
8.9578e+05	1.8370e+00	9.3383e-01	0.0000e+00
8.9578e+05	1.8371e+00	9.3439e-01	0.0000e+00
8.9578e+05	1.8373e+00	9.3486e-01	0.0000e+00
8.9578e+05	1.8370e+00	9.3512e-01	0.0000e+00
8.9578e+05	1.8366e+00	9.3543e-01	0.0000e+00
8.9578e+05	1.8369e+00	9.3572e-01	0.0000e+00
8.9578e+05	1.8367e+00	9.3604e-01	0.0000e+00
8.9578e+05	1.8361e+00	9.3644e-01	0.0000e+00
8.9578e+05	1.8355e+00	9.3673e-01	0.0000e+00
8.9578e+05	1.8355e+00	9.3682e-01	0.0000e+00
8.9578e+05	1.8357e+00	9.3697e-01	0.0000e+00
8.9578e+05	1.8359e+00	9.3707e-01	0.0000e+00
8.9578e+05	1.8364e+00	9.3714e-01	0.0000e+00
8.9578e+05	1.8375e+00	9.3732e-01	0.0000e+00
8.9578e+05	1.8380e+00	9.3737e-01	0.0000e+00
8.9578e+05	1.8387e+00	9.3736e-01	0.0000e+00
8.9578e+05	1.8393e+00	9.3723e-01	0.0000e+00
8.9578e+05	1.8411e+00	9.3690e-01	0.0000e+00
8.9578e+05	1.8426e+00	9.3644e-01	0.0000e+00
8.9578e+05	1.8434e+00	9.3606e-01	0.0000e+00
8.9578e+05	1.8438e+00	9.3560e-01	0.0000e+00
8.9578e+05	1.8444e+00	9.3544e-01	0.0000e+00
8.9578e+05	1.8449e+00	9.3543e-01	0.0000e+00
8.9578e+05	1.8455e+00	9.3569e-01	0.0000e+00
8.9578e+05	1.8462e+00	9.3605e-01	0.0000e+00
8.9578e+05	1.8471e+00	9.3636e-01	0.0000e+00
8.9578e+05	1.8479e+00	9.3655e-01	0.0000e+00
8.9578e+05	1.8481e+00	9.3687e-01	0.0000e+00
8.9578e+05	1.8484e+00	9.3730e-01	0.0000e+00
8.9578e+05	1.8480e+00	9.3779e-01	0.0000e+00
8.9578e+05	1.8467e+00	9.3820e-01	0.0000e+00
8.9578e+05	1.8448e+00	9.3859e-01	0.0000e+00
8.9578e+05	1.8426e+00	9.3913e-01	0.0000e+00
8.9578e+05	1.8404e+00	9.3944e-01	0.0000e+00
8.9578e+05	1.8387e+00	9.3970e-01	0.0000e+00
8.9578e+05	1.8369e+00	9.3994e-01	0.0000e+00
8.9578e+05	1.8336e+00	9.3894e-01	0.0000e+00
8.9578e+05	1.8304e+00	9.3806e-01	0.0000e+00
8.9579e+05	1.8277e+00	9.3855e-01	0.0000e+00
8.9579e+05	1.8247e+00	9.3875e-01	0.0000e+00
8.9579e+05	1.8218e+00	9.3876e-01	0.0000e+00
8.9579e+05	1.8186e+00	9.3848e-01	0.0000e+00
8.9579e+05	1.8153e+00	9.3806e-01	0.0000e+00
8.9579e+05	1.8115e+00	9.3739e-01	0.0000e+00
8.9579e+05	1.8082e+00	9.3648e-01	0.0000e+00
8.9579e+05	1.8054e+00	9.3566e-01	0.0000e+00
8.9579e+05	1.8028e+00	9.3457e-01	0.0000e+00
8.9579e+05	1.8003e+00	9.3331e-01	0.0000e+00
8.9579e+05	1.7981e+00	9.3196e-01	0.0000e+00
8.9579e+05	1.7958e+00	9.3039e-01	0.0000e+00
8.9579e+05	1.7947e+00	9.2888e-01	0.0000e+00
8.9579e+05	1.7940e+00	9.2733e-01	0.0000e+00
8.9579e+05	1.7930e+00	9.2570e-01	0.0000e+00
8.9579e+05	1.7918e+00	9.2400e-01	0.0000e+00
8.9579e+05	1.7906e+00	9.2197e-01	0.0000e+00
8.9579e+05	1.7896e+00	9.1986e-01	0.0000e+00
8.9579e+05	1.7891e+00	9.1740e-01	0.0000e+00
8.9579e+05	1.7880e+00	9.1485e-01	0.0000e+00
8.9579e+05	1.7873e+00	9.1219e-01	0.0000e+00
8.9579e+05	1.7869e+00	9.0953e-01	0.0000e+00
8.9579e+05	1.7870e+00	9.0725e-01	0.0000e+00
8.9579e+05	1.7866e+00	9.0504e-01	0.0000e+00
8.9579e+05	1.7857e+00	9.0289e-01	0.0000e+00
8.9579e+05	1.7838e+00	9.0196e-01	0.0000e+00
8.9579e+05	1.7816e+00	8.9951e-01	0.0000e+00
8.9579e+05	1.7790e+00	8.9699e-01	0.0000e+00
8.9579e+05	1.7757e+00	8.9428e-01	0.0000e+00
8.9579e+05	1.7721e+00	8.9171e-01	0.0000e+00
8.9579e+05	1.7677e+00	8.8890e-01	0.0000e+00
8.9579e+05	1.7638e+00	8.8610e-01	0.0000e+00
8.9579e+05	1.7589e+00	8.8324e-01	0.0000e+00
8.9579e+05	1.7532e+00	8.8038e-01	0.0000e+00
8.9579e+05	1.7482e+00	8.7767e-01	0.0000e+00
8.9579e+05	1.7433e+00	8.7487e-01	0.0000e+00
8.9579e+05	1.7379e+00	8.7175e-01	0.0000e+00
8.9579e+05	1.7327e+00	8.6873e-01	0.0000e+00
8.9579e+05	1.7272e+00	8.6582e-01	0.0000e+00
8.9579e+05	1.7215e+00	8.6280e-01	0.0000e+00
8.9579e+05	1.7162e+00	8.5978e-01	0.0000e+00
8.9579e+05	1.7103e+00	8.5674e-01	0.0000e+00
8.9579e+05	1.7048e+00	8.5355e-01	0.0000e+00
8.9579e+05	1.7001e+00	8.5033e-01	0.0000e+00
8.9579e+05	1.6958e+00	8.4710e-01	0.0000e+00
8.9579e+05	1.6920e+00	8.4383e-01	0.0000e+00
8.9579e+05	1.6881e+00	8.4050e-01	0.0000e+00
8.9579e+05	1.6854e+00	8.3916e-01	0.0000e+00
8.9579e+05	1.6816e+00	8.3617e-01	0.0000e+00
8.9579e+05	1.6780e+00	8.3326e-01	0.0000e+00
8.9579e+05	1.6745e+00	8.3052e-01	0.0000e+00
8.9579e+05	1.6712e+00	8.2780e-01	0.0000e+00
8.9579e+05	1.6678e+00	8.2491e-01	0.0000e+00
8.9579e+05	1.6647e+00	8.2186e-01	0.0000e+00
8.9579e+05	1.6620e+00	8.1878e-01	0.0000e+00
8.9579e+05	1.6597e+00	8.1564e-01	0.0000e+00
8.9579e+05	1.6576e+00	8.1273e-01	0.0000e+00
8.9579e+05	1.6548e+00	8.0968e-01	0.0000e+00
8.9579e+05	1.6513e+00	8.0683e-01	0.0000e+00
8.9579e+05	1.6482e+00	8.0376e-01	0.0000e+00
8.9579e+05	1.6448e+00	8.0067e-01	0.0000e+00
8.9579e+05	1.6413e+00	7.9758e-01	0.0000e+00
8.9579e+05	1.6378e+00	7.9429e-01	0.0000e+00
8.9579e+05	1.6339e+00	7.9081e-01	0.0000e+00
8.9579e+05	1.6295e+00	7.8739e-01	0.0000e+00
8.9579e+05	1.6256e+00	7.8380e-01	0.0000e+00
8.9579e+05	1.6217e+00	7.8041e-01	0.0000e+00
8.9579e+05	1.6181e+00	7.7675e-01	0.0000e+00
8.9579e+05	1.6146e+00	7.7298e-01	0.0000e+00
8.9579e+05	1.6110e+00	7.6908e-01	0.0000e+00
8.9579e+05	1.6075e+00	7.6509e-01	0.0000e+00
8.9579e+05	1.6042e+00	7.6123e-01	0.0000e+00
8.9579e+05	1.6004e+00	7.5726e-01	0.0000e+00
8.9579e+05	1.5970e+00	7.5330e-01	0.0000e+00
8.9579e+05	1.5939e+00	7.4968e-01	0.0000e+00
8.9579e+05	1.5908e+00	7.4635e-01	0.0000e+00
8.9579e+05	1.5882e+00	7.4337e-01	0.0000e+00
8.9579e+05	1.5863e+00	7.4049e-01	0.0000e+00
8.9579e+05	1.5841e+00	7.3776e-01	0.0000e+00
8.9579e+05	1.5824e+00	7.3532e-01	0.0000e+00
8.9579e+05	1.5810e+00	7.3300e-01	0.0000e+00
8.9579e+05	1.5795e+00	7.3077e-01	0.0000e+00
8.9579e+05	1.5777e+00	7.2874e-01	0.0000e+00
8.9579e+05	1.5760e+00	7.2675e-01	0.0000e+00
8.9579e+05	1.5742e+00	7.2513e-01	0.0000e+00
8.9579e+05	1.5724e+00	7.2376e-01	0.0000e+00
8.9579e+05	1.5705e+00	7.2285e-01	0.0000e+00
8.9579e+05	1.5694e+00	7.2231e-01	0.0000e+00
8.9579e+05	1.5689e+00	7.2220e-01	0.0000e+00
8.9579e+05	1.5679e+00	7.2221e-01	0.0000e+00
8.9579e+05	1.5668e+00	7.2229e-01	0.0000e+00
8.9579e+05	1.5672e+00	7.2250e-01	0.0000e+00
8.9579e+05	1.5659e+00	7.2251e-01	0.0000e+00
8.9579e+05	1.5642e+00	7.2267e-01	0.0000e+00
8.9579e+05	1.5619e+00	7.2277e-01	0.0000e+00
8.9579e+05	1.5594e+00	7.2282e-01	0.0000e+00
8.9579e+05	1.5563e+00	7.2276e-01	0.0000e+00
8.9579e+05	1.5533e+00	7.2281e-01	0.0000e+00
8.9579e+05	1.5507e+00	7.2277e-01	0.0000e+00
8.9579e+05	1.5479e+00	7.2306e-01	0.0000e+00
8.9580e+05	1.5449e+00	7.2338e-01	0.0000e+00
8.9580e+05	1.5419e+00	7.2363e-01	0.0000e+00
8.9580e+05	1.5396e+00	7.2397e-01	0.0000e+00
8.9580e+05	1.5373e+00	7.2422e-01	0.0000e+00
8.9580e+05	1.5346e+00	7.2448e-01	0.0000e+00
8.9580e+05	1.5318e+00	7.2457e-01	0.0000e+00
8.9580e+05	1.5291e+00	7.2455e-01	0.0000e+00
8.9580e+05	1.5265e+00	7.2439e-01	0.0000e+00
8.9580e+05	1.5236e+00	7.2407e-01	0.0000e+00
8.9580e+05	1.5211e+00	7.2396e-01	0.0000e+00
8.9580e+05	1.5195e+00	7.2394e-01	0.0000e+00
8.9580e+05	1.5185e+00	7.2406e-01	0.0000e+00
8.9580e+05	1.5179e+00	7.2428e-01	0.0000e+00
8.9580e+05	1.5176e+00	7.2414e-01	0.0000e+00
8.9580e+05	1.5178e+00	7.2386e-01	0.0000e+00
8.9580e+05	1.5186e+00	7.2352e-01	0.0000e+00
8.9580e+05	1.5198e+00	7.2328e-01	0.0000e+00
8.9580e+05	1.5219e+00	7.2307e-01	0.0000e+00
8.9580e+05	1.5238e+00	7.2304e-01	0.0000e+00
8.9580e+05	1.5265e+00	7.2299e-01	0.0000e+00
8.9580e+05	1.5287e+00	7.2309e-01	0.0000e+00
8.9580e+05	1.5306e+00	7.2317e-01	0.0000e+00
8.9580e+05	1.5327e+00	7.2348e-01	0.0000e+00
8.9580e+05	1.5349e+00	7.2349e-01	0.0000e+00
8.9580e+05	1.5377e+00	7.2329e-01	0.0000e+00
8.9580e+05	1.5417e+00	7.2315e-01	0.0000e+00
8.9580e+05	1.5457e+00	7.2283e-01	0.0000e+00
8.9580e+05	1.5492e+00	7.2275e-01	0.0000e+00
8.9580e+05	1.5522e+00	7.2270e-01	0.0000e+00
8.9580e+05	1.5555e+00	7.2260e-01	0.0000e+00
8.9580e+05	1.5583e+00	7.2245e-01	0.0000e+00
8.9580e+05	1.5608e+00	7.2228e-01	0.0000e+00
8.9580e+05	1.5634e+00	7.2216e-01	0.0000e+00
8.9580e+05	1.5655e+00	7.2197e-01	0.0000e+00
8.9580e+05	1.5673e+00	7.2184e-01	0.0000e+00
8.9580e+05	1.5689e+00	7.2155e-01	0.0000e+00
8.9580e+05	1.5700e+00	7.2120e-01	0.0000e+00
8.9580e+05	1.5715e+00	7.2091e-01	0.0000e+00
8.9580e+05	1.5737e+00	7.2251e-01	0.0000e+00
8.9580e+05	1.5759e+00	7.2402e-01	0.0000e+00
8.9580e+05	1.5779e+00	7.2543e-01	0.0000e+00
8.9580e+05	1.5797e+00	7.2664e-01	0.0000e+00
8.9580e+05	1.5813e+00	7.2780e-01	0.0000e+00
8.9580e+05	1.5829e+00	7.2888e-01	0.0000e+00
8.9580e+05	1.5847e+00	7.2998e-01	0.0000e+00
8.9580e+05	1.5859e+00	7.3106e-01	0.0000e+00
8.9580e+05	1.5870e+00	7.3208e-01	0.0000e+00
8.9580e+05	1.5884e+00	7.3293e-01	0.0000e+00
8.9580e+05	1.5894e+00	7.3359e-01	0.0000e+00
8.9580e+05	1.5903e+00	7.3410e-01	0.0000e+00
8.9580e+05	1.5906e+00	7.3449e-01	0.0000e+00
8.9580e+05	1.5907e+00	7.3462e-01	0.0000e+00
8.9580e+05	1.5907e+00	7.3464e-01	0.0000e+00
8.9580e+05	1.5907e+00	7.3458e-01	0.0000e+00
8.9580e+05	1.5905e+00	7.3453e-01	0.0000e+00
8.9580e+05	1.5906e+00	7.3452e-01	0.0000e+00
8.9580e+05	1.5906e+00	7.3433e-01	0.0000e+00
8.9580e+05	1.5903e+00	7.3413e-01	0.0000e+00
8.9580e+05	1.5896e+00	7.3378e-01	0.0000e+00
8.9580e+05	1.5887e+00	7.3339e-01	0.0000e+00
8.9580e+05	1.5878e+00	7.3291e-01	0.0000e+00
8.9580e+05	1.5867e+00	7.3257e-01	0.0000e+00
8.9580e+05	1.5852e+00	7.3203e-01	0.0000e+00
8.9580e+05	1.5841e+00	7.3156e-01	0.0000e+00
8.9580e+05	1.5832e+00	7.3109e-01	0.0000e+00
8.9580e+05	1.5825e+00	7.3058e-01	0.0000e+00
8.9580e+05	1.5813e+00	7.2996e-01	0.0000e+00
8.9580e+05	1.5804e+00	7.2947e-01	0.0000e+00
8.9580e+05	1.5793e+00	7.2899e-01	0.0000e+00
8.9580e+05	1.5784e+00	7.2855e-01	0.0000e+00
8.9580e+05	1.5778e+00	7.2812e-01	0.0000e+00
8.9580e+05	1.5775e+00	7.2773e-01	0.0000e+00
8.9580e+05	1.5768e+00	7.2730e-01	0.0000e+00
8.9580e+05	1.5761e+00	7.2700e-01	0.0000e+00
8.9580e+05	1.5760e+00	7.2670e-01	0.0000e+00
8.9580e+05	1.5758e+00	7.2649e-01	0.0000e+00
8.9580e+05	1.5752e+00	7.2625e-01	0.0000e+00
8.9580e+05	1.5742e+00	7.2617e-01	0.0000e+00
8.9580e+05	1.5737e+00	7.2608e-01	0.0000e+00
8.9580e+05	1.5735e+00	7.2605e-01	0.0000e+00
8.9580e+05	1.5736e+00	7.2607e-01	0.0000e+00
8.9580e+05	1.5737e+00	7.2602e-01	0.0000e+00
8.9580e+05	1.5740e+00	7.2602e-01	0.0000e+00
8.9580e+05	1.5739e+00	7.2607e-01	0.0000e+00
8.9580e+05	1.5735e+00	7.2615e-01	0.0000e+00
8.9580e+05	1.5729e+00	7.2629e-01	0.0000e+00
8.9580e+05	1.5723e+00	7.2641e-01	0.0000e+00
8.9580e+05	1.5719e+00	7.2662e-01	0.0000e+00
8.9580e+05	1.5719e+00	7.2678e-01	0.0000e+00
8.9580e+05	1.5721e+00	7.2701e-01	0.0000e+00
8.9580e+05	1.5726e+00	7.2727e-01	0.0000e+00
8.9580e+05	1.5735e+00	7.2743e-01	0.0000e+00
8.9580e+05	1.5746e+00	7.2767e-01	0.0000e+00
8.9580e+05	1.5754e+00	7.2785e-01	0.0000e+00
8.9580e+05	1.5760e+00	7.2805e-01	0.0000e+00
8.9580e+05	1.5766e+00	7.2825e-01	0.0000e+00
8.9580e+05	1.5770e+00	7.2846e-01	0.0000e+00
8.9580e+05	1.5774e+00	7.2862e-01	0.0000e+00
8.9580e+05	1.5777e+00	7.2870e-01	0.0000e+00
8.9580e+05	1.5783e+00	7.2877e-01	0.0000e+00
8.9581e+05	1.5788e+00	7.2884e-01	0.0000e+00
8.9581e+05	1.5794e+00	7.2886e-01	0.0000e+00
8.9581e+05	1.5802e+00	7.2880e-01	0.0000e+00
8.9581e+05	1.5805e+00	7.2879e-01	0.0000e+00
8.9581e+05	1.5809e+00	7.2876e-01	0.0000e+00
8.9581e+05	1.5812e+00	7.2879e-01	0.0000e+00
8.9581e+05	1.5814e+00	7.2870e-01	0.0000e+00
8.9581e+05	1.5812e+00	7.2845e-01	0.0000e+00
8.9581e+05	1.5807e+00	7.2814e-01	0.0000e+00
8.9581e+05	1.5802e+00	7.2781e-01	0.0000e+00
8.9581e+05	1.5795e+00	7.2744e-01	0.0000e+00
8.9581e+05	1.5786e+00	7.2712e-01	0.0000e+00
8.9581e+05	1.5778e+00	7.2673e-01	0.0000e+00
8.9581e+05	1.5769e+00	7.2637e-01	0.0000e+00
8.9581e+05	1.5759e+00	7.2592e-01	0.0000e+00
8.9581e+05	1.5750e+00	7.2542e-01	0.0000e+00
8.9581e+05	1.5743e+00	7.2499e-01	0.0000e+00
8.9581e+05	1.5736e+00	7.2443e-01	0.0000e+00
8.9581e+05	1.5730e+00	7.2394e-01	0.0000e+00
8.9581e+05	1.5726e+00	7.2343e-01	0.0000e+00
8.9581e+05	1.5722e+00	7.2290e-01	0.0000e+00
8.9581e+05	1.5722e+00	7.2239e-01	0.0000e+00
8.9581e+05	1.5722e+00	7.2187e-01	0.0000e+00
8.9581e+05	1.5723e+00	7.2140e-01	0.0000e+00
8.9581e+05	1.5726e+00	7.2090e-01	0.0000e+00
8.9581e+05	1.5732e+00	7.2051e-01	0.0000e+00
8.9581e+05	1.5739e+00	7.2016e-01	0.0000e+00
8.9581e+05	1.5747e+00	7.1982e-01	0.0000e+00
8.9581e+05	1.5757e+00	7.1952e-01	0.0000e+00
8.9581e+05	1.5770e+00	7.1927e-01	0.0000e+00
8.9581e+05	1.5785e+00	7.1894e-01	0.0000e+00
8.9581e+05	1.5799e+00	7.1859e-01	0.0000e+00
8.9581e+05	1.5814e+00	7.1822e-01	0.0000e+00
8.9581e+05	1.5831e+00	7.1786e-01	0.0000e+00
8.9581e+05	1.5850e+00	7.1749e-01	0.0000e+00
8.9581e+05	1.5870e+00	7.1714e-01	0.0000e+00
8.9581e+05	1.5890e+00	7.1680e-01	0.0000e+00
8.9581e+05	1.5891e+00	7.1665e-01	0.0000e+00
8.9581e+05	1.5889e+00	7.1649e-01	0.0000e+00
8.9581e+05	1.5892e+00	7.1643e-01	0.0000e+00
8.9581e+05	1.5897e+00	7.1621e-01	0.0000e+00
8.9581e+05	1.5897e+00	7.1600e-01	0.0000e+00
8.9581e+05	1.5901e+00	7.1596e-01	0.0000e+00
8.9581e+05	1.5903e+00	7.1586e-01	0.0000e+00
8.9581e+05	1.5904e+00	7.1571e-01	0.0000e+00
8.9581e+05	1.5907e+00	7.1555e-01	0.0000e+00
8.9581e+05	1.5910e+00	7.1525e-01	0.0000e+00
8.9581e+05	1.5912e+00	7.1482e-01	0.0000e+00
8.9581e+05	1.5922e+00	7.1430e-01	0.0000e+00
8.9581e+05	1.5930e+00	7.1379e-01	0.0000e+00
8.9581e+05	1.5928e+00	7.1369e-01	0.0000e+00
8.9581e+05	1.5930e+00	7.1327e-01	0.0000e+00
8.9581e+05	1.5930e+00	7.1282e-01	0.0000e+00
8.9581e+05	1.5924e+00	7.1237e-01	0.0000e+00
8.9581e+05	1.5915e+00	7.1190e-01	0.0000e+00
8.9581e+05	1.5913e+00	7.1169e-01	0.0000e+00
8.9581e+05	1.5912e+00	7.1147e-01	0.0000e+00
8.9581e+05	1.5913e+00	7.1112e-01	0.0000e+00
8.9581e+05	1.5908e+00	7.1072e-01	0.0000e+00
8.9581e+05	1.5906e+00	7.1035e-01	0.0000e+00
8.9581e+05	1.5904e+00	7.1015e-01	0.0000e+00
8.9581e+05	1.5902e+00	7.1006e-01	0.0000e+00
8.9581e+05	1.5901e+00	7.0987e-01	0.0000e+00
8.9581e+05	1.5898e+00	7.0983e-01	0.0000e+00
8.9581e+05	1.5896e+00	7.0985e-01	0.0000e+00
8.9581e+05	1.5896e+00	7.1017e-01	0.0000e+00
8.9581e+05	1.5897e+00	7.1061e-01	0.0000e+00
8.9581e+05	1.5896e+00	7.1121e-01	0.0000e+00
8.9581e+05	1.5896e+00	7.1191e-01	0.0000e+00
8.9581e+05	1.5896e+00	7.1258e-01	0.0000e+00
8.9581e+05	1.5896e+00	7.1333e-01	0.0000e+00
8.9581e+05	1.5895e+00	7.1418e-01	0.0000e+00
8.9581e+05	1.5895e+00	7.1511e-01	0.0000e+00
8.9581e+05	1.5892e+00	7.1618e-01	0.0000e+00
8.9581e+05	1.5892e+00	7.1720e-01	0.0000e+00
8.9581e+05	1.5894e+00	7.1818e-01	0.0000e+00
8.9581e+05	1.5898e+00	7.1919e-01	0.0000e+00
8.9581e+05	1.5900e+00	7.2028e-01	0.0000e+00
8.9581e+05	1.5903e+00	7.2147e-01	0.0000e+00
8.9581e+05	1.5900e+00	7.2272e-01	0.0000e+00
8.9581e+05	1.5887e+00	7.2310e-01	0.0000e+00
8.9581e+05	1.5895e+00	7.2416e-01	0.0000e+00
8.9581e+05	1.5903e+00	7.2519e-01	0.0000e+00
8.9581e+05	1.5911e+00	7.2608e-01	0.0000e+00
8.9581e+05	1.5923e+00	7.2670e-01	0.0000e+00
8.9581e+05	1.5933e+00	7.2709e-01	0.0000e+00
8.9581e+05	1.5944e+00	7.2740e-01	0.0000e+00
8.9581e+05	1.5954e+00	7.2763e-01	0.0000e+00
8.9581e+05	1.5967e+00	7.2791e-01	0.0000e+00
8.9581e+05	1.5986e+00	7.2810e-01	0.0000e+00
8.9581e+05	1.6003e+00	7.2815e-01	0.0000e+00
8.9581e+05	1.6021e+00	7.2809e-01	0.0000e+00
8.9581e+05	1.6044e+00	7.2797e-01	0.0000e+00
8.9581e+05	1.6067e+00	7.2787e-01	0.0000e+00
8.9581e+05	1.6094e+00	7.2764e-01	0.0000e+00
8.9581e+05	1.6122e+00	7.2747e-01	0.0000e+00
8.9581e+05	1.6148e+00	7.2737e-01	0.0000e+00
8.9581e+05	1.6174e+00	7.2718e-01	0.0000e+00
8.9581e+05	1.6202e+00	7.2686e-01	0.0000e+00
8.9581e+05	1.6226e+00	7.2653e-01	0.0000e+00
8.9582e+05	1.6252e+00	7.2611e-01	0.0000e+00
8.9582e+05	1.6277e+00	7.2569e-01	0.0000e+00
8.9582e+05	1.6304e+00	7.2529e-01	0.0000e+00
8.9582e+05	1.6329e+00	7.2491e-01	0.0000e+00
8.9582e+05	1.6354e+00	7.2458e-01	0.0000e+00
8.9582e+05	1.6381e+00	7.2429e-01	0.0000e+00
8.9582e+05	1.6405e+00	7.2411e-01	0.0000e+00
8.9582e+05	1.6426e+00	7.2391e-01	0.0000e+00
8.9582e+05	1.6444e+00	7.2372e-01	0.0000e+00
8.9582e+05	1.6463e+00	7.2365e-01	0.0000e+00
8.9582e+05	1.6480e+00	7.2358e-01	0.0000e+00
8.9582e+05	1.6496e+00	7.2351e-01	0.0000e+00
8.9582e+05	1.6507e+00	7.2340e-01	0.0000e+00
8.9582e+05	1.6512e+00	7.2321e-01	0.0000e+00
8.9582e+05	1.6518e+00	7.2304e-01	0.0000e+00
8.9582e+05	1.6524e+00	7.2280e-01	0.0000e+00
8.9582e+05	1.6530e+00	7.2252e-01	0.0000e+00
8.9582e+05	1.6535e+00	7.2223e-01	0.0000e+00
8.9582e+05	1.6537e+00	7.2213e-01	0.0000e+00
8.9582e+05	1.6543e+00	7.2200e-01	0.0000e+00
8.9582e+05	1.6551e+00	7.2202e-01	0.0000e+00
8.9582e+05	1.6555e+00	7.2211e-01	0.0000e+00
8.9582e+05	1.6554e+00	7.2222e-01	0.0000e+00
8.9582e+05	1.6551e+00	7.2224e-01	0.0000e+00
8.9582e+05	1.6547e+00	7.2236e-01	0.0000e+00
8.9582e+05	1.6551e+00	7.2229e-01	0.0000e+00
8.9582e+05	1.6553e+00	7.2237e-01	0.0000e+00
8.9582e+05	1.6555e+00	7.2240e-01	0.0000e+00
8.9582e+05	1.6560e+00	7.2240e-01	0.0000e+00
8.9582e+05	1.6565e+00	7.2240e-01	0.0000e+00
8.9582e+05	1.6573e+00	7.2244e-01	0.0000e+00
8.9582e+05	1.6582e+00	7.2250e-01	0.0000e+00
8.9582e+05	1.6594e+00	7.2256e-01	0.0000e+00
8.9582e+05	1.6610e+00	7.2262e-01	0.0000e+00
8.9582e+05	1.6619e+00	7.2272e-01	0.0000e+00
8.9582e+05	1.6625e+00	7.2291e-01	0.0000e+00
8.9582e+05	1.6632e+00	7.2319e-01	0.0000e+00
8.9582e+05	1.6636e+00	7.2348e-01	0.0000e+00
8.9582e+05	1.6640e+00	7.2377e-01	0.0000e+00
8.9582e+05	1.6646e+00	7.2400e-01	0.0000e+00
8.9582e+05	1.6653e+00	7.2416e-01	0.0000e+00
8.9582e+05	1.6663e+00	7.2422e-01	0.0000e+00
8.9582e+05	1.6673e+00	7.2423e-01	0.0000e+00
8.9582e+05	1.6678e+00	7.2423e-01	0.0000e+00
8.9582e+05	1.6683e+00	7.2422e-01	0.0000e+00
8.9582e+05	1.6690e+00	7.2425e-01	0.0000e+00
8.9582e+05	1.6692e+00	7.2438e-01	0.0000e+00
8.9582e+05	1.6696e+00	7.2458e-01	0.0000e+00
8.9582e+05	1.6703e+00	7.2481e-01	0.0000e+00
8.9582e+05	1.6720e+00	7.2525e-01	0.0000e+00
8.9582e+05	1.6725e+00	7.2541e-01	0.0000e+00
8.9582e+05	1.6728e+00	7.2557e-01	0.0000e+00
8.9582e+05	1.6731e+00	7.2579e-01	0.0000e+00
8.9582e+05	1.6736e+00	7.2592e-01	0.0000e+00
8.9582e+05	1.6742e+00	7.2598e-01	0.0000e+00
8.9582e+05	1.6749e+00	7.2608e-01	0.0000e+00
8.9582e+05	1.6754e+00	7.2610e-01	0.0000e+00
8.9582e+05	1.6762e+00	7.2620e-01	0.0000e+00
8.9582e+05	1.6770e+00	7.2634e-01	0.0000e+00
8.9582e+05	1.6775e+00	7.2653e-01	0.0000e+00
8.9582e+05	1.6782e+00	7.2667e-01	0.0000e+00
8.9582e+05	1.6788e+00	7.2687e-01	0.0000e+00
8.9582e+05	1.6794e+00	7.2712e-01	0.0000e+00
8.9582e+05	1.6802e+00	7.2744e-01	0.0000e+00
8.9582e+05	1.6811e+00	7.2760e-01	0.0000e+00
8.9582e+05	1.6820e+00	7.2778e-01	0.0000e+00
8.9582e+05	1.6827e+00	7.2793e-01	0.0000e+00
8.9582e+05	1.6831e+00	7.2804e-01	0.0000e+00
8.9582e+05	1.6834e+00	7.2814e-01	0.0000e+00
8.9582e+05	1.6838e+00	7.2826e-01	0.0000e+00
8.9582e+05	1.6840e+00	7.2837e-01	0.0000e+00
8.9582e+05	1.6844e+00	7.2843e-01	0.0000e+00
8.9582e+05	1.6845e+00	7.2853e-01	0.0000e+00
8.9582e+05	1.6844e+00	7.2873e-01	0.0000e+00
8.9582e+05	1.6845e+00	7.2886e-01	0.0000e+00
8.9582e+05	1.6848e+00	7.2896e-01	0.0000e+00
8.9582e+05	1.6849e+00	7.2885e-01	0.0000e+00
8.9582e+05	1.6849e+00	7.2878e-01	0.0000e+00
8.9582e+05	1.6848e+00	7.2863e-01	0.0000e+00
8.9582e+05	1.6849e+00	7.2842e-01	0.0000e+00
8.9582e+05	1.6854e+00	7.2825e-01	0.0000e+00
8.9582e+05	1.6858e+00	7.2792e-01	0.0000e+00
8.9582e+05	1.6858e+00	7.2774e-01	0.0000e+00
8.9582e+05	1.6860e+00	7.2756e-01	0.0000e+00
8.9582e+05	1.6865e+00	7.2734e-01	0.0000e+00
8.9582e+05	1.6871e+00	7.2713e-01	0.0000e+00
8.9582e+05	1.6877e+00	7.2688e-01	0.0000e+00
8.9582e+05	1.6884e+00	7.2664e-01	0.0000e+00
8.9582e+05	1.6888e+00	7.2636e-01	0.0000e+00
8.9582e+05	1.6893e+00	7.2606e-01	0.0000e+00
8.9582e+05	1.6898e+00	7.2580e-01	0.0000e+00
8.9582e+05	1.6898e+00	7.2551e-01	0.0000e+00
8.9582e+05	1.6900e+00	7.2522e-01	0.0000e+00
8.9582e+05	1.6904e+00	7.2489e-01	0.0000e+00
8.9582e+05	1.6907e+00	7.2465e-01	0.0000e+00
8.9582e+05	1.6913e+00	7.2440e-01	0.0000e+00
8.9582e+05	1.6921e+00	7.2425e-01	0.0000e+00
8.9582e+05	1.6923e+00	7.2404e-01	0.0000e+00
8.9582e+05	1.6921e+00	7.2389e-01	0.0000e+00
8.9582e+05	1.6920e+00	7.2364e-01	0.0000e+00
8.9583e+05	1.6922e+00	7.2336e-01	0.0000e+00
8.9583e+05	1.6920e+00	7.2309e-01	0.0000e+00
8.9583e+05	1.6920e+00	7.2274e-01	0.0000e+00
8.9583e+05	1.6920e+00	7.2236e-01	0.0000e+00
8.9583e+05	1.6921e+00	7.2209e-01	0.0000e+00
8.9583e+05	1.6920e+00	7.2181e-01	0.0000e+00
8.9583e+05	1.6917e+00	7.2140e-01	0.0000e+00
8.9583e+05	1.6917e+00	7.2094e-01	0.0000e+00
8.9583e+05	1.6916e+00	7.2046e-01	0.0000e+00
8.9583e+05	1.6914e+00	7.2001e-01	0.0000e+00
8.9583e+05	1.6912e+00	7.1950e-01	0.0000e+00
8.9583e+05	1.6911e+00	7.1885e-01	0.0000e+00
8.9583e+05	1.6909e+00	7.1812e-01	0.0000e+00
8.9583e+05	1.6904e+00	7.1756e-01	0.0000e+00
8.9583e+05	1.6899e+00	7.1698e-01	0.0000e+00
8.9583e+05	1.6893e+00	7.1642e-01	0.0000e+00
8.9583e+05	1.6887e+00	7.1586e-01	0.0000e+00
8.9583e+05	1.6879e+00	7.1516e-01	0.0000e+00
8.9583e+05	1.6874e+00	7.1438e-01	0.0000e+00
8.9583e+05	1.6866e+00	7.1369e-01	0.0000e+00
8.9583e+05	1.6861e+00	7.1292e-01	0.0000e+00
8.9583e+05	1.6857e+00	7.1211e-01	0.0000e+00
8.9583e+05	1.6851e+00	7.1114e-01	0.0000e+00
8.9583e+05	1.6843e+00	7.1029e-01	0.0000e+00
8.9583e+05	1.6835e+00	7.0936e-01	0.0000e+00
8.9583e+05	1.6822e+00	7.0842e-01	0.0000e+00
8.9583e+05	1.6810e+00	7.0744e-01	0.0000e+00
8.9583e+05	1.6802e+00	7.0630e-01	0.0000e+00
8.9583e+05	1.6792e+00	7.0518e-01	0.0000e+00
8.9583e+05	1.6781e+00	7.0401e-01	0.0000e+00
8.9583e+05	1.6773e+00	7.0287e-01	0.0000e+00
8.9583e+05	1.6766e+00	7.0173e-01	0.0000e+00
8.9583e+05	1.6756e+00	7.0058e-01	0.0000e+00
8.9583e+05	1.6748e+00	6.9941e-01	0.0000e+00
8.9583e+05	1.6738e+00	6.9820e-01	0.0000e+00
8.9583e+05	1.6731e+00	6.9699e-01	0.0000e+00
8.9583e+05	1.6722e+00	6.9563e-01	0.0000e+00
8.9583e+05	1.6709e+00	6.9433e-01	0.0000e+00
8.9583e+05	1.6699e+00	6.9306e-01	0.0000e+00
8.9583e+05	1.6688e+00	6.9179e-01	0.0000e+00
8.9583e+05	1.6678e+00	6.9051e-01	0.0000e+00
8.9583e+05	1.6674e+00	6.8937e-01	0.0000e+00
8.9583e+05	1.6671e+00	6.8832e-01	0.0000e+00
8.9583e+05	1.6666e+00	6.8728e-01	0.0000e+00
8.9583e+05	1.6663e+00	6.8628e-01	0.0000e+00
8.9583e+05	1.6662e+00	6.8521e-01	0.0000e+00
8.9583e+05	1.6663e+00	6.8411e-01	0.0000e+00
8.9583e+05	1.6656e+00	6.8336e-01	0.0000e+00
8.9583e+05	1.6651e+00	6.8273e-01	0.0000e+00
8.9583e+05	1.6653e+00	6.8186e-01	0.0000e+00
8.9583e+05	1.6661e+00	6.8116e-01	0.0000e+00
8.9583e+05	1.6669e+00	6.8067e-01	0.0000e+00
8.9583e+05	1.6679e+00	6.8022e-01	0.0000e+00
8.9583e+05	1.6689e+00	6.7993e-01	0.0000e+00
8.9583e+05	1.6700e+00	6.7958e-01	0.0000e+00
8.9583e+05	1.6705e+00	6.7920e-01	0.0000e+00
8.9583e+05	1.6714e+00	6.7896e-01	0.0000e+00
8.9583e+05	1.6725e+00	6.7878e-01	0.0000e+00
8.9583e+05	1.6739e+00	6.7881e-01	0.0000e+00
8.9583e+05	1.6753e+00	6.7887e-01	0.0000e+00
8.9583e+05	1.6766e+00	6.7906e-01	0.0000e+00
8.9583e+05	1.6780e+00	6.7932e-01	0.0000e+00
8.9583e+05	1.6796e+00	6.7972e-01	0.0000e+00
8.9583e+05	1.6812e+00	6.7998e-01	0.0000e+00
8.9583e+05	1.6824e+00	6.8037e-01	0.0000e+00
8.9583e+05	1.6838e+00	6.8084e-01	0.0000e+00
8.9583e+05	1.6855e+00	6.8149e-01	0.0000e+00
8.9583e+05	1.6868e+00	6.8205e-01	0.0000e+00
8.9583e+05	1.6880e+00	6.8263e-01	0.0000e+00
8.9583e+05	1.6892e+00	6.8325e-01	0.0000e+00
8.9583e+05	1.6899e+00	6.8381e-01	0.0000e+00
8.9583e+05	1.6903e+00	6.8429e-01	0.0000e+00
8.9583e+05	1.6912e+00	6.8478e-01	0.0000e+00
8.9583e+05	1.6916e+00	6.8515e-01	0.0000e+00
8.9583e+05	1.6918e+00	6.8549e-01	0.0000e+00
8.9583e+05	1.6920e+00	6.8582e-01	0.0000e+00
8.9583e+05	1.6927e+00	6.8616e-01	0.0000e+00
8.9583e+05	1.6935e+00	6.8640e-01	0.0000e+00
8.9583e+05	1.6939e+00	6.8664e-01	0.0000e+00
8.9583e+05	1.6944e+00	6.8681e-01	0.0000e+00
8.9583e+05	1.6944e+00	6.8676e-01	0.0000e+00
8.9583e+05	1.6943e+00	6.8675e-01	0.0000e+00
8.9583e+05	1.6940e+00	6.8669e-01	0.0000e+00
8.9583e+05	1.6944e+00	6.8655e-01	0.0000e+00
8.9583e+05	1.6948e+00	6.8636e-01	0.0000e+00
8.9583e+05	1.6955e+00	6.8604e-01	0.0000e+00
8.9583e+05	1.6961e+00	6.8575e-01	0.0000e+00
8.9583e+05	1.6966e+00	6.8529e-01	0.0000e+00
8.9583e+05	1.6970e+00	6.8481e-01	0.0000e+00
8.9583e+05	1.6970e+00	6.8426e-01	0.0000e+00
8.9583e+05	1.6968e+00	6.8361e-01	0.0000e+00
8.9583e+05	1.6965e+00	6.8305e-01	0.0000e+00
8.9583e+05	1.6963e+00	6.8249e-01	0.0000e+00
8.9583e+05	1.6962e+00	6.8193e-01	0.0000e+00
8.9583e+05	1.6969e+00	6.8134e-01	0.0000e+00
8.9583e+05	1.6975e+00	6.8070e-01	0.0000e+00
8.9583e+05	1.6983e+00	6.8008e-01	0.0000e+00
8.9583e+05	1.6989e+00	6.7947e-01	0.0000e+00
8.9583e+05	1.6992e+00	6.7902e-01	0.0000e+00
8.9583e+05	1.6995e+00	6.7850e-01	0.0000e+00
8.9584e+05	1.7000e+00	6.7800e-01	0.0000e+00
8.9584e+05	1.7004e+00	6.7754e-01	0.0000e+00
8.9584e+05	1.7008e+00	6.7723e-01	0.0000e+00
8.9584e+05	1.7016e+00	6.7695e-01	0.0000e+00
8.9584e+05	1.7025e+00	6.7665e-01	0.0000e+00
8.9584e+05	1.7035e+00	6.7630e-01	0.0000e+00
8.9584e+05	1.7047e+00	6.7610e-01	0.0000e+00
8.9584e+05	1.7064e+00	6.7605e-01	0.0000e+00
8.9584e+05	1.7078e+00	6.7624e-01	0.0000e+00
8.9584e+05	1.7092e+00	6.7646e-01	0.0000e+00
8.9584e+05	1.7110e+00	6.7673e-01	0.0000e+00
8.9584e+05	1.7122e+00	6.7685e-01	0.0000e+00
8.9584e+05	1.7139e+00	6.7728e-01	0.0000e+00
8.9584e+05	1.7156e+00	6.7763e-01	0.0000e+00
8.9584e+05	1.7174e+00	6.7803e-01	0.0000e+00
8.9584e+05	1.7189e+00	6.7844e-01	0.0000e+00
8.9584e+05	1.7206e+00	6.7877e-01	0.0000e+00
8.9584e+05	1.7223e+00	6.7920e-01	0.0000e+00
8.9584e+05	1.7238e+00	6.7953e-01	0.0000e+00
8.9584e+05	1.7251e+00	6.7983e-01	0.0000e+00
8.9584e+05	1.7265e+00	6.8032e-01	0.0000e+00
8.9584e+05	1.7279e+00	6.8082e-01	0.0000e+00
8.9584e+05	1.7292e+00	6.8116e-01	0.0000e+00
8.9584e+05	1.7302e+00	6.8153e-01	0.0000e+00
8.9584e+05	1.7311e+00	6.8196e-01	0.0000e+00
8.9584e+05	1.7319e+00	6.8227e-01	0.0000e+00
8.9584e+05	1.7328e+00	6.8255e-01	0.0000e+00
8.9584e+05	1.7338e+00	6.8275e-01	0.0000e+00
8.9584e+05	1.7344e+00	6.8281e-01	0.0000e+00
8.9584e+05	1.7348e+00	6.8294e-01	0.0000e+00
8.9584e+05	1.7355e+00	6.8313e-01	0.0000e+00
8.9584e+05	1.7363e+00	6.8322e-01	0.0000e+00
8.9584e+05	1.7371e+00	6.8330e-01	0.0000e+00
8.9584e+05	1.7378e+00	6.8343e-01	0.0000e+00
8.9584e+05	1.7383e+00	6.8357e-01	0.0000e+00
8.9584e+05	1.7385e+00	6.8381e-01	0.0000e+00
8.9584e+05	1.7389e+00	6.8406e-01	0.0000e+00
8.9584e+05	1.7394e+00	6.8438e-01	0.0000e+00
8.9584e+05	1.7397e+00	6.8480e-01	0.0000e+00
8.9584e+05	1.7403e+00	6.8523e-01	0.0000e+00
8.9584e+05	1.7412e+00	6.8566e-01	0.0000e+00
8.9584e+05	1.7405e+00	6.8587e-01	0.0000e+00
8.9584e+05	1.7413e+00	6.8624e-01	0.0000e+00
8.9584e+05	1.7418e+00	6.8666e-01	0.0000e+00
8.9584e+05	1.7420e+00	6.8722e-01	0.0000e+00
8.9584e+05	1.7421e+00	6.8783e-01	0.0000e+00
8.9584e+05	1.7419e+00	6.8858e-01	0.0000e+00
8.9584e+05	1.7420e+00	6.8938e-01	0.0000e+00
8.9584e+05	1.7420e+00	6.9025e-01	0.0000e+00
8.9584e+05	1.7418e+00	6.9101e-01	0.0000e+00
8.9584e+05	1.7418e+00	6.9143e-01	0.0000e+00
8.9584e+05	1.7416e+00	6.9217e-01	0.0000e+00
8.9584e+05	1.7417e+00	6.9297e-01	0.0000e+00
8.9584e+05	1.7415e+00	6.9377e-01	0.0000e+00
8.9584e+05	1.7415e+00	6.9452e-01	0.0000e+00
8.9584e+05	1.7415e+00	6.9509e-01	0.0000e+00
8.9584e+05	1.7412e+00	6.9558e-01	0.0000e+00
8.9584e+05	1.7410e+00	6.9602e-01	0.0000e+00
8.9584e+05	1.7409e+00	6.9640e-01	0.0000e+00
8.9584e+05	1.7403e+00	6.9686e-01	0.0000e+00
8.9584e+05	1.7396e+00	6.9713e-01	0.0000e+00
8.9584e+05	1.7393e+00	6.9726e-01	0.0000e+00
8.9584e+05	1.7393e+00	6.9749e-01	0.0000e+00
8.9584e+05	1.7395e+00	6.9757e-01	0.0000e+00
8.9584e+05	1.7400e+00	6.9753e-01	0.0000e+00
8.9584e+05	1.7404e+00	6.9719e-01	0.0000e+00
8.9584e+05	1.7406e+00	6.9672e-01	0.0000e+00
8.9584e+05	1.7407e+00	6.9611e-01	0.0000e+00
8.9584e+05	1.7409e+00	6.9538e-01	0.0000e+00
8.9584e+05	1.7412e+00	6.9467e-01	0.0000e+00
8.9584e+05	1.7416e+00	6.9382e-01	0.0000e+00
8.9584e+05	1.7419e+00	6.9286e-01	0.0000e+00
8.9584e+05	1.7422e+00	6.9171e-01	0.0000e+00
8.9584e+05	1.7426e+00	6.9054e-01	0.0000e+00
8.9584e+05	1.7425e+00	6.8927e-01	0.0000e+00
8.9584e+05	1.7420e+00	6.8806e-01	0.0000e+00
8.9584e+05	1.7415e+00	6.8688e-01	0.0000e+00
8.9584e+05	1.7411e+00	6.8561e-01	0.0000e+00
8.9584e+05	1.7407e+00	6.8434e-01	0.0000e+00
8.9584e+05	1.7399e+00	6.8307e-01	0.0000e+00
8.9584e+05	1.7396e+00	6.8274e-01	0.0000e+00
8.9584e+05	1.7378e+00	6.8148e-01	0.0000e+00
8.9584e+05	1.7360e+00	6.8022e-01	0.0000e+00
8.9584e+05	1.7338e+00	6.7896e-01	0.0000e+00
8.9584e+05	1.7313e+00	6.7788e-01	0.0000e+00
8.9584e+05	1.7290e+00	6.7688e-01	0.0000e+00
8.9584e+05	1.7267e+00	6.7595e-01	0.0000e+00
8.9584e+05	1.7243e+00	6.7510e-01	0.0000e+00
8.9584e+05	1.7218e+00	6.7427e-01	0.0000e+00
8.9584e+05	1.7190e+00	6.7364e-01	0.0000e+00
8.9584e+05	1.7162e+00	6.7313e-01	0.0000e+00
8.9584e+05	1.7133e+00	6.7274e-01	0.0000e+00
8.9584e+05	1.7104e+00	6.7240e-01	0.0000e+00
8.9584e+05	1.7078e+00	6.7212e-01	0.0000e+00
8.9584e+05	1.7052e+00	6.7193e-01	0.0000e+00
8.9584e+05	1.7025e+00	6.7175e-01	0.0000e+00
8.9584e+05	1.6998e+00	6.7157e-01	0.0000e+00
8.9584e+05	1.6970e+00	6.7147e-01	0.0000e+00
8.9584e+05	1.6945e+00	6.7141e-01	0.0000e+00
8.9584e+05	1.6926e+00	6.7139e-01	0.0000e+00
8.9585e+05	1.6907e+00	6.7144e-01	0.0000e+00
8.9585e+05	1.6889e+00	6.7155e-01	0.0000e+00
8.9585e+05	1.6872e+00	6.7163e-01	0.0000e+00
8.9585e+05	1.6858e+00	6.7185e-01	0.0000e+00
8.9585e+05	1.6845e+00	6.7207e-01	0.0000e+00
8.9585e+05	1.6828e+00	6.7233e-01	0.0000e+00
8.9585e+05	1.6811e+00	6.7253e-01	0.0000e+00
8.9585e+05	1.6796e+00	6.7266e-01	0.0000e+00
8.9585e+05	1.6781e+00	6.7266e-01	0.0000e+00
8.9585e+05	1.6767e+00	6.7257e-01	0.0000e+00
8.9585e+05	1.6755e+00	6.7251e-01	0.0000e+00
8.9585e+05	1.6744e+00	6.7251e-01	0.0000e+00
8.9585e+05	1.6735e+00	6.7253e-01	0.0000e+00
8.9585e+05	1.6730e+00	6.7266e-01	0.0000e+00
8.9585e+05	1.6725e+00	6.7272e-01	0.0000e+00
8.9585e+05	1.6719e+00	6.7281e-01	0.0000e+00
8.9585e+05	1.6715e+00	6.7293e-01	0.0000e+00
8.9585e+05	1.6709e+00	6.7292e-01	0.0000e+00
8.9585e+05	1.6700e+00	6.7265e-01	0.0000e+00
8.9585e+05	1.6692e+00	6.7233e-01	0.0000e+00
8.9585e+05	1.6681e+00	6.7204e-01	0.0000e+00
8.9585e+05	1.6670e+00	6.7174e-01	0.0000e+00
8.9585e+05	1.6662e+00	6.7132e-01	0.0000e+00
8.9585e+05	1.6659e+00	6.7090e-01	0.0000e+00
8.9585e+05	1.6658e+00	6.7046e-01	0.0000e+00
8.9585e+05	1.6657e+00	6.7008e-01	0.0000e+00
8.9585e+05	1.6658e+00	6.6978e-01	0.0000e+00
8.9585e+05	1.6658e+00	6.6938e-01	0.0000e+00
8.9585e+05	1.6657e+00	6.6901e-01	0.0000e+00
8.9585e+05	1.6654e+00	6.6869e-01	0.0000e+00
8.9585e+05	1.6650e+00	6.6838e-01	0.0000e+00
8.9585e+05	1.6647e+00	6.6799e-01	0.0000e+00
8.9585e+05	1.6645e+00	6.6754e-01	0.0000e+00
8.9585e+05	1.6643e+00	6.6727e-01	0.0000e+00
8.9585e+05	1.6644e+00	6.6691e-01	0.0000e+00
8.9585e+05	1.6647e+00	6.6662e-01	0.0000e+00
8.9585e+05	1.6649e+00	6.6629e-01	0.0000e+00
8.9585e+05	1.6653e+00	6.6592e-01	0.0000e+00
8.9585e+05	1.6658e+00	6.6569e-01	0.0000e+00
8.9585e+05	1.6664e+00	6.6552e-01	0.0000e+00
8.9585e+05	1.6670e+00	6.6541e-01	0.0000e+00
8.9585e+05	1.6676e+00	6.6529e-01	0.0000e+00
8.9585e+05	1.6684e+00	6.6537e-01	0.0000e+00
8.9585e+05	1.6695e+00	6.6549e-01	0.0000e+00
8.9585e+05	1.6704e+00	6.6558e-01	0.0000e+00
8.9585e+05	1.6711e+00	6.6565e-01	0.0000e+00
8.9585e+05	1.6725e+00	6.6563e-01	0.0000e+00
8.9585e+05	1.6737e+00	6.6564e-01	0.0000e+00
8.9585e+05	1.6747e+00	6.6557e-01	0.0000e+00
8.9585e+05	1.6748e+00	6.6548e-01	0.0000e+00
8.9585e+05	1.6760e+00	6.6550e-01	0.0000e+00
8.9585e+05	1.6773e+00	6.6551e-01	0.0000e+00
8.9585e+05	1.6787e+00	6.6545e-01	0.0000e+00
8.9585e+05	1.6796e+00	6.6537e-01	0.0000e+00
8.9585e+05	1.6807e+00	6.6534e-01	0.0000e+00
8.9585e+05	1.6817e+00	6.6531e-01	0.0000e+00
8.9585e+05	1.6826e+00	6.6539e-01	0.0000e+00
8.9585e+05	1.6836e+00	6.6545e-01	0.0000e+00
8.9585e+05	1.6845e+00	6.6545e-01	0.0000e+00
8.9585e+05	1.6855e+00	6.6541e-01	0.0000e+00
8.9585e+05	1.6866e+00	6.6535e-01	0.0000e+00
8.9585e+05	1.6875e+00	6.6525e-01	0.0000e+00
8.9585e+05	1.6883e+00	6.6508e-01	0.0000e+00
8.9585e+05	1.6891e+00	6.6481e-01	0.0000e+00
8.9585e+05	1.6897e+00	6.6464e-01	0.0000e+00
8.9585e+05	1.6903e+00	6.6456e-01	0.0000e+00
8.9585e+05	1.6909e+00	6.6452e-01	0.0000e+00
8.9585e+05	1.6917e+00	6.6454e-01	0.0000e+00
8.9585e+05	1.6923e+00	6.6455e-01	0.0000e+00
8.9585e+05	1.6929e+00	6.6457e-01	0.0000e+00
8.9585e+05	1.6937e+00	6.6463e-01	0.0000e+00
8.9585e+05	1.6943e+00	6.6469e-01	0.0000e+00
8.9585e+05	1.6953e+00	6.6475e-01	0.0000e+00
8.9585e+05	1.6964e+00	6.6472e-01	0.0000e+00
8.9585e+05	1.6973e+00	6.6481e-01	0.0000e+00
8.9585e+05	1.6978e+00	6.6479e-01	0.0000e+00
8.9585e+05	1.6988e+00	6.6491e-01	0.0000e+00
8.9585e+05	1.6997e+00	6.6512e-01	0.0000e+00
8.9585e+05	1.7007e+00	6.6535e-01	0.0000e+00
8.9585e+05	1.7018e+00	6.6548e-01	0.0000e+00
8.9585e+05	1.7024e+00	6.6576e-01	0.0000e+00
8.9585e+05	1.7032e+00	6.6616e-01	0.0000e+00
8.9585e+05	1.7047e+00	6.6653e-01	0.0000e+00
8.9585e+05	1.7060e+00	6.6680e-01	0.0000e+00
8.9585e+05	1.7072e+00	6.6712e-01	0.0000e+00
8.9585e+05	1.7083e+00	6.6740e-01	0.0000e+00
8.9585e+05	1.7097e+00	6.6770e-01	0.0000e+00
8.9585e+05	1.7107e+00	6.6795e-01	0.0000e+00
8.9585e+05	1.7117e+00	6.6811e-01	0.0000e+00
8.9585e+05	1.7125e+00	6.6821e-01	0.0000e+00
8.9585e+05	1.7134e+00	6.6833e-01	0.0000e+00
8.9585e+05	1.7143e+00	6.6856e-01	0.0000e+00
8.9585e+05	1.7149e+00	6.6892e-01	0.0000e+00
8.9585e+05	1.7157e+00	6.6926e-01	0.0000e+00
8.9585e+05	1.7165e+00	6.6966e-01	0.0000e+00
8.9585e+05	1.7171e+00	6.7000e-01	0.0000e+00
8.9585e+05	1.7176e+00	6.7018e-01	0.0000e+00
8.9585e+05	1.7184e+00	6.7036e-01	0.0000e+00
8.9585e+05	1.7192e+00	6.7051e-01	0.0000e+00
8.9585e+05	1.7196e+00	6.7068e-01	0.0000e+00
8.9586e+05	1.7197e+00	6.7072e-01	0.0000e+00
8.9586e+05	1.7198e+00	6.7089e-01	0.0000e+00
8.9586e+05	1.7196e+00	6.7123e-01	0.0000e+00
8.9586e+05	1.7192e+00	6.7157e-01	0.0000e+00
8.9586e+05	1.7188e+00	6.7175e-01	0.0000e+00
8.9586e+05	1.7186e+00	6.7198e-01	0.0000e+00
8.9586e+05	1.7185e+00	6.7229e-01	0.0000e+00
8.9586e+05	1.7183e+00	6.7268e-01	0.0000e+00
8.9586e+05	1.7181e+00	6.7309e-01	0.0000e+00
8.9586e+05	1.7178e+00	6.7351e-01	0.0000e+00
8.9586e+05	1.7174e+00	6.7388e-01	0.0000e+00
8.9586e+05	1.7169e+00	6.7432e-01	0.0000e+00
8.9586e+05	1.7163e+00	6.7487e-01	0.0000e+00
8.9586e+05	1.7157e+00	6.7527e-01	0.0000e+00
8.9586e+05	1.7150e+00	6.7577e-01	0.0000e+00
8.9586e+05	1.7142e+00	6.7622e-01	0.0000e+00
8.9586e+05	1.7130e+00	6.7673e-01	0.0000e+00
8.9586e+05	1.7119e+00	6.7729e-01	0.0000e+00
8.9586e+05	1.7105e+00	6.7782e-01	0.0000e+00
8.9586e+05	1.7091e+00	6.7830e-01	0.0000e+00
8.9586e+05	1.7074e+00	6.7880e-01	0.0000e+00
8.9586e+05	1.7057e+00	6.7927e-01	0.0000e+00
8.9586e+05	1.7043e+00	6.7968e-01	0.0000e+00
8.9586e+05	1.7027e+00	6.8003e-01	0.0000e+00
8.9586e+05	1.7010e+00	6.8049e-01	0.0000e+00
8.9586e+05	1.6989e+00	6.8099e-01	0.0000e+00
8.9586e+05	1.6966e+00	6.8147e-01	0.0000e+00
8.9586e+05	1.6942e+00	6.8192e-01	0.0000e+00
8.9586e+05	1.6917e+00	6.8229e-01	0.0000e+00
8.9586e+05	1.6894e+00	6.8258e-01	0.0000e+00
8.9586e+05	1.6869e+00	6.8272e-01	0.0000e+00
8.9586e+05	1.6846e+00	6.8271e-01	0.0000e+00
8.9586e+05	1.6823e+00	6.8267e-01	0.0000e+00
8.9586e+05	1.6800e+00	6.8258e-01	0.0000e+00
8.9586e+05	1.6780e+00	6.8239e-01	0.0000e+00
8.9586e+05	1.6756e+00	6.8232e-01	0.0000e+00
8.9586e+05	1.6734e+00	6.8217e-01	0.0000e+00
8.9586e+05	1.6715e+00	6.8204e-01	0.0000e+00
8.9586e+05	1.6696e+00	6.8207e-01	0.0000e+00
8.9586e+05	1.6679e+00	6.8214e-01	0.0000e+00
8.9586e+05	1.6664e+00	6.8213e-01	0.0000e+00
8.9586e+05	1.6646e+00	6.8210e-01	0.0000e+00
8.9586e+05	1.6630e+00	6.8209e-01	0.0000e+00
8.9586e+05	1.6618e+00	6.8212e-01	0.0000e+00
8.9586e+05	1.6606e+00	6.8202e-01	0.0000e+00
8.9586e+05	1.6598e+00	6.8199e-01	0.0000e+00
8.9586e+05	1.6592e+00	6.8203e-01	0.0000e+00
8.9586e+05	1.6592e+00	6.8203e-01	0.0000e+00
8.9586e+05	1.6591e+00	6.8205e-01	0.0000e+00
8.9586e+05	1.6585e+00	6.8239e-01	0.0000e+00
8.9586e+05	1.6578e+00	6.8267e-01	0.0000e+00
8.9586e+05	1.6573e+00	6.8285e-01	0.0000e+00
8.9586e+05	1.6566e+00	6.8308e-01	0.0000e+00
8.9586e+05	1.6561e+00	6.8324e-01	0.0000e+00
8.9586e+05	1.6556e+00	6.8344e-01	0.0000e+00
8.9586e+05	1.6557e+00	6.8369e-01	0.0000e+00
8.9586e+05	1.6556e+00	6.8390e-01	0.0000e+00
8.9586e+05	1.6555e+00	6.8410e-01	0.0000e+00
8.9586e+05	1.6557e+00	6.8419e-01	0.0000e+00
8.9586e+05	1.6560e+00	6.8437e-01	0.0000e+00
8.9586e+05	1.6564e+00	6.8442e-01	0.0000e+00
8.9586e+05	1.6567e+00	6.8422e-01	0.0000e+00
8.9586e+05	1.6569e+00	6.8393e-01	0.0000e+00
8.9586e+05	1.6568e+00	6.8369e-01	0.0000e+00
8.9586e+05	1.6569e+00	6.8331e-01	0.0000e+00
8.9586e+05	1.6570e+00	6.8282e-01	0.0000e+00
8.9586e+05	1.6570e+00	6.8215e-01	0.0000e+00
8.9586e+05	1.6571e+00	6.8149e-01	0.0000e+00
8.9586e+05	1.6574e+00	6.8073e-01	0.0000e+00
8.9586e+05	1.6578e+00	6.8001e-01	0.0000e+00
8.9586e+05	1.6584e+00	6.7928e-01	0.0000e+00
8.9586e+05	1.6589e+00	6.7866e-01	0.0000e+00
8.9586e+05	1.6592e+00	6.7798e-01	0.0000e+00
8.9586e+05	1.6599e+00	6.7733e-01	0.0000e+00
8.9586e+05	1.6601e+00	6.7661e-01	0.0000e+00
8.9586e+05	1.6604e+00	6.7588e-01	0.0000e+00
8.9586e+05	1.6603e+00	6.7508e-01	0.0000e+00
8.9586e+05	1.6605e+00	6.7473e-01	0.0000e+00
8.9586e+05	1.6608e+00	6.7392e-01	0.0000e+00
8.9586e+05	1.6604e+00	6.7308e-01	0.0000e+00
8.9586e+05	1.6601e+00	6.7249e-01	0.0000e+00
8.9586e+05	1.6599e+00	6.7196e-01	0.0000e+00
8.9586e+05	1.6593e+00	6.7148e-01	0.0000e+00
8.9586e+05	1.6583e+00	6.7101e-01	0.0000e+00
8.9586e+05	1.6575e+00	6.7065e-01	0.0000e+00
8.9586e+05	1.6568e+00	6.7049e-01	0.0000e+00
8.9586e+05	1.6561e+00	6.7030e-01	0.0000e+00
8.9586e+05	1.6553e+00	6.7010e-01	0.0000e+00
8.9586e+05	1.6548e+00	6.6990e-01	0.0000e+00
8.9586e+05	1.6545e+00	6.6968e-01	0.0000e+00
8.9586e+05	1.6540e+00	6.6960e-01	0.0000e+00
8.9586e+05	1.6533e+00	6.6952e-01	0.0000e+00
8.9586e+05	1.6526e+00	6.6944e-01	0.0000e+00
8.9586e+05	1.6518e+00	6.6945e-01	0.0000e+00
8.9586e+05	1.6505e+00	6.6960e-01	0.0000e+00
8.9586e+05	1.6492e+00	6.6984e-01	0.0000e+00
8.9586e+05	1.6481e+00	6.7005e-01	0.0000e+00
8.9586e+05	1.6475e+00	6.7034e-01	0.0000e+00
8.9586e+05	1.6473e+00	6.7062e-01	0.0000e+00
8.9586e+05	1.6472e+00	6.7097e-01	0.0000e+00
8.9587e+05	1.6469e+00	6.7125e-01	0.0000e+00
8.9587e+05	1.6470e+00	6.7151e-01	0.0000e+00
8.9587e+05	1.6472e+00	6.7177e-01	0.0000e+00
8.9587e+05	1.6472e+00	6.7197e-01	0.0000e+00
8.9587e+05	1.6474e+00	6.7225e-01	0.0000e+00
8.9587e+05	1.6476e+00	6.7236e-01	0.0000e+00
8.9587e+05	1.6477e+00	6.7261e-01	0.0000e+00
8.9587e+05	1.6478e+00	6.7293e-01	0.0000e+00
8.9587e+05	1.6482e+00	6.7312e-01	0.0000e+00
8.9587e+05	1.6486e+00	6.7326e-01	0.0000e+00
8.9587e+05	1.6489e+00	6.7331e-01	0.0000e+00
8.9587e+05	1.6501e+00	6.7346e-01	0.0000e+00
8.9587e+05	1.6510e+00	6.7332e-01	0.0000e+00
8.9587e+05	1.6523e+00	6.7319e-01	0.0000e+00
8.9587e+05	1.6538e+00	6.7301e-01	0.0000e+00
8.9587e+05	1.6554e+00	6.7289e-01	0.0000e+00
8.9587e+05	1.6567e+00	6.7283e-01	0.0000e+00
8.9587e+05	1.6576e+00	6.7261e-01	0.0000e+00
8.9587e+05	1.6586e+00	6.7237e-01	0.0000e+00
8.9587e+05	1.6594e+00	6.7210e-01	0.0000e+00
8.9587e+05	1.6600e+00	6.7173e-01	0.0000e+00
8.9587e+05	1.6606e+00	6.7129e-01	0.0000e+00
8.9587e+05	1.6613e+00	6.7099e-01	0.0000e+00
8.9587e+05	1.6623e+00	6.7065e-01	0.0000e+00
8.9587e+05	1.6630e+00	6.7034e-01	0.0000e+00
8.9587e+05	1.6639e+00	6.7013e-01	0.0000e+00
8.9587e+05	1.6643e+00	6.6980e-01	0.0000e+00
8.9587e+05	1.6644e+00	6.6944e-01	0.0000e+00
8.9587e+05	1.6647e+00	6.6916e-01	0.0000e+00
8.9587e+05	1.6649e+00	6.6879e-01	0.0000e+00
8.9587e+05	1.6647e+00	6.6848e-01	0.0000e+00
8.9587e+05	1.6643e+00	6.6839e-01	0.0000e+00
8.9587e+05	1.6637e+00	6.6826e-01	0.0000e+00
8.9587e+05	1.6631e+00	6.6819e-01	0.0000e+00
8.9587e+05	1.6625e+00	6.6819e-01	0.0000e+00
8.9587e+05	1.6618e+00	6.6824e-01	0.0000e+00
8.9587e+05	1.6606e+00	6.6829e-01	0.0000e+00
8.9587e+05	1.6598e+00	6.6828e-01	0.0000e+00
8.9587e+05	1.6593e+00	6.6817e-01	0.0000e+00
8.9587e+05	1.6587e+00	6.6806e-01	0.0000e+00
8.9587e+05	1.6580e+00	6.6805e-01	0.0000e+00
8.9587e+05	1.6591e+00	6.6825e-01	0.0000e+00
8.9587e+05	1.6585e+00	6.6817e-01	0.0000e+00
8.9587e+05	1.6579e+00	6.6813e-01	0.0000e+00
8.9587e+05	1.6574e+00	6.6816e-01	0.0000e+00
8.9587e+05	1.6571e+00	6.6815e-01	0.0000e+00
8.9587e+05	1.6569e+00	6.6816e-01	0.0000e+00
8.9587e+05	1.6570e+00	6.6808e-01	0.0000e+00
8.9587e+05	1.6571e+00	6.6799e-01	0.0000e+00
8.9587e+05	1.6576e+00	6.6806e-01	0.0000e+00
8.9587e+05	1.6584e+00	6.6794e-01	0.0000e+00
8.9587e+05	1.6593e+00	6.6783e-01	0.0000e+00
8.9587e+05	1.6600e+00	6.6767e-01	0.0000e+00
8.9587e+05	1.6613e+00	6.6741e-01	0.0000e+00
8.9587e+05	1.6622e+00	6.6712e-01	0.0000e+00
8.9587e+05	1.6636e+00	6.6681e-01	0.0000e+00
8.9587e+05	1.6655e+00	6.6656e-01	0.0000e+00
8.9587e+05	1.6667e+00	6.6636e-01	0.0000e+00
8.9587e+05	1.6680e+00	6.6625e-01	0.0000e+00
8.9587e+05	1.6695e+00	6.6596e-01	0.0000e+00
8.9587e+05	1.6710e+00	6.6566e-01	0.0000e+00
8.9587e+05	1.6721e+00	6.6538e-01	0.0000e+00
8.9587e+05	1.6726e+00	6.6503e-01	0.0000e+00
8.9587e+05	1.6732e+00	6.6462e-01	0.0000e+00
8.9587e+05	1.6735e+00	6.6421e-01	0.0000e+00
8.9587e+05	1.6737e+00	6.6375e-01	0.0000e+00
8.9587e+05	1.6737e+00	6.6335e-01	0.0000e+00
8.9587e+05	1.6735e+00	6.6304e-01	0.0000e+00
8.9587e+05	1.6733e+00	6.6278e-01	0.0000e+00
8.9587e+05	1.6727e+00	6.6253e-01	0.0000e+00
8.9587e+05	1.6719e+00	6.6239e-01	0.0000e+00
8.9587e+05	1.6708e+00	6.6230e-01	0.0000e+00
8.9587e+05	1.6691e+00	6.6228e-01	0.0000e+00
8.9587e+05	1.6676e+00	6.6219e-01	0.0000e+00
8.9587e+05	1.6662e+00	6.6214e-01	0.0000e+00
8.9587e+05	1.6646e+00	6.6198e-01	0.0000e+00
8.9587e+05	1.6636e+00	6.6182e-01	0.0000e+00
8.9587e+05	1.6623e+00	6.6175e-01	0.0000e+00
8.9587e+05	1.6610e+00	6.6167e-01	0.0000e+00
8.9587e+05	1.6601e+00	6.6169e-01	0.0000e+00
8.9587e+05	1.6593e+00	6.6182e-01	0.0000e+00
8.9587e+05	1.6589e+00	6.6198e-01	0.0000e+00
8.9587e+05	1.6586e+00	6.6224e-01	0.0000e+00
8.9587e+05	1.6586e+00	6.6242e-01	0.0000e+00
8.9587e+05	1.6589e+00	6.6267e-01	0.0000e+00
8.9587e+05	1.6595e+00	6.6290e-01	0.0000e+00
8.9587e+05	1.6601e+00	6.6304e-01	0.0000e+00
8.9587e+05	1.6608e+00	6.6319e-01	0.0000e+00
8.9587e+05	1.6615e+00	6.6328e-01	0.0000e+00
8.9587e+05	1.6624e+00	6.6320e-01	0.0000e+00
8.9587e+05	1.6636e+00	6.6312e-01	0.0000e+00
8.9587e+05	1.6653e+00	6.6298e-01	0.0000e+00
8.9587e+05	1.6671e+00	6.6296e-01	0.0000e+00
8.9587e+05	1.6689e+00	6.6294e-01	0.0000e+00
8.9587e+05	1.6707e+00	6.6298e-01	0.0000e+00
8.9587e+05	1.6725e+00	6.6304e-01	0.0000e+00
8.9587e+05	1.6742e+00	6.6299e-01	0.0000e+00
8.9587e+05	1.6761e+00	6.6300e-01	0.0000e+00
8.9587e+05	1.6772e+00	6.6298e-01	0.0000e+00
8.9587e+05	1.6785e+00	6.6287e-01	0.0000e+00
8.9588e+05	1.6804e+00	6.6293e-01	0.0000e+00
8.9588e+05	1.6824e+00	6.6296e-01	0.0000e+00
8.9588e+05	1.6843e+00	6.6302e-01	0.0000e+00
8.9588e+05	1.6861e+00	6.6303e-01	0.0000e+00
8.9588e+05	1.6878e+00	6.6310e-01	0.0000e+00
8.9588e+05	1.6893e+00	6.6316e-01	0.0000e+00
8.9588e+05	1.6908e+00	6.6330e-01	0.0000e+00
8.9588e+05	1.6921e+00	6.6342e-01	0.0000e+00
8.9588e+05	1.6936e+00	6.6371e-01	0.0000e+00
8.9588e+05	1.6952e+00	6.6414e-01	0.0000e+00
8.9588e+05	1.6967e+00	6.6466e-01	0.0000e+00
8.9588e+05	1.6982e+00	6.6514e-01	0.0000e+00
8.9588e+05	1.6997e+00	6.6550e-01	0.0000e+00
8.9588e+05	1.7010e+00	6.6580e-01	0.0000e+00
8.9588e+05	1.7021e+00	6.6614e-01	0.0000e+00
8.9588e+05	1.7030e+00	6.6645e-01	0.0000e+00
8.9588e+05	1.7037e+00	6.6683e-01	0.0000e+00
8.9588e+05	1.7050e+00	6.6718e-01	0.0000e+00
8.9588e+05	1.7062e+00	6.6761e-01	0.0000e+00
8.9588e+05	1.7074e+00	6.6812e-01	0.0000e+00
8.9588e+05	1.7083e+00	6.6859e-01	0.0000e+00
8.9588e+05	1.7091e+00	6.6906e-01	0.0000e+00
8.9588e+05	1.7100e+00	6.6947e-01	0.0000e+00
8.9588e+05	1.7104e+00	6.6984e-01	0.0000e+00
8.9588e+05	1.7105e+00	6.7012e-01	0.0000e+00
8.9588e+05	1.7104e+00	6.7034e-01	0.0000e+00
8.9588e+05	1.7103e+00	6.7060e-01	0.0000e+00
8.9588e+05	1.7104e+00	6.7090e-01	0.0000e+00
8.9588e+05	1.7104e+00	6.7115e-01	0.0000e+00
8.9588e+05	1.7104e+00	6.7122e-01	0.0000e+00
8.9588e+05	1.7104e+00	6.7112e-01	0.0000e+00
8.9588e+05	1.7100e+00	6.7111e-01	0.0000e+00
8.9588e+05	1.7093e+00	6.7118e-01	0.0000e+00
8.9588e+05	1.7084e+00	6.7109e-01	0.0000e+00
8.9588e+05	1.7076e+00	6.7102e-01	0.0000e+00
8.9588e+05	1.7067e+00	6.7094e-01	0.0000e+00
8.9588e+05	1.7057e+00	6.7086e-01	0.0000e+00
8.9588e+05	1.7049e+00	6.7080e-01	0.0000e+00
8.9588e+05	1.7040e+00	6.7062e-01	0.0000e+00
8.9588e+05	1.7028e+00	6.7026e-01	0.0000e+00
8.9588e+05	1.7012e+00	6.6978e-01	0.0000e+00
8.9588e+05	1.6995e+00	6.6931e-01	0.0000e+00
8.9588e+05	1.6979e+00	6.6884e-01	0.0000e+00
8.9588e+05	1.6966e+00	6.6831e-01	0.0000e+00
8.9588e+05	1.6957e+00	6.6789e-01	0.0000e+00
8.9588e+05	1.6949e+00	6.6750e-01	0.0000e+00
8.9588e+05	1.6940e+00	6.6711e-01	0.0000e+00
8.9588e+05	1.6930e+00	6.6675e-01	0.0000e+00
8.9588e+05	1.6918e+00	6.6650e-01	0.0000e+00
8.9588e+05	1.6909e+00	6.6620e-01	0.0000e+00
8.9588e+05	1.6899e+00	6.6585e-01	0.0000e+00
8.9588e+05	1.6890e+00	6.6540e-01	0.0000e+00
8.9588e+05	1.6883e+00	6.6505e-01	0.0000e+00
8.9588e+05	1.6878e+00	6.6467e-01	0.0000e+00
8.9588e+05	1.6874e+00	6.6427e-01	0.0000e+00
8.9588e+05	1.6870e+00	6.6377e-01	0.0000e+00
8.9588e+05	1.6865e+00	6.6328e-01	0.0000e+00
8.9588e+05	1.6861e+00	6.6281e-01	0.0000e+00
8.9588e+05	1.6857e+00	6.6236e-01	0.0000e+00
8.9588e+05	1.6852e+00	6.6197e-01	0.0000e+00
8.9588e+05	1.6848e+00	6.6177e-01	0.0000e+00
8.9588e+05	1.6848e+00	6.6156e-01	0.0000e+00
8.9588e+05	1.6849e+00	6.6140e-01	0.0000e+00
8.9588e+05	1.6850e+00	6.6175e-01	0.0000e+00
8.9588e+05	1.6847e+00	6.6145e-01	0.0000e+00
8.9588e+05	1.6842e+00	6.6100e-01	0.0000e+00
8.9588e+05	1.6838e+00	6.6056e-01	0.0000e+00
8.9588e+05	1.6834e+00	6.6004e-01	0.0000e+00
8.9588e+05	1.6830e+00	6.5952e-01	0.0000e+00
8.9588e+05	1.6826e+00	6.5908e-01	0.0000e+00
8.9588e+05	1.6821e+00	6.5867e-01	0.0000e+00
8.9588e+05	1.6818e+00	6.5821e-01	0.0000e+00
8.9588e+05	1.6811e+00	6.5778e-01	0.0000e+00
8.9588e+05	1.6803e+00	6.5735e-01	0.0000e+00
8.9588e+05	1.6796e+00	6.5691e-01	0.0000e+00
8.9588e+05	1.6788e+00	6.5648e-01	0.0000e+00
8.9588e+05	1.6779e+00	6.5590e-01	0.0000e+00
8.9588e+05	1.6771e+00	6.5515e-01	0.0000e+00
8.9588e+05	1.6760e+00	6.5442e-01	0.0000e+00
8.9588e+05	1.6747e+00	6.5371e-01	0.0000e+00
8.9588e+05	1.6735e+00	6.5276e-01	0.0000e+00
8.9588e+05	1.6720e+00	6.5179e-01	0.0000e+00
8.9588e+05	1.6701e+00	6.5086e-01	0.0000e+00
8.9588e+05	1.6682e+00	6.5003e-01	0.0000e+00
8.9588e+05	1.6662e+00	6.4918e-01	0.0000e+00
8.9588e+05	1.6641e+00	6.4821e-01	0.0000e+00
8.9588e+05	1.6620e+00	6.4710e-01	0.0000e+00
8.9588e+05	1.6599e+00	6.4599e-01	0.0000e+00
8.9588e+05	1.6579e+00	6.4489e-01	0.0000e+00
8.9588e+05	1.6563e+00	6.4387e-01	0.0000e+00
8.9588e+05	1.6541e+00	6.4280e-01	0.0000e+00
8.9588e+05	1.6519e+00	6.4168e-01	0.0000e+00
8.9588e+05	1.6497e+00	6.4050e-01	0.0000e+00
8.9588e+05	1.6475e+00	6.3936e-01	0.0000e+00
8.9588e+05	1.6454e+00	6.3817e-01	0.0000e+00
8.9588e+05	1.6433e+00	6.3705e-01	0.0000e+00
8.9588e+05	1.6412e+00	6.3607e-01	0.0000e+00
8.9588e+05	1.6390e+00	6.3511e-01	0.0000e+00
8.9588e+05	1.6370e+00	6.3421e-01	0.0000e+00
8.9588e+05	1.6352e+00	6.3334e-01	0.0000e+00
8.9589e+05	1.6336e+00	6.3259e-01	0.0000e+00
8.9589e+05	1.6320e+00	6.3180e-01	0.0000e+00
8.9589e+05	1.6307e+00	6.3088e-01	0.0000e+00
8.9589e+05	1.6295e+00	6.2992e-01	0.0000e+00
8.9589e+05	1.6287e+00	6.2912e-01	0.0000e+00
8.9589e+05	1.6277e+00	6.2838e-01	0.0000e+00
8.9589e+05	1.6265e+00	6.2773e-01	0.0000e+00
8.9589e+05	1.6255e+00	6.2710e-01	0.0000e+00
8.9589e+05	1.6243e+00	6.2645e-01	0.0000e+00
8.9589e+05	1.6229e+00	6.2567e-01	0.0000e+00
8.9589e+05	1.6217e+00	6.2493e-01	0.0000e+00
8.9589e+05	1.6205e+00	6.2416e-01	0.0000e+00
8.9589e+05	1.6194e+00	6.2330e-01	0.0000e+00
8.9589e+05	1.6185e+00	6.2245e-01	0.0000e+00
8.9589e+05	1.6175e+00	6.2158e-01	0.0000e+00
8.9589e+05	1.6167e+00	6.2070e-01	0.0000e+00
8.9589e+05	1.6159e+00	6.1973e-01	0.0000e+00
8.9589e+05	1.6152e+00	6.1881e-01	0.0000e+00
8.9589e+05	1.6146e+00	6.1791e-01	0.0000e+00
8.9589e+05	1.6141e+00	6.1694e-01	0.0000e+00
8.9589e+05	1.6139e+00	6.1597e-01	0.0000e+00
8.9589e+05	1.6136e+00	6.1491e-01	0.0000e+00
8.9589e+05	1.6133e+00	6.1393e-01	0.0000e+00
8.9589e+05	1.6132e+00	6.1292e-01	0.0000e+00
8.9589e+05	1.6133e+00	6.1182e-01	0.0000e+00
8.9589e+05	1.6140e+00	6.1063e-01	0.0000e+00
8.9589e+05	1.6151e+00	6.0949e-01	0.0000e+00
8.9589e+05	1.6164e+00	6.0849e-01	0.0000e+00
8.9589e+05	1.6182e+00	6.0758e-01	0.0000e+00
8.9589e+05	1.6200e+00	6.0679e-01	0.0000e+00
8.9589e+05	1.6221e+00	6.0609e-01	0.0000e+00
8.9589e+05	1.6237e+00	6.0568e-01	0.0000e+00
8.9589e+05	1.6260e+00	6.0503e-01	0.0000e+00
8.9589e+05	1.6284e+00	6.0441e-01	0.0000e+00
8.9589e+05	1.6307e+00	6.0381e-01	0.0000e+00
8.9589e+05	1.6335e+00	6.0322e-01	0.0000e+00
8.9589e+05	1.6365e+00	6.0285e-01	0.0000e+00
8.9589e+05	1.6392e+00	6.0244e-01	0.0000e+00
8.9589e+05	1.6420e+00	6.0203e-01	0.0000e+00
8.9589e+05	1.6447e+00	6.0166e-01	0.0000e+00
8.9589e+05	1.6471e+00	6.0136e-01	0.0000e+00
8.9589e+05	1.6494e+00	6.0106e-01	0.0000e+00
8.9589e+05	1.6515e+00	6.0066e-01	0.0000e+00
8.9589e+05	1.6534e+00	6.0030e-01	0.0000e+00
8.9589e+05	1.6550e+00	6.0009e-01	0.0000e+00
8.9589e+05	1.6567e+00	5.9981e-01	0.0000e+00
8.9589e+05	1.6579e+00	5.9947e-01	0.0000e+00
8.9589e+05	1.6588e+00	5.9923e-01	0.0000e+00
8.9589e+05	1.6597e+00	5.9871e-01	0.0000e+00
8.9589e+05	1.6603e+00	5.9820e-01	0.0000e+00
8.9589e+05	1.6608e+00	5.9769e-01	0.0000e+00
8.9589e+05	1.6612e+00	5.9724e-01	0.0000e+00
8.9589e+05	1.6616e+00	5.9681e-01	0.0000e+00
8.9589e+05	1.6619e+00	5.9638e-01	0.0000e+00
8.9589e+05	1.6624e+00	5.9597e-01	0.0000e+00
8.9589e+05	1.6627e+00	5.9547e-01	0.0000e+00
8.9589e+05	1.6626e+00	5.9492e-01	0.0000e+00
8.9589e+05	1.6624e+00	5.9436e-01	0.0000e+00
8.9589e+05	1.6619e+00	5.9387e-01	0.0000e+00
8.9589e+05	1.6616e+00	5.9328e-01	0.0000e+00
8.9589e+05	1.6611e+00	5.9283e-01	0.0000e+00
8.9589e+05	1.6609e+00	5.9246e-01	0.0000e+00
8.9589e+05	1.6609e+00	5.9216e-01	0.0000e+00
8.9589e+05	1.6606e+00	5.9192e-01	0.0000e+00
8.9589e+05	1.6600e+00	5.9166e-01	0.0000e+00
8.9589e+05	1.6590e+00	5.9142e-01	0.0000e+00
8.9589e+05	1.6584e+00	5.9129e-01	0.0000e+00
8.9589e+05	1.6576e+00	5.9113e-01	0.0000e+00
8.9589e+05	1.6569e+00	5.9102e-01	0.0000e+00
8.9589e+05	1.6561e+00	5.9088e-01	0.0000e+00
8.9589e+05	1.6553e+00	5.9078e-01	0.0000e+00
8.9589e+05	1.6546e+00	5.9054e-01	0.0000e+00
8.9589e+05	1.6538e+00	5.9032e-01	0.0000e+00
8.9589e+05	1.6528e+00	5.9019e-01	0.0000e+00
8.9589e+05	1.6518e+00	5.9022e-01	0.0000e+00
8.9589e+05	1.6510e+00	5.9020e-01	0.0000e+00
8.9589e+05	1.6503e+00	5.9019e-01	0.0000e+00
8.9589e+05	1.6494e+00	5.9000e-01	0.0000e+00
8.9589e+05	1.6485e+00	5.9001e-01	0.0000e+00
8.9589e+05	1.6479e+00	5.9003e-01	0.0000e+00
8.9589e+05	1.6471e+00	5.9000e-01	0.0000e+00
8.9589e+05	1.6463e+00	5.8988e-01	0.0000e+00
8.9589e+05	1.6458e+00	5.8977e-01	0.0000e+00
8.9589e+05	1.6452e+00	5.8974e-01	0.0000e+00
8.9589e+05	1.6447e+00	5.8965e-01	0.0000e+00
8.9589e+05	1.6439e+00	5.8946e-01	0.0000e+00
8.9589e+05	1.6431e+00	5.8928e-01	0.0000e+00
8.9589e+05	1.6423e+00	5.8918e-01	0.0000e+00
8.9589e+05	1.6413e+00	5.8927e-01	0.0000e+00
8.9589e+05	1.6402e+00	5.8935e-01	0.0000e+00
8.9589e+05	1.6391e+00	5.8948e-01	0.0000e+00
8.9589e+05	1.6382e+00	5.8965e-01	0.0000e+00
8.9589e+05	1.6373e+00	5.8974e-01	0.0000e+00
8.9589e+05	1.6363e+00	5.8963e-01	0.0000e+00
8.9589e+05	1.6353e+00	5.8941e-01	0.0000e+00
8.9589e+05	1.6344e+00	5.8914e-01	0.0000e+00
8.9589e+05	1.6335e+00	5.8890e-01	0.0000e+00
8.9589e+05	1.6326e+00	5.8856e-01	0.0000e+00
8.9589e+05	1.6320e+00	5.8829e-01	0.0000e+00
8.9589e+05	1.6314e+00	5.8804e-01	0.0000e+00
8.9590e+05	1.6308e+00	5.8795e-01	0.0000e+00
8.9590e+05	1.6300e+00	5.8791e-01	0.0000e+00
8.9590e+05	1.6295e+00	5.8781e-01	0.0000e+00
8.9590e+05	1.6293e+00	5.8759e-01	0.0000e+00
8.9590e+05	1.6292e+00	5.8739e-01	0.0000e+00
8.9590e+05	1.6291e+00	5.8728e-01	0.0000e+00
8.9590e+05	1.6292e+00	5.8697e-01	0.0000e+00
8.9590e+05	1.6292e+00	5.8655e-01	0.0000e+00
8.9590e+05	1.6293e+00	5.8609e-01	0.0000e+00
8.9590e+05	1.6295e+00	5.8558e-01	0.0000e+00
8.9590e+05	1.6296e+00	5.8514e-01	0.0000e+00
8.9590e+05	1.6300e+00	5.8484e-01	0.0000e+00
8.9590e+05	1.6300e+00	5.8464e-01	0.0000e+00
8.9590e+05	1.6298e+00	5.8460e-01	0.0000e+00
8.9590e+05	1.6295e+00	5.8466e-01	0.0000e+00
8.9590e+05	1.6294e+00	5.8465e-01	0.0000e+00
8.9590e+05	1.6292e+00	5.8451e-01	0.0000e+00
8.9590e+05	1.6290e+00	5.8451e-01	0.0000e+00
8.9590e+05	1.6288e+00	5.8452e-01	0.0000e+00
8.9590e+05	1.6284e+00	5.8451e-01	0.0000e+00
8.9590e+05	1.6281e+00	5.8435e-01	0.0000e+00
8.9590e+05	1.6275e+00	5.8426e-01	0.0000e+00
8.9590e+05	1.6265e+00	5.8418e-01	0.0000e+00
8.9590e+05	1.6254e+00	5.8411e-01	0.0000e+00
8.9590e+05	1.6245e+00	5.8398e-01	0.0000e+00
8.9590e+05	1.6231e+00	5.8373e-01	0.0000e+00
8.9590e+05	1.6220e+00	5.8361e-01	0.0000e+00
8.9590e+05	1.6210e+00	5.8361e-01	0.0000e+00
8.9590e+05	1.6198e+00	5.8361e-01	0.0000e+00
8.9590e+05	1.6186e+00	5.8353e-01	0.0000e+00
8.9590e+05	1.6174e+00	5.8333e-01	0.0000e+00
8.9590e+05	1.6162e+00	5.8297e-01	0.0000e+00
8.9590e+05	1.6146e+00	5.8257e-01	0.0000e+00
8.9590e+05	1.6131e+00	5.8205e-01	0.0000e+00
8.9590e+05	1.6112e+00	5.8146e-01	0.0000e+00
8.9590e+05	1.6096e+00	5.8076e-01	0.0000e+00
8.9590e+05	1.6083e+00	5.8008e-01	0.0000e+00
8.9590e+05	1.6069e+00	5.7934e-01	0.0000e+00
8.9590e+05	1.6052e+00	5.7861e-01	0.0000e+00
8.9590e+05	1.6035e+00	5.7792e-01	0.0000e+00
8.9590e+05	1.6018e+00	5.7716e-01	0.0000e+00
8.9590e+05	1.6002e+00	5.7643e-01	0.0000e+00
8.9590e+05	1.5986e+00	5.7565e-01	0.0000e+00
8.9590e+05	1.5968e+00	5.7486e-01	0.0000e+00
8.9590e+05	1.5955e+00	5.7403e-01	0.0000e+00
8.9590e+05	1.5938e+00	5.7325e-01	0.0000e+00
8.9590e+05	1.5925e+00	5.7243e-01	0.0000e+00
8.9590e+05	1.5908e+00	5.7171e-01	0.0000e+00
8.9590e+05	1.5891e+00	5.7094e-01	0.0000e+00
8.9590e+05	1.5872e+00	5.7019e-01	0.0000e+00
8.9590e+05	1.5851e+00	5.6960e-01	0.0000e+00
8.9590e+05	1.5833e+00	5.6889e-01	0.0000e+00
8.9590e+05	1.5815e+00	5.6818e-01	0.0000e+00
8.9590e+05	1.5796e+00	5.6757e-01	0.0000e+00
8.9590e+05	1.5778e+00	5.6704e-01	0.0000e+00
8.9590e+05	1.5758e+00	5.6663e-01	0.0000e+00
8.9590e+05	1.5734e+00	5.6622e-01	0.0000e+00
8.9590e+05	1.5713e+00	5.6589e-01	0.0000e+00
8.9590e+05	1.5693e+00	5.6555e-01	0.0000e+00
8.9590e+05	1.5672e+00	5.6534e-01	0.0000e+00
8.9590e+05	1.5652e+00	5.6516e-01	0.0000e+00
8.9590e+05	1.5633e+00	5.6502e-01	0.0000e+00
8.9590e+05	1.5618e+00	5.6484e-01	0.0000e+00
8.9590e+05	1.5602e+00	5.6470e-01	0.0000e+00
8.9590e+05	1.5583e+00	5.6452e-01	0.0000e+00
8.9590e+05	1.5566e+00	5.6443e-01	0.0000e+00
8.9590e+05	1.5553e+00	5.6438e-01	0.0000e+00
8.9590e+05	1.5544e+00	5.6427e-01	0.0000e+00
8.9590e+05	1.5536e+00	5.6415e-01	0.0000e+00
8.9590e+05	1.5528e+00	5.6401e-01	0.0000e+00
8.9590e+05	1.5520e+00	5.6383e-01	0.0000e+00
8.9590e+05	1.5515e+00	5.6370e-01	0.0000e+00
8.9590e+05	1.5515e+00	5.6354e-01	0.0000e+00
8.9590e+05	1.5513e+00	5.6336e-01	0.0000e+00
8.9590e+05	1.5512e+00	5.6315e-01	0.0000e+00
8.9590e+05	1.5512e+00	5.6306e-01	0.0000e+00
8.9590e+05	1.5512e+00	5.6297e-01	0.0000e+00
8.9590e+05	1.5514e+00	5.6280e-01	0.0000e+00
8.9590e+05	1.5515e+00	5.6258e-01	0.0000e+00
8.9590e+05	1.5517e+00	5.6228e-01	0.0000e+00
8.9590e+05	1.5520e+00	5.6192e-01	0.0000e+00
8.9590e+05	1.5522e+00	5.6152e-01	0.0000e+00
8.9590e+05	1.5524e+00	5.6113e-01	0.0000e+00
8.9590e+05	1.5530e+00	5.6078e-01	0.0000e+00
8.9590e+05	1.5535e+00	5.6043e-01	0.0000e+00
8.9590e+05	1.5538e+00	5.6007e-01	0.0000e+00
8.9590e+05	1.5537e+00	5.5979e-01	0.0000e+00
8.9590e+05	1.5535e+00	5.5950e-01	0.0000e+00
8.9590e+05	1.5533e+00	5.5923e-01	0.0000e+00
8.9590e+05	1.5533e+00	5.5903e-01	0.0000e+00
8.9590e+05	1.5536e+00	5.5876e-01	0.0000e+00
8.9590e+05	1.5539e+00	5.5853e-01	0.0000e+00
8.9590e+05	1.5545e+00	5.5823e-01	0.0000e+00
8.9590e+05	1.5551e+00	5.5793e-01	0.0000e+00
8.9590e+05	1.5558e+00	5.5754e-01	0.0000e+00
8.9590e+05	1.5565e+00	5.5712e-01	0.0000e+00
8.9590e+05	1.5574e+00	5.5679e-01	0.0000e+00
8.9590e+05	1.5583e+00	5.5636e-01	0.0000e+00
8.9590e+05	1.5594e+00	5.5598e-01	0.0000e+00
8.9590e+05	1.5605e+00	5.5566e-01	0.0000e+00
8.9591e+05	1.5613e+00	5.5532e-01	0.0000e+00
8.9591e+05	1.5619e+00	5.5499e-01	0.0000e+00
8.9591e+05	1.5608e+00	5.5461e-01	0.0000e+00
8.9591e+05	1.5617e+00	5.5432e-01	0.0000e+00
8.9591e+05	1.5626e+00	5.5396e-01	0.0000e+00
8.9591e+05	1.5640e+00	5.5355e-01	0.0000e+00
8.9591e+05	1.5655e+00	5.5307e-01	0.0000e+00
8.9591e+05	1.5671e+00	5.5271e-01	0.0000e+00
8.9591e+05	1.5682e+00	5.5227e-01	0.0000e+00
8.9591e+05	1.5689e+00	5.5180e-01	0.0000e+00
8.9591e+05	1.5692e+00	5.5128e-01	0.0000e+00
8.9591e+05	1.5692e+00	5.5082e-01	0.0000e+00
8.9591e+05	1.5688e+00	5.5043e-01	0.0000e+00
8.9591e+05	1.5687e+00	5.5002e-01	0.0000e+00
8.9591e+05	1.5689e+00	5.4960e-01	0.0000e+00
8.9591e+05	1.5693e+00	5.4927e-01	0.0000e+00
8.9591e+05	1.5696e+00	5.4888e-01	0.0000e+00
8.9591e+05	1.5695e+00	5.4862e-01	0.0000e+00
8.9591e+05	1.5692e+00	5.4830e-01	0.0000e+00
8.9591e+05	1.5686e+00	5.4797e-01	0.0000e+00
8.9591e+05	1.5681e+00	5.4765e-01	0.0000e+00
8.9591e+05	1.5676e+00	5.4727e-01	0.0000e+00
8.9591e+05	1.5669e+00	5.4691e-01	0.0000e+00
8.9591e+05	1.5661e+00	5.4657e-01	0.0000e+00
8.9591e+05	1.5655e+00	5.4632e-01	0.0000e+00
8.9591e+05	1.5648e+00	5.4604e-01	0.0000e+00
8.9591e+05	1.5642e+00	5.4574e-01	0.0000e+00
8.9591e+05	1.5635e+00	5.4542e-01	0.0000e+00
8.9591e+05	1.5635e+00	5.4515e-01	0.0000e+00
8.9591e+05	1.5635e+00	5.4494e-01	0.0000e+00
8.9591e+05	1.5634e+00	5.4481e-01	0.0000e+00
8.9591e+05	1.5634e+00	5.4461e-01	0.0000e+00
8.9591e+05	1.5638e+00	5.4442e-01	0.0000e+00
8.9591e+05	1.5642e+00	5.4420e-01	0.0000e+00
8.9591e+05	1.5643e+00	5.4401e-01	0.0000e+00
8.9591e+05	1.5646e+00	5.4376e-01	0.0000e+00
8.9591e+05	1.5650e+00	5.4354e-01	0.0000e+00
8.9591e+05	1.5657e+00	5.4332e-01	0.0000e+00
8.9591e+05	1.5665e+00	5.4311e-01	0.0000e+00
8.9591e+05	1.5675e+00	5.4302e-01	0.0000e+00
8.9591e+05	1.5684e+00	5.4300e-01	0.0000e+00
8.9591e+05	1.5694e+00	5.4307e-01	0.0000e+00
8.9591e+05	1.5704e+00	5.4307e-01	0.0000e+00
8.9591e+05	1.5710e+00	5.4313e-01	0.0000e+00
8.9591e+05	1.5715e+00	5.4313e-01	0.0000e+00
8.9591e+05	1.5717e+00	5.4311e-01	0.0000e+00
8.9591e+05	1.5718e+00	5.4303e-01	0.0000e+00
8.9591e+05	1.5720e+00	5.4300e-01	0.0000e+00
8.9591e+05	1.5720e+00	5.4302e-01	0.0000e+00
8.9591e+05	1.5715e+00	5.4308e-01	0.0000e+00
8.9591e+05	1.5710e+00	5.4317e-01	0.0000e+00
8.9591e+05	1.5707e+00	5.4337e-01	0.0000e+00
8.9591e+05	1.5702e+00	5.4369e-01	0.0000e+00
8.9591e+05	1.5697e+00	5.4405e-01	0.0000e+00
8.9591e+05	1.5690e+00	5.4447e-01	0.0000e+00
8.9591e+05	1.5682e+00	5.4495e-01	0.0000e+00
8.9591e+05	1.5674e+00	5.4544e-01	0.0000e+00
8.9591e+05	1.5662e+00	5.4596e-01	0.0000e+00
8.9591e+05	1.5651e+00	5.4656e-01	0.0000e+00
8.9591e+05	1.5639e+00	5.4708e-01	0.0000e+00
8.9591e+05	1.5630e+00	5.4752e-01	0.0000e+00
8.9591e+05	1.5619e+00	5.4804e-01	0.0000e+00
8.9591e+05	1.5608e+00	5.4863e-01	0.0000e+00
8.9591e+05	1.5597e+00	5.4912e-01	0.0000e+00
8.9591e+05	1.5589e+00	5.4994e-01	0.0000e+00
8.9591e+05	1.5581e+00	5.5089e-01	0.0000e+00
8.9591e+05	1.5575e+00	5.5186e-01	0.0000e+00
8.9591e+05	1.5568e+00	5.5289e-01	0.0000e+00
8.9591e+05	1.5567e+00	5.5385e-01	0.0000e+00
8.9591e+05	1.5567e+00	5.5477e-01	0.0000e+00
8.9591e+05	1.5569e+00	5.5572e-01	0.0000e+00
8.9591e+05	1.5569e+00	5.5671e-01	0.0000e+00
8.9591e+05	1.5570e+00	5.5765e-01	0.0000e+00
8.9591e+05	1.5573e+00	5.5851e-01	0.0000e+00
8.9591e+05	1.5574e+00	5.5930e-01	0.0000e+00
8.9591e+05	1.5578e+00	5.6013e-01	0.0000e+00
8.9591e+05	1.5585e+00	5.6113e-01	0.0000e+00
8.9591e+05	1.5591e+00	5.6204e-01	0.0000e+00
8.9591e+05	1.5599e+00	5.6297e-01	0.0000e+00
8.9591e+05	1.5608e+00	5.6395e-01	0.0000e+00
8.9591e+05	1.5617e+00	5.6502e-01	0.0000e+00
8.9591e+05	1.5628e+00	5.6601e-01	0.0000e+00
8.9591e+05	1.5640e+00	5.6684e-01	0.0000e+00
8.9591e+05	1.5651e+00	5.6764e-01	0.0000e+00
8.9591e+05	1.5663e+00	5.6847e-01	0.0000e+00
8.9591e+05	1.5676e+00	5.6929e-01	0.0000e+00
8.9591e+05	1.5687e+00	5.7009e-01	0.0000e+00
8.9591e+05	1.5701e+00	5.7091e-01	0.0000e+00
8.9591e+05	1.5715e+00	5.7172e-01	0.0000e+00
8.9591e+05	1.5726e+00	5.7249e-01	0.0000e+00
8.9591e+05	1.5738e+00	5.7323e-01	0.0000e+00
8.9591e+05	1.5754e+00	5.7391e-01	0.0000e+00
8.9591e+05	1.5767e+00	5.7463e-01	0.0000e+00
8.9591e+05	1.5776e+00	5.7541e-01	0.0000e+00
8.9591e+05	1.5787e+00	5.7625e-01	0.0000e+00
8.9591e+05	1.5800e+00	5.7706e-01	0.0000e+00
8.9591e+05	1.5813e+00	5.7757e-01	0.0000e+00
8.9591e+05	1.5820e+00	5.7828e-01	0.0000e+00
8.9591e+05	1.5827e+00	5.7894e-01	0.0000e+00
8.9591e+05	1.5834e+00	5.7956e-01	0.0000e+00
8.9592e+05	1.5842e+00	5.8017e-01	0.0000e+00
8.9592e+05	1.5850e+00	5.8072e-01	0.0000e+00
8.9592e+05	1.5853e+00	5.8130e-01	0.0000e+00
8.9592e+05	1.5854e+00	5.8197e-01	0.0000e+00
8.9592e+05	1.5855e+00	5.8255e-01	0.0000e+00
8.9592e+05	1.5854e+00	5.8301e-01	0.0000e+00
8.9592e+05	1.5856e+00	5.8347e-01	0.0000e+00
8.9592e+05	1.5857e+00	5.8385e-01	0.0000e+00
8.9592e+05	1.5861e+00	5.8423e-01	0.0000e+00
8.9592e+05	1.5868e+00	5.8461e-01	0.0000e+00
8.9592e+05	1.5871e+00	5.8494e-01	0.0000e+00
8.9592e+05	1.5874e+00	5.8527e-01	0.0000e+00
8.9592e+05	1.5880e+00	5.8556e-01	0.0000e+00
8.9592e+05	1.5885e+00	5.8575e-01	0.0000e+00
8.9592e+05	1.5890e+00	5.8581e-01	0.0000e+00
8.9592e+05	1.5896e+00	5.8596e-01	0.0000e+00
8.9592e+05	1.5900e+00	5.8608e-01	0.0000e+00
8.9592e+05	1.5901e+00	5.8614e-01	0.0000e+00
8.9592e+05	1.5903e+00	5.8625e-01	0.0000e+00
8.9592e+05	1.5905e+00	5.8635e-01	0.0000e+00
8.9592e+05	1.5905e+00	5.8639e-01	0.0000e+00
8.9592e+05	1.5904e+00	5.8654e-01	0.0000e+00
8.9592e+05	1.5904e+00	5.8660e-01	0.0000e+00
8.9592e+05	1.5901e+00	5.8665e-01	0.0000e+00
8.9592e+05	1.5897e+00	5.8672e-01	0.0000e+00
8.9592e+05	1.5889e+00	5.8683e-01	0.0000e+00
8.9592e+05	1.5875e+00	5.8691e-01	0.0000e+00
8.9592e+05	1.5863e+00	5.8700e-01	0.0000e+00
8.9592e+05	1.5846e+00	5.8711e-01	0.0000e+00
8.9592e+05	1.5829e+00	5.8721e-01	0.0000e+00
8.9592e+05	1.5808e+00	5.8734e-01	0.0000e+00
8.9592e+05	1.5791e+00	5.8740e-01	0.0000e+00
8.9592e+05	1.5770e+00	5.8761e-01	0.0000e+00
8.9592e+05	1.5750e+00	5.8788e-01	0.0000e+00
8.9592e+05	1.5730e+00	5.8823e-01	0.0000e+00
8.9592e+05	1.5708e+00	5.8842e-01	0.0000e+00
8.9592e+05	1.5684e+00	5.8849e-01	0.0000e+00
8.9592e+05	1.5661e+00	5.8856e-01	0.0000e+00
8.9592e+05	1.5639e+00	5.8853e-01	0.0000e+00
8.9592e+05	1.5616e+00	5.8854e-01	0.0000e+00
8.9592e+05	1.5595e+00	5.8854e-01	0.0000e+00
8.9592e+05	1.5577e+00	5.8859e-01	0.0000e+00
8.9592e+05	1.5561e+00	5.8867e-01	0.0000e+00
8.9592e+05	1.5543e+00	5.8883e-01	0.0000e+00
8.9592e+05	1.5527e+00	5.8890e-01	0.0000e+00
8.9592e+05	1.5509e+00	5.8904e-01	0.0000e+00
8.9592e+05	1.5492e+00	5.8912e-01	0.0000e+00
8.9592e+05	1.5478e+00	5.8916e-01	0.0000e+00
8.9592e+05	1.5468e+00	5.8923e-01	0.0000e+00
8.9592e+05	1.5459e+00	5.8925e-01	0.0000e+00
8.9592e+05	1.5451e+00	5.8921e-01	0.0000e+00
8.9592e+05	1.5440e+00	5.8916e-01	0.0000e+00
8.9592e+05	1.5428e+00	5.8905e-01	0.0000e+00
8.9592e+05	1.5414e+00	5.8901e-01	0.0000e+00
8.9592e+05	1.5397e+00	5.8900e-01	0.0000e+00
8.9592e+05	1.5379e+00	5.8899e-01	0.0000e+00
8.9592e+05	1.5364e+00	5.8910e-01	0.0000e+00
8.9592e+05	1.5352e+00	5.8914e-01	0.0000e+00
8.9592e+05	1.5342e+00	5.8922e-01	0.0000e+00
8.9592e+05	1.5330e+00	5.8933e-01	0.0000e+00
8.9592e+05	1.5319e+00	5.8939e-01	0.0000e+00
8.9592e+05	1.5307e+00	5.8946e-01	0.0000e+00
8.9592e+05	1.5295e+00	5.8958e-01	0.0000e+00
8.9592e+05	1.5287e+00	5.8967e-01	0.0000e+00
8.9592e+05	1.5282e+00	5.8973e-01	0.0000e+00
8.9592e+05	1.5279e+00	5.8984e-01	0.0000e+00
8.9592e+05	1.5276e+00	5.8989e-01	0.0000e+00
8.9592e+05	1.5275e+00	5.8996e-01	0.0000e+00
8.9592e+05	1.5275e+00	5.8999e-01	0.0000e+00
8.9592e+05	1.5275e+00	5.9006e-01	0.0000e+00
8.9592e+05	1.5278e+00	5.9016e-01	0.0000e+00
8.9592e+05	1.5284e+00	5.9033e-01	0.0000e+00
8.9592e+05	1.5291e+00	5.9056e-01	0.0000e+00
8.9592e+05	1.5299e+00	5.9064e-01	0.0000e+00
8.9592e+05	1.5312e+00	5.9062e-01	0.0000e+00
8.9592e+05	1.5323e+00	5.9059e-01	0.0000e+00
8.9592e+05	1.5334e+00	5.9071e-01	0.0000e+00
8.9592e+05	1.5346e+00	5.9071e-01	0.0000e+00
8.9592e+05	1.5360e+00	5.9062e-01	0.0000e+00
8.9592e+05	1.5376e+00	5.9060e-01	0.0000e+00
8.9592e+05	1.5392e+00	5.9055e-01	0.0000e+00
8.9592e+05	1.5407e+00	5.9059e-01	0.0000e+00
8.9592e+05	1.5422e+00	5.9055e-01	0.0000e+00
8.9592e+05	1.5438e+00	5.9037e-01	0.0000e+00
8.9592e+05	1.5449e+00	5.9048e-01	0.0000e+00
8.9592e+05	1.5462e+00	5.9059e-01	0.0000e+00
8.9592e+05	1.5475e+00	5.9069e-01	0.0000e+00
8.9592e+05	1.5488e+00	5.9081e-01	0.0000e+00
8.9592e+05	1.5499e+00	5.9080e-01	0.0000e+00
8.9592e+05	1.5511e+00	5.9084e-01	0.0000e+00
8.9592e+05	1.5524e+00	5.9076e-01	0.0000e+00
8.9592e+05	1.5535e+00	5.9062e-01	0.0000e+00
8.9592e+05	1.5544e+00	5.9051e-01	0.0000e+00
8.9592e+05	1.5555e+00	5.9053e-01	0.0000e+00
8.9592e+05	1.5566e+00	5.9057e-01	0.0000e+00
8.9592e+05	1.5576e+00	5.9060e-01	0.0000e+00
8.9592e+05	1.5584e+00	5.9060e-01	0.0000e+00
8.9592e+05	1.5590e+00	5.9066e-01	0.0000e+00
8.9592e+05	1.5591e+00	5.9056e-01	0.0000e+00
8.9592e+05	1.5591e+00	5.9045e-01	0.0000e+00
8.9593e+05	1.5589e+00	5.9020e-01	0.0000e+00
8.9593e+05	1.5586e+00	5.8995e-01	0.0000e+00
8.9593e+05	1.5577e+00	5.8967e-01	0.0000e+00
8.9593e+05	1.5566e+00	5.8949e-01	0.0000e+00
8.9593e+05	1.5551e+00	5.8927e-01	0.0000e+00
8.9593e+05	1.5536e+00	5.8910e-01	0.0000e+00
8.9593e+05	1.5518e+00	5.8895e-01	0.0000e+00
8.9593e+05	1.5499e+00	5.8885e-01	0.0000e+00
8.9593e+05	1.5482e+00	5.8874e-01	0.0000e+00
8.9593e+05	1.5463e+00	5.8873e-01	0.0000e+00
8.9593e+05	1.5445e+00	5.8871e-01	0.0000e+00
8.9593e+05	1.5425e+00	5.8857e-01	0.0000e+00
8.9593e+05	1.5403e+00	5.8835e-01	0.0000e+00
8.9593e+05	1.5379e+00	5.8800e-01	0.0000e+00
8.9593e+05	1.5355e+00	5.8765e-01	0.0000e+00
8.9593e+05	1.5329e+00	5.8733e-01	0.0000e+00
8.9593e+05	1.5304e+00	5.8711e-01	0.0000e+00
8.9593e+05	1.5284e+00	5.8693e-01	0.0000e+00
8.9593e+05	1.5263e+00	5.8684e-01	0.0000e+00
8.9593e+05	1.5244e+00	5.8682e-01	0.0000e+00
8.9593e+05	1.5227e+00	5.8693e-01	0.0000e+00
8.9593e+05	1.5211e+00	5.8700e-01	0.0000e+00
8.9593e+05	1.5198e+00	5.8709e-01	0.0000e+00
8.9593e+05	1.5184e+00	5.8714e-01	0.0000e+00
8.9593e+05	1.5171e+00	5.8718e-01	0.0000e+00
8.9593e+05	1.5169e+00	5.8818e-01	0.0000e+00
8.9593e+05	1.5164e+00	5.8914e-01	0.0000e+00
8.9593e+05	1.5161e+00	5.9010e-01	0.0000e+00
8.9593e+05	1.5159e+00	5.9102e-01	0.0000e+00
8.9593e+05	1.5158e+00	5.9203e-01	0.0000e+00
8.9593e+05	1.5157e+00	5.9317e-01	0.0000e+00
8.9593e+05	1.5157e+00	5.9431e-01	0.0000e+00
8.9593e+05	1.5162e+00	5.9568e-01	0.0000e+00
8.9593e+05	1.5167e+00	5.9713e-01	0.0000e+00
8.9593e+05	1.5175e+00	5.9854e-01	0.0000e+00
8.9593e+05	1.5180e+00	5.9995e-01	0.0000e+00
8.9593e+05	1.5186e+00	6.0132e-01	0.0000e+00
8.9593e+05	1.5193e+00	6.0263e-01	0.0000e+00
8.9593e+05	1.5201e+00	6.0381e-01	0.0000e+00
8.9593e+05	1.5207e+00	6.0480e-01	0.0000e+00
8.9593e+05	1.5211e+00	6.0580e-01	0.0000e+00
8.9593e+05	1.5218e+00	6.0682e-01	0.0000e+00
8.9593e+05	1.5226e+00	6.0805e-01	0.0000e+00
8.9593e+05	1.5238e+00	6.0913e-01	0.0000e+00
8.9593e+05	1.5250e+00	6.1008e-01	0.0000e+00
8.9593e+05	1.5267e+00	6.1114e-01	0.0000e+00
8.9593e+05	1.5283e+00	6.1202e-01	0.0000e+00
8.9593e+05	1.5302e+00	6.1274e-01	0.0000e+00
8.9593e+05	1.5321e+00	6.1342e-01	0.0000e+00
8.9593e+05	1.5340e+00	6.1384e-01	0.0000e+00
8.9593e+05	1.5359e+00	6.1424e-01	0.0000e+00
8.9593e+05	1.5379e+00	6.1481e-01	0.0000e+00
8.9593e+05	1.5399e+00	6.1548e-01	0.0000e+00
8.9593e+05	1.5422e+00	6.1600e-01	0.0000e+00
8.9593e+05	1.5445e+00	6.1657e-01	0.0000e+00
8.9593e+05	1.5469e+00	6.1700e-01	0.0000e+00
8.9593e+05	1.5495e+00	6.1737e-01	0.0000e+00
8.9593e+05	1.5525e+00	6.1760e-01	0.0000e+00
8.9593e+05	1.5551e+00	6.1786e-01	0.0000e+00
8.9593e+05	1.5578e+00	6.1789e-01	0.0000e+00
8.9593e+05	1.5605e+00	6.1806e-01	0.0000e+00
8.9593e+05	1.5632e+00	6.1832e-01	0.0000e+00
8.9593e+05	1.5654e+00	6.1854e-01	0.0000e+00
8.9593e+05	1.5677e+00	6.1873e-01	0.0000e+00
8.9593e+05	1.5699e+00	6.1899e-01	0.0000e+00
8.9593e+05	1.5727e+00	6.1915e-01	0.0000e+00
8.9593e+05	1.5751e+00	6.1941e-01	0.0000e+00
8.9593e+05	1.5769e+00	6.1977e-01	0.0000e+00
8.9593e+05	1.5786e+00	6.2013e-01	0.0000e+00
8.9593e+05	1.5802e+00	6.2059e-01	0.0000e+00
8.9593e+05	1.5817e+00	6.2112e-01	0.0000e+00
8.9593e+05	1.5830e+00	6.2157e-01	0.0000e+00
8.9593e+05	1.5840e+00	6.2202e-01	0.0000e+00
8.9593e+05	1.5853e+00	6.2254e-01	0.0000e+00
8.9593e+05	1.5867e+00	6.2303e-01	0.0000e+00
8.9593e+05	1.5879e+00	6.2341e-01	0.0000e+00
8.9593e+05	1.5882e+00	6.2396e-01	0.0000e+00
8.9593e+05	1.5882e+00	6.2465e-01	0.0000e+00
8.9593e+05	1.5884e+00	6.2541e-01	0.0000e+00
8.9593e+05	1.5883e+00	6.2624e-01	0.0000e+00
8.9593e+05	1.5880e+00	6.2706e-01	0.0000e+00
8.9593e+05	1.5880e+00	6.2775e-01	0.0000e+00
8.9593e+05	1.5875e+00	6.2846e-01	0.0000e+00
8.9593e+05	1.5865e+00	6.2911e-01	0.0000e+00
8.9593e+05	1.5851e+00	6.2968e-01	0.0000e+00
8.9593e+05	1.5833e+00	6.3031e-01	0.0000e+00
8.9593e+05	1.5820e+00	6.3099e-01	0.0000e+00
8.9593e+05	1.5808e+00	6.3165e-01	0.0000e+00
8.9593e+05	1.5799e+00	6.3227e-01	0.0000e+00
8.9593e+05	1.5787e+00	6.3290e-01	0.0000e+00
8.9593e+05	1.5772e+00	6.3339e-01	0.0000e+00
8.9593e+05	1.5756e+00	6.3383e-01	0.0000e+00
8.9593e+05	1.5733e+00	6.3419e-01	0.0000e+00
8.9593e+05	1.5707e+00	6.3466e-01	0.0000e+00
8.9593e+05	1.5681e+00	6.3522e-01	0.0000e+00
8.9593e+05	1.5655e+00	6.3581e-01	0.0000e+00
8.9593e+05	1.5631e+00	6.3625e-01	0.0000e+00
8.9593e+05	1.5610e+00	6.3673e-01	0.0000e+00
8.9593e+05	1.5590e+00	6.3707e-01	0.0000e+00
8.9593e+05	1.5566e+00	6.3726e-01	0.0000e+00
8.9594e+05	1.5541e+00	6.3727e-01	0.0000e+00
8.9594e+05	1.5519e+00	6.3718e-01	0.0000e+00
8.9594e+05	1.5521e+00	6.3688e-01	0.0000e+00
8.9594e+05	1.5503e+00	6.3691e-01	0.0000e+00
8.9594e+05	1.5486e+00	6.3701e-01	0.0000e+00
8.9594e+05	1.5468e+00	6.3708e-01	0.0000e+00
8.9594e+05	1.5449e+00	6.3703e-01	0.0000e+00
8.9594e+05	1.5428e+00	6.3695e-01	0.0000e+00
8.9594e+05	1.5408e+00	6.3688e-01	0.0000e+00
8.9594e+05	1.5393e+00	6.3682e-01	0.0000e+00
8.9594e+05	1.5380e+00	6.3667e-01	0.0000e+00
8.9594e+05	1.5370e+00	6.3644e-01	0.0000e+00
8.9594e+05	1.5362e+00	6.3615e-01	0.0000e+00
8.9594e+05	1.5355e+00	6.3583e-01	0.0000e+00
8.9594e+05	1.5346e+00	6.3552e-01	0.0000e+00
8.9594e+05	1.5336e+00	6.3509e-01	0.0000e+00
8.9594e+05	1.5323e+00	6.3463e-01	0.0000e+00
8.9594e+05	1.5311e+00	6.3422e-01	0.0000e+00
8.9594e+05	1.5305e+00	6.3401e-01	0.0000e+00
8.9594e+05	1.5303e+00	6.3387e-01	0.0000e+00
8.9594e+05	1.5304e+00	6.3376e-01	0.0000e+00
8.9594e+05	1.5305e+00	6.3373e-01	0.0000e+00
8.9594e+05	1.5306e+00	6.3377e-01	0.0000e+00
8.9594e+05	1.5308e+00	6.3376e-01	0.0000e+00
8.9594e+05	1.5310e+00	6.3372e-01	0.0000e+00
8.9594e+05	1.5312e+00	6.3373e-01	0.0000e+00
8.9594e+05	1.5315e+00	6.3376e-01	0.0000e+00
8.9594e+05	1.5320e+00	6.3383e-01	0.0000e+00
8.9594e+05	1.5323e+00	6.3396e-01	0.0000e+00
8.9594e+05	1.5329e+00	6.3423e-01	0.0000e+00
8.9594e+05	1.5341e+00	6.3463e-01	0.0000e+00
8.9594e+05	1.5355e+00	6.3515e-01	0.0000e+00
8.9594e+05	1.5367e+00	6.3532e-01	0.0000e+00
8.9594e+05	1.5381e+00	6.3599e-01	0.0000e+00
8.9594e+05	1.5398e+00	6.3665e-01	0.0000e+00
8.9594e+05	1.5416e+00	6.3745e-01	0.0000e+00
8.9594e+05	1.5421e+00	6.3792e-01	0.0000e+00
8.9594e+05	1.5440e+00	6.3872e-01	0.0000e+00
8.9594e+05	1.5456e+00	6.3954e-01	0.0000e+00
8.9594e+05	1.5473e+00	6.4045e-01	0.0000e+00
8.9594e+05	1.5492e+00	6.4141e-01	0.0000e+00
8.9594e+05	1.5509e+00	6.4239e-01	0.0000e+00
8.9594e+05	1.5526e+00	6.4337e-01	0.0000e+00
8.9594e+05	1.5547e+00	6.4427e-01	0.0000e+00
8.9594e+05	1.5565e+00	6.4529e-01	0.0000e+00
8.9594e+05	1.5582e+00	6.4633e-01	0.0000e+00
8.9594e+05	1.5600e+00	6.4737e-01	0.0000e+00
8.9594e+05	1.5620e+00	6.4839e-01	0.0000e+00
8.9594e+05	1.5643e+00	6.4933e-01	0.0000e+00
8.9594e+05	1.5659e+00	6.5013e-01	0.0000e+00
8.9594e+05	1.5676e+00	6.5088e-01	0.0000e+00
8.9594e+05	1.5688e+00	6.5156e-01	0.0000e+00
8.9594e+05	1.5706e+00	6.5202e-01	0.0000e+00
8.9594e+05	1.5724e+00	6.5247e-01	0.0000e+00
8.9594e+05	1.5739e+00	6.5298e-01	0.0000e+00
8.9594e+05	1.5753e+00	6.5335e-01	0.0000e+00
8.9594e+05	1.5767e+00	6.5368e-01	0.0000e+00
8.9594e+05	1.5784e+00	6.5403e-01	0.0000e+00
8.9594e+05	1.5801e+00	6.5415e-01	0.0000e+00
8.9594e+05	1.5815e+00	6.5419e-01	0.0000e+00
8.9594e+05	1.5826e+00	6.5409e-01	0.0000e+00
8.9594e+05	1.5837e+00	6.5391e-01	0.0000e+00
8.9594e+05	1.5851e+00	6.5369e-01	0.0000e+00
8.9594e+05	1.5869e+00	6.5338e-01	0.0000e+00
8.9594e+05	1.5886e+00	6.5292e-01	0.0000e+00
8.9594e+05	1.5904e+00	6.5230e-01	0.0000e+00
8.9594e+05	1.5914e+00	6.5191e-01	0.0000e+00
8.9594e+05	1.5934e+00	6.5128e-01	0.0000e+00
8.9594e+05	1.5949e+00	6.5059e-01	0.0000e+00
8.9594e+05	1.5956e+00	6.4982e-01	0.0000e+00
8.9594e+05	1.5962e+00	6.4897e-01	0.0000e+00
8.9594e+05	1.5967e+00	6.4817e-01	0.0000e+00
8.9594e+05	1.5972e+00	6.4739e-01	0.0000e+00
8.9594e+05	1.5975e+00	6.4663e-01	0.0000e+00
8.9594e+05	1.5981e+00	6.4592e-01	0.0000e+00
8.9594e+05	1.5989e+00	6.4525e-01	0.0000e+00
8.9594e+05	1.5996e+00	6.4451e-01	0.0000e+00
8.9594e+05	1.6003e+00	6.4380e-01	0.0000e+00
8.9594e+05	1.6009e+00	6.4296e-01	0.0000e+00
8.9594e+05	1.6011e+00	6.4211e-01	0.0000e+00
8.9594e+05	1.6013e+00	6.4140e-01	0.0000e+00
8.9594e+05	1.6013e+00	6.4079e-01	0.0000e+00
8.9594e+05	1.6007e+00	6.4022e-01	0.0000e+00
8.9594e+05	1.6001e+00	6.3971e-01	0.0000e+00
8.9594e+05	1.5993e+00	6.3920e-01	0.0000e+00
8.9594e+05	1.5986e+00	6.3878e-01	0.0000e+00
8.9594e+05	1.5979e+00	6.3848e-01	0.0000e+00
8.9594e+05	1.5971e+00	6.3814e-01	0.0000e+00
8.9594e+05	1.5962e+00	6.3790e-01	0.0000e+00
8.9594e+05	1.5953e+00	6.3776e-01	0.0000e+00
8.9594e+05	1.5947e+00	6.3768e-01	0.0000e+00
8.9594e+05	1.5938e+00	6.3757e-01	0.0000e+00
8.9594e+05	1.5928e+00	6.3748e-01	0.0000e+00
8.9594e+05	1.5920e+00	6.3730e-01	0.0000e+00
8.9594e+05	1.5907e+00	6.3706e-01	0.0000e+00
8.9594e+05	1.5890e+00	6.3687e-01	0.0000e+00
8.9594e+05	1.5873e+00	6.3679e-01	0.0000e+00
8.9594e+05	1.5862e+00	6.3685e-01	0.0000e+00
8.9594e+05	1.5852e+00	6.3694e-01	0.0000e+00
8.9594e+05	1.5843e+00	6.3701e-01	0.0000e+00
8.9595e+05	1.5835e+00	6.3689e-01	0.0000e+00
8.9595e+05	1.5826e+00	6.3676e-01	0.0000e+00
8.9595e+05	1.5823e+00	6.3670e-01	0.0000e+00
8.9595e+05	1.5820e+00	6.3650e-01	0.0000e+00
8.9595e+05	1.5818e+00	6.3648e-01	0.0000e+00
8.9595e+05	1.5817e+00	6.3649e-01	0.0000e+00
8.9595e+05	1.5815e+00	6.3646e-01	0.0000e+00
8.9595e+05	1.5814e+00	6.3656e-01	0.0000e+00
8.9595e+05	1.5810e+00	6.3659e-01	0.0000e+00
8.9595e+05	1.5808e+00	6.3660e-01	0.0000e+00
8.9595e+05	1.5810e+00	6.3661e-01	0.0000e+00
8.9595e+05	1.5815e+00	6.3661e-01	0.0000e+00
8.9595e+05	1.5816e+00	6.3659e-01	0.0000e+00
8.9595e+05	1.5818e+00	6.3667e-01	0.0000e+00
8.9595e+05	1.5821e+00	6.3687e-01	0.0000e+00
8.9595e+05	1.5825e+00	6.3689e-01	0.0000e+00
8.9595e+05	1.5829e+00	6.3688e-01	0.0000e+00
8.9595e+05	1.5832e+00	6.3690e-01	0.0000e+00
8.9595e+05	1.5835e+00	6.3686e-01	0.0000e+00
8.9595e+05	1.5837e+00	6.3694e-01	0.0000e+00
8.9595e+05	1.5840e+00	6.3710e-01	0.0000e+00
8.9595e+05	1.5843e+00	6.3716e-01	0.0000e+00
8.9595e+05	1.5843e+00	6.3719e-01	0.0000e+00
8.9595e+05	1.5848e+00	6.3728e-01	0.0000e+00
8.9595e+05	1.5851e+00	6.3726e-01	0.0000e+00
8.9595e+05	1.5855e+00	6.3718e-01	0.0000e+00
8.9595e+05	1.5862e+00	6.3719e-01	0.0000e+00
8.9595e+05	1.5863e+00	6.3707e-01	0.0000e+00
8.9595e+05	1.5865e+00	6.3691e-01	0.0000e+00
8.9595e+05	1.5868e+00	6.3677e-01	0.0000e+00
8.9595e+05	1.5872e+00	6.3668e-01	0.0000e+00
8.9595e+05	1.5876e+00	6.3654e-01	0.0000e+00
8.9595e+05	1.5874e+00	6.3645e-01	0.0000e+00
8.9595e+05	1.5867e+00	6.3632e-01	0.0000e+00
8.9595e+05	1.5862e+00	6.3611e-01	0.0000e+00
8.9595e+05	1.5863e+00	6.3615e-01	0.0000e+00
8.9595e+05	1.5866e+00	6.3623e-01	0.0000e+00
8.9595e+05	1.5868e+00	6.3629e-01	0.0000e+00
8.9595e+05	1.5872e+00	6.3640e-01	0.0000e+00
8.9595e+05	1.5877e+00	6.3643e-01	0.0000e+00
8.9595e+05	1.5882e+00	6.3661e-01	0.0000e+00
8.9595e+05	1.5882e+00	6.3689e-01	0.0000e+00
8.9595e+05	1.5880e+00	6.3728e-01	0.0000e+00
8.9595e+05	1.5880e+00	6.3756e-01	0.0000e+00
8.9595e+05	1.5879e+00	6.3783e-01	0.0000e+00
8.9595e+05	1.5881e+00	6.3809e-01	0.0000e+00
8.9595e+05	1.5884e+00	6.3843e-01	0.0000e+00
8.9595e+05	1.5886e+00	6.3883e-01	0.0000e+00
8.9595e+05	1.5891e+00	6.3919e-01	0.0000e+00
8.9595e+05	1.5897e+00	6.3951e-01	0.0000e+00
8.9595e+05	1.5903e+00	6.3992e-01	0.0000e+00
8.9595e+05	1.5917e+00	6.4044e-01	0.0000e+00
8.9595e+05	1.5931e+00	6.4102e-01	0.0000e+00
8.9595e+05	1.5944e+00	6.4152e-01	0.0000e+00
8.9595e+05	1.5961e+00	6.4199e-01	0.0000e+00
8.9595e+05	1.5978e+00	6.4248e-01	0.0000e+00
8.9595e+05	1.5994e+00	6.4297e-01	0.0000e+00
8.9595e+05	1.6009e+00	6.4346e-01	0.0000e+00
8.9595e+05	1.6024e+00	6.4391e-01	0.0000e+00
8.9595e+05	1.6043e+00	6.4431e-01	0.0000e+00
8.9595e+05	1.6062e+00	6.4463e-01	0.0000e+00
8.9595e+05	1.6080e+00	6.4490e-01	0.0000e+00
8.9595e+05	1.6098e+00	6.4510e-01	1.0000e+00
8.9595e+05	1.6116e+00	6.4528e-01	0.0000e+00
8.9595e+05	1.6133e+00	6.4559e-01	0.0000e+00
8.9595e+05	1.6147e+00	6.4586e-01	0.0000e+00
8.9595e+05	1.6161e+00	6.4616e-01	0.0000e+00
8.9595e+05	1.6176e+00	6.4643e-01	0.0000e+00
8.9595e+05	1.6187e+00	6.4671e-01	0.0000e+00
8.9595e+05	1.6198e+00	6.4693e-01	0.0000e+00
8.9595e+05	1.6204e+00	6.4713e-01	0.0000e+00
8.9595e+05	1.6206e+00	6.4729e-01	0.0000e+00
8.9595e+05	1.6209e+00	6.4739e-01	0.0000e+00
8.9595e+05	1.6211e+00	6.4754e-01	0.0000e+00
8.9595e+05	1.6211e+00	6.4761e-01	0.0000e+00
8.9595e+05	1.6211e+00	6.4765e-01	0.0000e+00
8.9595e+05	1.6209e+00	6.4753e-01	0.0000e+00
8.9595e+05	1.6207e+00	6.4759e-01	0.0000e+00
8.9595e+05	1.6205e+00	6.4771e-01	0.0000e+00
8.9595e+05	1.6198e+00	6.4775e-01	0.0000e+00
8.9595e+05	1.6195e+00	6.4792e-01	0.0000e+00
