Timestamp	workload	stress	Marker
8.8974e+05	2.3137e+00	1.1692e+00	0.0000e+00
8.8974e+05	2.3137e+00	1.1692e+00	0.0000e+00
8.8974e+05	2.3137e+00	1.1692e+00	0.0000e+00
8.8974e+05	2.3137e+00	1.1692e+00	0.0000e+00
8.8974e+05	2.3137e+00	1.1692e+00	0.0000e+00
8.8974e+05	2.3137e+00	1.1692e+00	0.0000e+00
8.8974e+05	2.3137e+00	1.1692e+00	0.0000e+00
8.8974e+05	2.3137e+00	1.1692e+00	0.0000e+00
8.8974e+05	2.3137e+00	1.1692e+00	0.0000e+00
8.8974e+05	2.3137e+00	1.1692e+00	0.0000e+00
8.8974e+05	2.3137e+00	1.1692e+00	0.0000e+00
8.8974e+05	2.3137e+00	1.1692e+00	0.0000e+00
8.8975e+05	2.3137e+00	1.1692e+00	0.0000e+00
8.8975e+05	2.3137e+00	1.1692e+00	0.0000e+00
8.8975e+05	2.3137e+00	1.1692e+00	0.0000e+00
8.8975e+05	2.3137e+00	1.1692e+00	0.0000e+00
8.8975e+05	2.3137e+00	1.1692e+00	0.0000e+00
8.8975e+05	2.3137e+00	1.1692e+00	0.0000e+00
8.8975e+05	2.3137e+00	1.1692e+00	0.0000e+00
8.8975e+05	2.3137e+00	1.1692e+00	0.0000e+00
8.8975e+05	2.3137e+00	1.1692e+00	0.0000e+00
8.8975e+05	2.3137e+00	1.1692e+00	0.0000e+00
8.8975e+05	2.3137e+00	1.1692e+00	0.0000e+00
8.8975e+05	2.3311e+00	1.1767e+00	0.0000e+00
8.8975e+05	2.3311e+00	1.1767e+00	0.0000e+00
8.8975e+05	2.3311e+00	1.1767e+00	0.0000e+00
8.8975e+05	2.3311e+00	1.1767e+00	0.0000e+00
8.8975e+05	2.3311e+00	1.1767e+00	0.0000e+00
8.8975e+05	2.3311e+00	1.1767e+00	0.0000e+00
8.8975e+05	2.3311e+00	1.1767e+00	0.0000e+00
8.8975e+05	2.3311e+00	1.1767e+00	0.0000e+00
8.8975e+05	2.3311e+00	1.1767e+00	0.0000e+00
8.8975e+05	2.3528e+00	1.1820e+00	0.0000e+00
8.8975e+05	2.3701e+00	1.1867e+00	0.0000e+00
8.8975e+05	2.3701e+00	1.1867e+00	0.0000e+00
8.8975e+05	2.3701e+00	1.1867e+00	0.0000e+00
8.8975e+05	2.3701e+00	1.1867e+00	0.0000e+00
8.8975e+05	2.3701e+00	1.1867e+00	0.0000e+00
8.8975e+05	2.3701e+00	1.1867e+00	0.0000e+00
8.8975e+05	2.3701e+00	1.1867e+00	0.0000e+00
8.8975e+05	2.3701e+00	1.1867e+00	0.0000e+00
8.8975e+05	2.3701e+00	1.1867e+00	0.0000e+00
8.8975e+05	2.3701e+00	1.1867e+00	0.0000e+00
8.8975e+05	2.3701e+00	1.1867e+00	0.0000e+00
8.8975e+05	2.3701e+00	1.1867e+00	0.0000e+00
8.8975e+05	2.3701e+00	1.1867e+00	0.0000e+00
8.8975e+05	2.3701e+00	1.1867e+00	0.0000e+00
8.8975e+05	2.3701e+00	1.1867e+00	0.0000e+00
8.8975e+05	2.3701e+00	1.1867e+00	0.0000e+00
8.8975e+05	2.3701e+00	1.1867e+00	0.0000e+00
8.8975e+05	2.3701e+00	1.1867e+00	0.0000e+00
8.8975e+05	2.3701e+00	1.1867e+00	0.0000e+00
8.8975e+05	2.3701e+00	1.1867e+00	0.0000e+00
8.8975e+05	2.3701e+00	1.1867e+00	0.0000e+00
8.8975e+05	2.3701e+00	1.1867e+00	0.0000e+00
8.8975e+05	2.3701e+00	1.1867e+00	0.0000e+00
8.8975e+05	2.3701e+00	1.1867e+00	0.0000e+00
8.8975e+05	2.3701e+00	1.1867e+00	0.0000e+00
8.8975e+05	2.3701e+00	1.1867e+00	0.0000e+00
8.8975e+05	2.3701e+00	1.1867e+00	0.0000e+00
8.8975e+05	2.3701e+00	1.1867e+00	0.0000e+00
8.8975e+05	2.3701e+00	1.1867e+00	0.0000e+00
8.8975e+05	2.3701e+00	1.1867e+00	0.0000e+00
8.8975e+05	2.3701e+00	1.1867e+00	0.0000e+00
8.8975e+05	2.3701e+00	1.1867e+00	0.0000e+00
8.8975e+05	2.3701e+00	1.1867e+00	0.0000e+00
8.8975e+05	2.3701e+00	1.1867e+00	0.0000e+00
8.8975e+05	2.3701e+00	1.1867e+00	0.0000e+00
8.8975e+05	2.3701e+00	1.1867e+00	0.0000e+00
8.8975e+05	2.3701e+00	1.1867e+00	0.0000e+00
8.8975e+05	2.3701e+00	1.1867e+00	0.0000e+00
8.8975e+05	2.3701e+00	1.1867e+00	0.0000e+00
8.8975e+05	2.3701e+00	1.1867e+00	0.0000e+00
8.8975e+05	2.3701e+00	1.1867e+00	0.0000e+00
8.8975e+05	2.3701e+00	1.1867e+00	0.0000e+00
8.8975e+05	2.3701e+00	1.1867e+00	0.0000e+00
8.8975e+05	2.3701e+00	1.1867e+00	0.0000e+00
8.8975e+05	2.3701e+00	1.1867e+00	0.0000e+00
8.8975e+05	2.3701e+00	1.1867e+00	0.0000e+00
8.8975e+05	2.3701e+00	1.1867e+00	0.0000e+00
8.8975e+05	2.3701e+00	1.1867e+00	0.0000e+00
8.8975e+05	2.3701e+00	1.1867e+00	0.0000e+00
8.8975e+05	2.3701e+00	1.1867e+00	0.0000e+00
8.8975e+05	2.3701e+00	1.1867e+00	0.0000e+00
8.8975e+05	2.3701e+00	1.1867e+00	0.0000e+00
8.8975e+05	2.3701e+00	1.1867e+00	0.0000e+00
8.8975e+05	2.3701e+00	1.1867e+00	0.0000e+00
8.8975e+05	2.3701e+00	1.1867e+00	0.0000e+00
8.8975e+05	2.3701e+00	1.1867e+00	0.0000e+00
8.8975e+05	2.3701e+00	1.1867e+00	0.0000e+00
8.8975e+05	2.3701e+00	1.1867e+00	0.0000e+00
8.8975e+05	2.3701e+00	1.1867e+00	0.0000e+00
8.8975e+05	2.3701e+00	1.1867e+00	0.0000e+00
8.8975e+05	2.3701e+00	1.1867e+00	0.0000e+00
8.8975e+05	2.3701e+00	1.1867e+00	0.0000e+00
8.8975e+05	2.3701e+00	1.1867e+00	0.0000e+00
8.8975e+05	2.3701e+00	1.1867e+00	0.0000e+00
8.8975e+05	2.3701e+00	1.1867e+00	0.0000e+00
8.8975e+05	2.3701e+00	1.1867e+00	0.0000e+00
8.8975e+05	2.3701e+00	1.1867e+00	1.0000e+00
8.8975e+05	2.3701e+00	1.1867e+00	0.0000e+00
8.8975e+05	2.3701e+00	1.1867e+00	0.0000e+00
8.8975e+05	2.3701e+00	1.1867e+00	0.0000e+00
8.8975e+05	2.3701e+00	1.1867e+00	0.0000e+00
8.8975e+05	2.3695e+00	1.1781e+00	0.0000e+00
8.8975e+05	2.3694e+00	1.1710e+00	0.0000e+00
8.8975e+05	2.3702e+00	1.1645e+00	0.0000e+00
8.8975e+05	2.3722e+00	1.1586e+00	0.0000e+00
8.8975e+05	2.3734e+00	1.1525e+00	0.0000e+00
8.8975e+05	2.3734e+00	1.1525e+00	0.0000e+00
8.8975e+05	2.3734e+00	1.1525e+00	0.0000e+00
8.8975e+05	2.3734e+00	1.1525e+00	0.0000e+00
8.8976e+05	2.3734e+00	1.1525e+00	0.0000e+00
8.8976e+05	2.3734e+00	1.1525e+00	0.0000e+00
8.8976e+05	2.3734e+00	1.1525e+00	0.0000e+00
8.8976e+05	2.3734e+00	1.1525e+00	0.0000e+00
8.8976e+05	2.3734e+00	1.1525e+00	0.0000e+00
8.8976e+05	2.3734e+00	1.1525e+00	0.0000e+00
8.8976e+05	2.3734e+00	1.1525e+00	0.0000e+00
8.8976e+05	2.3734e+00	1.1525e+00	0.0000e+00
8.8976e+05	2.3734e+00	1.1525e+00	0.0000e+00
8.8976e+05	2.3734e+00	1.1525e+00	0.0000e+00
8.8976e+05	2.3734e+00	1.1525e+00	0.0000e+00
8.8976e+05	2.3734e+00	1.1525e+00	0.0000e+00
8.8976e+05	2.3734e+00	1.1525e+00	0.0000e+00
8.8976e+05	2.3734e+00	1.1525e+00	0.0000e+00
8.8976e+05	2.3734e+00	1.1525e+00	1.0000e+00
8.8976e+05	2.3734e+00	1.1525e+00	0.0000e+00
8.8976e+05	2.3734e+00	1.1525e+00	0.0000e+00
8.8976e+05	2.3734e+00	1.1525e+00	0.0000e+00
8.8976e+05	2.3734e+00	1.1525e+00	0.0000e+00
8.8976e+05	2.3734e+00	1.1525e+00	0.0000e+00
8.8976e+05	2.3734e+00	1.1525e+00	0.0000e+00
8.8976e+05	2.3734e+00	1.1525e+00	0.0000e+00
8.8976e+05	2.3734e+00	1.1525e+00	0.0000e+00
8.8976e+05	2.3734e+00	1.1525e+00	0.0000e+00
8.8976e+05	2.3734e+00	1.1525e+00	0.0000e+00
8.8976e+05	2.3734e+00	1.1525e+00	0.0000e+00
8.8976e+05	2.3734e+00	1.1525e+00	0.0000e+00
8.8976e+05	2.3831e+00	1.1527e+00	0.0000e+00
8.8976e+05	2.3831e+00	1.1527e+00	0.0000e+00
8.8976e+05	2.3831e+00	1.1527e+00	0.0000e+00
8.8976e+05	2.3831e+00	1.1527e+00	0.0000e+00
8.8976e+05	2.3831e+00	1.1527e+00	0.0000e+00
8.8976e+05	2.3831e+00	1.1527e+00	0.0000e+00
8.8976e+05	2.3831e+00	1.1527e+00	0.0000e+00
8.8976e+05	2.3831e+00	1.1527e+00	0.0000e+00
8.8976e+05	2.3831e+00	1.1527e+00	0.0000e+00
8.8976e+05	2.3836e+00	1.1526e+00	0.0000e+00
8.8976e+05	2.3836e+00	1.1526e+00	0.0000e+00
8.8976e+05	2.3836e+00	1.1526e+00	0.0000e+00
8.8976e+05	2.3890e+00	1.1524e+00	0.0000e+00
8.8976e+05	2.3890e+00	1.1524e+00	0.0000e+00
8.8976e+05	2.3947e+00	1.1510e+00	0.0000e+00
8.8976e+05	2.4000e+00	1.1490e+00	0.0000e+00
8.8976e+05	2.4100e+00	1.1472e+00	0.0000e+00
8.8976e+05	2.4194e+00	1.1458e+00	0.0000e+00
8.8976e+05	2.4194e+00	1.1458e+00	0.0000e+00
8.8976e+05	2.4341e+00	1.1442e+00	0.0000e+00
8.8976e+05	2.4490e+00	1.1426e+00	0.0000e+00
8.8976e+05	2.4490e+00	1.1426e+00	0.0000e+00
8.8976e+05	2.4490e+00	1.1426e+00	0.0000e+00
8.8976e+05	2.4490e+00	1.1426e+00	0.0000e+00
8.8976e+05	2.4490e+00	1.1426e+00	0.0000e+00
8.8976e+05	2.4490e+00	1.1426e+00	0.0000e+00
8.8976e+05	2.4490e+00	1.1426e+00	0.0000e+00
8.8976e+05	2.4490e+00	1.1426e+00	0.0000e+00
8.8976e+05	2.4490e+00	1.1426e+00	0.0000e+00
8.8976e+05	2.4490e+00	1.1426e+00	0.0000e+00
8.8976e+05	2.4490e+00	1.1426e+00	0.0000e+00
8.8976e+05	2.4490e+00	1.1426e+00	0.0000e+00
8.8976e+05	2.4490e+00	1.1426e+00	0.0000e+00
8.8976e+05	2.4490e+00	1.1426e+00	0.0000e+00
8.8976e+05	2.4490e+00	1.1426e+00	0.0000e+00
8.8976e+05	2.4466e+00	1.1359e+00	0.0000e+00
8.8976e+05	2.4470e+00	1.1299e+00	0.0000e+00
8.8976e+05	2.4478e+00	1.1242e+00	0.0000e+00
8.8976e+05	2.4477e+00	1.1191e+00	0.0000e+00
8.8976e+05	2.4450e+00	1.1136e+00	0.0000e+00
8.8976e+05	2.4425e+00	1.1085e+00	0.0000e+00
8.8976e+05	2.4379e+00	1.1035e+00	0.0000e+00
8.8976e+05	2.4360e+00	1.0991e+00	0.0000e+00
8.8976e+05	2.4345e+00	1.0952e+00	0.0000e+00
8.8976e+05	2.4308e+00	1.0915e+00	0.0000e+00
8.8976e+05	2.4281e+00	1.0874e+00	0.0000e+00
8.8976e+05	2.4260e+00	1.0834e+00	0.0000e+00
8.8976e+05	2.4245e+00	1.0789e+00	0.0000e+00
8.8976e+05	2.4250e+00	1.0744e+00	0.0000e+00
8.8976e+05	2.4232e+00	1.0702e+00	0.0000e+00
8.8976e+05	2.4190e+00	1.0663e+00	0.0000e+00
8.8976e+05	2.4143e+00	1.0623e+00	0.0000e+00
8.8976e+05	2.4096e+00	1.0585e+00	0.0000e+00
8.8976e+05	2.4043e+00	1.0548e+00	0.0000e+00
8.8976e+05	2.3987e+00	1.0516e+00	0.0000e+00
8.8976e+05	2.3947e+00	1.0487e+00	0.0000e+00
8.8976e+05	2.3919e+00	1.0451e+00	0.0000e+00
8.8976e+05	2.3913e+00	1.0413e+00	0.0000e+00
8.8976e+05	2.3900e+00	1.0380e+00	0.0000e+00
8.8976e+05	2.3891e+00	1.0351e+00	0.0000e+00
8.8976e+05	2.3866e+00	1.0327e+00	0.0000e+00
8.8976e+05	2.3841e+00	1.0304e+00	0.0000e+00
8.8976e+05	2.3807e+00	1.0281e+00	0.0000e+00
8.8976e+05	2.3717e+00	1.0197e+00	0.0000e+00
8.8976e+05	2.3648e+00	1.0114e+00	0.0000e+00
8.8976e+05	2.3621e+00	1.0087e+00	0.0000e+00
8.8976e+05	2.3609e+00	1.0036e+00	0.0000e+00
8.8976e+05	2.3599e+00	9.9814e-01	0.0000e+00
8.8976e+05	2.3601e+00	9.9351e-01	0.0000e+00
8.8976e+05	2.3595e+00	9.8893e-01	0.0000e+00
8.8976e+05	2.3603e+00	9.8447e-01	0.0000e+00
8.8976e+05	2.3612e+00	9.8010e-01	0.0000e+00
8.8976e+05	2.3632e+00	9.7568e-01	0.0000e+00
8.8977e+05	2.3651e+00	9.7162e-01	0.0000e+00
8.8977e+05	2.3663e+00	9.6828e-01	0.0000e+00
8.8977e+05	2.3663e+00	9.6828e-01	0.0000e+00
8.8977e+05	2.3663e+00	9.6828e-01	0.0000e+00
8.8977e+05	2.3663e+00	9.6828e-01	0.0000e+00
8.8977e+05	2.3715e+00	9.6521e-01	0.0000e+00
8.8977e+05	2.3786e+00	9.6236e-01	0.0000e+00
8.8977e+05	2.3852e+00	9.6023e-01	0.0000e+00
8.8977e+05	2.3852e+00	9.6023e-01	0.0000e+00
8.8977e+05	2.3916e+00	9.5663e-01	0.0000e+00
8.8977e+05	2.3977e+00	9.5333e-01	0.0000e+00
8.8977e+05	2.4030e+00	9.4990e-01	0.0000e+00
8.8977e+05	2.4030e+00	9.4990e-01	0.0000e+00
8.8977e+05	2.4043e+00	9.4668e-01	0.0000e+00
8.8977e+05	2.4036e+00	9.4410e-01	0.0000e+00
8.8977e+05	2.4030e+00	9.4142e-01	0.0000e+00
8.8977e+05	2.4030e+00	9.4142e-01	0.0000e+00
8.8977e+05	2.4030e+00	9.4142e-01	0.0000e+00
8.8977e+05	2.4030e+00	9.4142e-01	0.0000e+00
8.8977e+05	2.4030e+00	9.4142e-01	0.0000e+00
8.8977e+05	2.4030e+00	9.4142e-01	0.0000e+00
8.8977e+05	2.4030e+00	9.4142e-01	0.0000e+00
8.8977e+05	2.4030e+00	9.4142e-01	0.0000e+00
8.8977e+05	2.4030e+00	9.4064e-01	0.0000e+00
8.8977e+05	2.4021e+00	9.3970e-01	0.0000e+00
8.8977e+05	2.4017e+00	9.3828e-01	0.0000e+00
8.8977e+05	2.3984e+00	9.3717e-01	0.0000e+00
8.8977e+05	2.3949e+00	9.3657e-01	0.0000e+00
8.8977e+05	2.3921e+00	9.3526e-01	0.0000e+00
8.8977e+05	2.3921e+00	9.3526e-01	0.0000e+00
8.8977e+05	2.3937e+00	9.3470e-01	0.0000e+00
8.8977e+05	2.3953e+00	9.3456e-01	0.0000e+00
8.8977e+05	2.3962e+00	9.3434e-01	0.0000e+00
8.8977e+05	2.3981e+00	9.3435e-01	0.0000e+00
8.8977e+05	2.4006e+00	9.3435e-01	0.0000e+00
8.8977e+05	2.4022e+00	9.3378e-01	0.0000e+00
8.8977e+05	2.4031e+00	9.3315e-01	0.0000e+00
8.8977e+05	2.4042e+00	9.3216e-01	0.0000e+00
8.8977e+05	2.4054e+00	9.3113e-01	0.0000e+00
8.8977e+05	2.4063e+00	9.3011e-01	0.0000e+00
8.8977e+05	2.4089e+00	9.2997e-01	0.0000e+00
8.8977e+05	2.4109e+00	9.2993e-01	0.0000e+00
8.8977e+05	2.4118e+00	9.2941e-01	0.0000e+00
8.8977e+05	2.4122e+00	9.2860e-01	0.0000e+00
8.8977e+05	2.4122e+00	9.2860e-01	0.0000e+00
8.8977e+05	2.4147e+00	9.2753e-01	0.0000e+00
8.8977e+05	2.4154e+00	9.2621e-01	0.0000e+00
8.8977e+05	2.4149e+00	9.2457e-01	0.0000e+00
8.8977e+05	2.4150e+00	9.2303e-01	0.0000e+00
8.8977e+05	2.4153e+00	9.2150e-01	0.0000e+00
8.8977e+05	2.4140e+00	9.1973e-01	0.0000e+00
8.8977e+05	2.4108e+00	9.1807e-01	0.0000e+00
8.8977e+05	2.4076e+00	9.1646e-01	0.0000e+00
8.8977e+05	2.4046e+00	9.1441e-01	0.0000e+00
8.8977e+05	2.4014e+00	9.1244e-01	0.0000e+00
8.8977e+05	2.3995e+00	9.1068e-01	0.0000e+00
8.8977e+05	2.3973e+00	9.0866e-01	0.0000e+00
8.8977e+05	2.3948e+00	9.0697e-01	0.0000e+00
8.8977e+05	2.3922e+00	9.0534e-01	0.0000e+00
8.8977e+05	2.3922e+00	9.0534e-01	0.0000e+00
8.8977e+05	2.3880e+00	9.0346e-01	0.0000e+00
8.8977e+05	2.3830e+00	9.0169e-01	0.0000e+00
8.8977e+05	2.3791e+00	9.0029e-01	0.0000e+00
8.8977e+05	2.3745e+00	8.9921e-01	0.0000e+00
8.8977e+05	2.3704e+00	8.9807e-01	0.0000e+00
8.8977e+05	2.3667e+00	8.9699e-01	0.0000e+00
8.8977e+05	2.3637e+00	8.9614e-01	0.0000e+00
8.8977e+05	2.3612e+00	8.9575e-01	0.0000e+00
8.8977e+05	2.3582e+00	8.9496e-01	0.0000e+00
8.8977e+05	2.3554e+00	8.9451e-01	0.0000e+00
8.8977e+05	2.3528e+00	8.9406e-01	0.0000e+00
8.8977e+05	2.3509e+00	8.9367e-01	0.0000e+00
8.8977e+05	2.3484e+00	8.9364e-01	0.0000e+00
8.8977e+05	2.3457e+00	8.9375e-01	0.0000e+00
8.8977e+05	2.3431e+00	8.9401e-01	0.0000e+00
8.8977e+05	2.3368e+00	8.9377e-01	0.0000e+00
8.8977e+05	2.3291e+00	8.9384e-01	0.0000e+00
8.8977e+05	2.3220e+00	8.9345e-01	0.0000e+00
8.8977e+05	2.3151e+00	8.9222e-01	0.0000e+00
8.8977e+05	2.3136e+00	8.9289e-01	0.0000e+00
8.8977e+05	2.3122e+00	8.9358e-01	0.0000e+00
8.8977e+05	2.3104e+00	8.9425e-01	0.0000e+00
8.8977e+05	2.3080e+00	8.9486e-01	0.0000e+00
8.8977e+05	2.3056e+00	8.9537e-01	0.0000e+00
8.8977e+05	2.3037e+00	8.9605e-01	0.0000e+00
8.8977e+05	2.3016e+00	8.9669e-01	0.0000e+00
8.8977e+05	2.2995e+00	8.9721e-01	0.0000e+00
8.8977e+05	2.2971e+00	8.9750e-01	0.0000e+00
8.8977e+05	2.2943e+00	8.9771e-01	0.0000e+00
8.8977e+05	2.2907e+00	8.9772e-01	0.0000e+00
8.8977e+05	2.2878e+00	8.9793e-01	0.0000e+00
8.8977e+05	2.2842e+00	8.9799e-01	0.0000e+00
8.8977e+05	2.2808e+00	8.9763e-01	0.0000e+00
8.8977e+05	2.2777e+00	8.9727e-01	0.0000e+00
8.8977e+05	2.2743e+00	8.9691e-01	0.0000e+00
8.8977e+05	2.2704e+00	8.9657e-01	0.0000e+00
8.8977e+05	2.2663e+00	8.9601e-01	0.0000e+00
8.8977e+05	2.2626e+00	8.9534e-01	0.0000e+00
8.8977e+05	2.2585e+00	8.9487e-01	0.0000e+00
8.8977e+05	2.2540e+00	8.9414e-01	0.0000e+00
8.8978e+05	2.2493e+00	8.9326e-01	0.0000e+00
8.8978e+05	2.2447e+00	8.9216e-01	0.0000e+00
8.8978e+05	2.2402e+00	8.9102e-01	0.0000e+00
8.8978e+05	2.2355e+00	8.8990e-01	0.0000e+00
8.8978e+05	2.2313e+00	8.8880e-01	0.0000e+00
8.8978e+05	2.2272e+00	8.8799e-01	0.0000e+00
8.8978e+05	2.2234e+00	8.8744e-01	0.0000e+00
8.8978e+05	2.2193e+00	8.8696e-01	0.0000e+00
8.8978e+05	2.2155e+00	8.8667e-01	0.0000e+00
8.8978e+05	2.2113e+00	8.8651e-01	0.0000e+00
8.8978e+05	2.2070e+00	8.8621e-01	0.0000e+00
8.8978e+05	2.1980e+00	8.8177e-01	0.0000e+00
8.8978e+05	2.1952e+00	8.8194e-01	0.0000e+00
8.8978e+05	2.1930e+00	8.8207e-01	0.0000e+00
8.8978e+05	2.1908e+00	8.8190e-01	0.0000e+00
8.8978e+05	2.1885e+00	8.8197e-01	0.0000e+00
8.8978e+05	2.1861e+00	8.8219e-01	0.0000e+00
8.8978e+05	2.1840e+00	8.8259e-01	0.0000e+00
8.8978e+05	2.1818e+00	8.8317e-01	0.0000e+00
8.8978e+05	2.1797e+00	8.8363e-01	0.0000e+00
8.8978e+05	2.1714e+00	8.8067e-01	0.0000e+00
8.8978e+05	2.1643e+00	8.7789e-01	0.0000e+00
8.8978e+05	2.1628e+00	8.7878e-01	0.0000e+00
8.8978e+05	2.1610e+00	8.7953e-01	0.0000e+00
8.8978e+05	2.1594e+00	8.8012e-01	0.0000e+00
8.8978e+05	2.1577e+00	8.8045e-01	0.0000e+00
8.8978e+05	2.1558e+00	8.8060e-01	0.0000e+00
8.8978e+05	2.1537e+00	8.8058e-01	0.0000e+00
8.8978e+05	2.1517e+00	8.8039e-01	0.0000e+00
8.8978e+05	2.1501e+00	8.8002e-01	0.0000e+00
8.8978e+05	2.1487e+00	8.7974e-01	0.0000e+00
8.8978e+05	2.1470e+00	8.7942e-01	0.0000e+00
8.8978e+05	2.1445e+00	8.7892e-01	0.0000e+00
8.8978e+05	2.1416e+00	8.7833e-01	0.0000e+00
8.8978e+05	2.1386e+00	8.7769e-01	0.0000e+00
8.8978e+05	2.1354e+00	8.7676e-01	0.0000e+00
8.8978e+05	2.1323e+00	8.7580e-01	0.0000e+00
8.8978e+05	2.1299e+00	8.7475e-01	0.0000e+00
8.8978e+05	2.1278e+00	8.7365e-01	0.0000e+00
8.8978e+05	2.1261e+00	8.7262e-01	0.0000e+00
8.8978e+05	2.1241e+00	8.7166e-01	0.0000e+00
8.8978e+05	2.1218e+00	8.7040e-01	0.0000e+00
8.8978e+05	2.1201e+00	8.6906e-01	0.0000e+00
8.8978e+05	2.1181e+00	8.6784e-01	0.0000e+00
8.8978e+05	2.1157e+00	8.6663e-01	0.0000e+00
8.8978e+05	2.1134e+00	8.6548e-01	0.0000e+00
8.8978e+05	2.1114e+00	8.6439e-01	0.0000e+00
8.8978e+05	2.1094e+00	8.6322e-01	0.0000e+00
8.8978e+05	2.1078e+00	8.6216e-01	0.0000e+00
8.8978e+05	2.1066e+00	8.6142e-01	0.0000e+00
8.8978e+05	2.1053e+00	8.6055e-01	0.0000e+00
8.8978e+05	2.1038e+00	8.5973e-01	0.0000e+00
8.8978e+05	2.1031e+00	8.5917e-01	0.0000e+00
8.8978e+05	2.1024e+00	8.5862e-01	0.0000e+00
8.8978e+05	2.1011e+00	8.5820e-01	0.0000e+00
8.8978e+05	2.0997e+00	8.5778e-01	0.0000e+00
8.8978e+05	2.0978e+00	8.5742e-01	0.0000e+00
8.8978e+05	2.0962e+00	8.5714e-01	0.0000e+00
8.8978e+05	2.0949e+00	8.5700e-01	0.0000e+00
8.8978e+05	2.0932e+00	8.5695e-01	0.0000e+00
8.8978e+05	2.0915e+00	8.5683e-01	0.0000e+00
8.8978e+05	2.0896e+00	8.5697e-01	0.0000e+00
8.8978e+05	2.0881e+00	8.5731e-01	0.0000e+00
8.8978e+05	2.0866e+00	8.5767e-01	0.0000e+00
8.8978e+05	2.0848e+00	8.5802e-01	0.0000e+00
8.8978e+05	2.0828e+00	8.5845e-01	0.0000e+00
8.8978e+05	2.0806e+00	8.5889e-01	0.0000e+00
8.8978e+05	2.0781e+00	8.5946e-01	0.0000e+00
8.8978e+05	2.0753e+00	8.6011e-01	0.0000e+00
8.8978e+05	2.0722e+00	8.6067e-01	0.0000e+00
8.8978e+05	2.0692e+00	8.6130e-01	0.0000e+00
8.8978e+05	2.0661e+00	8.6187e-01	0.0000e+00
8.8978e+05	2.0633e+00	8.6236e-01	0.0000e+00
8.8978e+05	2.0603e+00	8.6291e-01	0.0000e+00
8.8978e+05	2.0572e+00	8.6339e-01	0.0000e+00
8.8978e+05	2.0538e+00	8.6388e-01	0.0000e+00
8.8978e+05	2.0503e+00	8.6436e-01	0.0000e+00
8.8978e+05	2.0470e+00	8.6497e-01	0.0000e+00
8.8978e+05	2.0431e+00	8.6560e-01	0.0000e+00
8.8978e+05	2.0393e+00	8.6609e-01	0.0000e+00
8.8978e+05	2.0350e+00	8.6655e-01	0.0000e+00
8.8978e+05	2.0308e+00	8.6681e-01	0.0000e+00
8.8978e+05	2.0264e+00	8.6702e-01	0.0000e+00
8.8978e+05	2.0221e+00	8.6746e-01	0.0000e+00
8.8978e+05	2.0179e+00	8.6790e-01	0.0000e+00
8.8978e+05	2.0140e+00	8.6826e-01	0.0000e+00
8.8978e+05	2.0102e+00	8.6867e-01	0.0000e+00
8.8978e+05	2.0063e+00	8.6908e-01	0.0000e+00
8.8978e+05	2.0033e+00	8.6953e-01	0.0000e+00
8.8978e+05	2.0002e+00	8.6982e-01	0.0000e+00
8.8978e+05	1.9969e+00	8.7001e-01	0.0000e+00
8.8978e+05	1.9936e+00	8.7029e-01	0.0000e+00
8.8978e+05	1.9888e+00	8.7064e-01	0.0000e+00
8.8978e+05	1.9840e+00	8.7087e-01	0.0000e+00
8.8978e+05	1.9820e+00	8.7060e-01	0.0000e+00
8.8978e+05	1.9777e+00	8.7064e-01	0.0000e+00
8.8978e+05	1.9733e+00	8.7089e-01	0.0000e+00
8.8978e+05	1.9716e+00	8.7113e-01	0.0000e+00
8.8978e+05	1.9700e+00	8.7147e-01	0.0000e+00
8.8978e+05	1.9689e+00	8.7178e-01	0.0000e+00
8.8979e+05	1.9678e+00	8.7212e-01	0.0000e+00
8.8979e+05	1.9672e+00	8.7250e-01	0.0000e+00
8.8979e+05	1.9667e+00	8.7285e-01	0.0000e+00
8.8979e+05	1.9666e+00	8.7320e-01	0.0000e+00
8.8979e+05	1.9665e+00	8.7362e-01	0.0000e+00
8.8979e+05	1.9667e+00	8.7399e-01	0.0000e+00
8.8979e+05	1.9669e+00	8.7431e-01	0.0000e+00
8.8979e+05	1.9667e+00	8.7459e-01	0.0000e+00
8.8979e+05	1.9671e+00	8.7484e-01	0.0000e+00
8.8979e+05	1.9672e+00	8.7515e-01	0.0000e+00
8.8979e+05	1.9675e+00	8.7539e-01	0.0000e+00
8.8979e+05	1.9679e+00	8.7564e-01	0.0000e+00
8.8979e+05	1.9685e+00	8.7586e-01	0.0000e+00
8.8979e+05	1.9686e+00	8.7597e-01	0.0000e+00
8.8979e+05	1.9689e+00	8.7607e-01	0.0000e+00
8.8979e+05	1.9693e+00	8.7612e-01	0.0000e+00
8.8979e+05	1.9699e+00	8.7604e-01	0.0000e+00
8.8979e+05	1.9706e+00	8.7596e-01	0.0000e+00
8.8979e+05	1.9708e+00	8.7587e-01	0.0000e+00
8.8979e+05	1.9708e+00	8.7587e-01	0.0000e+00
8.8979e+05	1.9711e+00	8.7580e-01	0.0000e+00
8.8979e+05	1.9711e+00	8.7580e-01	0.0000e+00
8.8979e+05	1.9713e+00	8.7570e-01	0.0000e+00
8.8979e+05	1.9713e+00	8.7558e-01	0.0000e+00
8.8979e+05	1.9713e+00	8.7558e-01	0.0000e+00
8.8979e+05	1.9718e+00	8.7541e-01	0.0000e+00
8.8979e+05	1.9718e+00	8.7528e-01	0.0000e+00
8.8979e+05	1.9683e+00	8.7381e-01	0.0000e+00
8.8979e+05	1.9688e+00	8.7365e-01	0.0000e+00
8.8979e+05	1.9692e+00	8.7354e-01	0.0000e+00
8.8979e+05	1.9697e+00	8.7352e-01	0.0000e+00
8.8979e+05	1.9705e+00	8.7351e-01	0.0000e+00
8.8979e+05	1.9712e+00	8.7339e-01	0.0000e+00
8.8979e+05	1.9718e+00	8.7324e-01	0.0000e+00
8.8979e+05	1.9724e+00	8.7310e-01	0.0000e+00
8.8979e+05	1.9726e+00	8.7308e-01	0.0000e+00
8.8979e+05	1.9729e+00	8.7312e-01	0.0000e+00
8.8979e+05	1.9734e+00	8.7320e-01	0.0000e+00
8.8979e+05	1.9735e+00	8.7340e-01	0.0000e+00
8.8979e+05	1.9740e+00	8.7365e-01	0.0000e+00
8.8979e+05	1.9742e+00	8.7383e-01	0.0000e+00
8.8979e+05	1.9745e+00	8.7393e-01	0.0000e+00
8.8979e+05	1.9747e+00	8.7406e-01	0.0000e+00
8.8979e+05	1.9753e+00	8.7418e-01	0.0000e+00
8.8979e+05	1.9756e+00	8.7442e-01	0.0000e+00
8.8979e+05	1.9761e+00	8.7459e-01	0.0000e+00
8.8979e+05	1.9768e+00	8.7481e-01	0.0000e+00
8.8979e+05	1.9771e+00	8.7505e-01	0.0000e+00
8.8979e+05	1.9771e+00	8.7515e-01	0.0000e+00
8.8979e+05	1.9771e+00	8.7517e-01	0.0000e+00
8.8979e+05	1.9772e+00	8.7521e-01	0.0000e+00
8.8979e+05	1.9773e+00	8.7520e-01	0.0000e+00
8.8979e+05	1.9773e+00	8.7536e-01	0.0000e+00
8.8979e+05	1.9773e+00	8.7549e-01	0.0000e+00
8.8979e+05	1.9777e+00	8.7566e-01	0.0000e+00
8.8979e+05	1.9786e+00	8.7581e-01	0.0000e+00
8.8979e+05	1.9794e+00	8.7585e-01	0.0000e+00
8.8979e+05	1.9799e+00	8.7593e-01	0.0000e+00
8.8979e+05	1.9805e+00	8.7583e-01	0.0000e+00
8.8979e+05	1.9810e+00	8.7564e-01	0.0000e+00
8.8979e+05	1.9813e+00	8.7559e-01	0.0000e+00
8.8979e+05	1.9817e+00	8.7552e-01	0.0000e+00
8.8979e+05	1.9808e+00	8.7533e-01	0.0000e+00
8.8979e+05	1.9793e+00	8.7504e-01	0.0000e+00
8.8979e+05	1.9775e+00	8.7477e-01	0.0000e+00
8.8979e+05	1.9758e+00	8.7445e-01	0.0000e+00
8.8979e+05	1.9745e+00	8.7423e-01	0.0000e+00
8.8979e+05	1.9732e+00	8.7397e-01	0.0000e+00
8.8979e+05	1.9723e+00	8.7375e-01	0.0000e+00
8.8979e+05	1.9709e+00	8.7338e-01	0.0000e+00
8.8979e+05	1.9697e+00	8.7317e-01	0.0000e+00
8.8979e+05	1.9686e+00	8.7290e-01	0.0000e+00
8.8979e+05	1.9671e+00	8.7271e-01	0.0000e+00
8.8979e+05	1.9656e+00	8.7246e-01	0.0000e+00
8.8979e+05	1.9642e+00	8.7240e-01	0.0000e+00
8.8979e+05	1.9622e+00	8.7234e-01	0.0000e+00
8.8979e+05	1.9609e+00	8.7229e-01	0.0000e+00
8.8979e+05	1.9600e+00	8.7235e-01	0.0000e+00
8.8979e+05	1.9591e+00	8.7250e-01	0.0000e+00
8.8979e+05	1.9581e+00	8.7262e-01	0.0000e+00
8.8979e+05	1.9572e+00	8.7279e-01	0.0000e+00
8.8979e+05	1.9563e+00	8.7282e-01	0.0000e+00
8.8979e+05	1.9549e+00	8.7281e-01	0.0000e+00
8.8979e+05	1.9532e+00	8.7293e-01	0.0000e+00
8.8979e+05	1.9510e+00	8.7310e-01	0.0000e+00
8.8979e+05	1.9491e+00	8.7316e-01	0.0000e+00
8.8979e+05	1.9474e+00	8.7323e-01	0.0000e+00
8.8979e+05	1.9462e+00	8.7326e-01	0.0000e+00
8.8979e+05	1.9451e+00	8.7340e-01	0.0000e+00
8.8979e+05	1.9440e+00	8.7347e-01	0.0000e+00
8.8979e+05	1.9428e+00	8.7345e-01	0.0000e+00
8.8979e+05	1.9413e+00	8.7351e-01	0.0000e+00
8.8979e+05	1.9401e+00	8.7372e-01	0.0000e+00
8.8979e+05	1.9398e+00	8.7378e-01	0.0000e+00
8.8979e+05	1.9395e+00	8.7387e-01	0.0000e+00
8.8979e+05	1.9389e+00	8.7400e-01	0.0000e+00
8.8979e+05	1.9386e+00	8.7402e-01	0.0000e+00
8.8979e+05	1.9381e+00	8.7404e-01	0.0000e+00
8.8979e+05	1.9381e+00	8.7410e-01	0.0000e+00
8.8979e+05	1.9380e+00	8.7411e-01	0.0000e+00
8.8980e+05	1.9378e+00	8.7400e-01	0.0000e+00
8.8980e+05	1.9379e+00	8.7383e-01	0.0000e+00
8.8980e+05	1.9383e+00	8.7376e-01	0.0000e+00
8.8980e+05	1.9387e+00	8.7372e-01	0.0000e+00
8.8980e+05	1.9391e+00	8.7365e-01	0.0000e+00
8.8980e+05	1.9392e+00	8.7364e-01	0.0000e+00
8.8980e+05	1.9391e+00	8.7363e-01	0.0000e+00
8.8980e+05	1.9393e+00	8.7355e-01	0.0000e+00
8.8980e+05	1.9396e+00	8.7348e-01	0.0000e+00
8.8980e+05	1.9401e+00	8.7332e-01	0.0000e+00
8.8980e+05	1.9408e+00	8.7308e-01	0.0000e+00
8.8980e+05	1.9411e+00	8.7280e-01	0.0000e+00
8.8980e+05	1.9413e+00	8.7256e-01	0.0000e+00
8.8980e+05	1.9414e+00	8.7223e-01	0.0000e+00
8.8980e+05	1.9414e+00	8.7188e-01	0.0000e+00
8.8980e+05	1.9413e+00	8.7151e-01	0.0000e+00
8.8980e+05	1.9411e+00	8.7121e-01	0.0000e+00
8.8980e+05	1.9409e+00	8.7084e-01	0.0000e+00
8.8980e+05	1.9408e+00	8.7047e-01	0.0000e+00
8.8980e+05	1.9405e+00	8.7004e-01	0.0000e+00
8.8980e+05	1.9401e+00	8.6961e-01	0.0000e+00
8.8980e+05	1.9394e+00	8.6913e-01	0.0000e+00
8.8980e+05	1.9389e+00	8.6860e-01	0.0000e+00
8.8980e+05	1.9370e+00	8.6781e-01	0.0000e+00
8.8980e+05	1.9350e+00	8.6704e-01	0.0000e+00
8.8980e+05	1.9327e+00	8.6635e-01	0.0000e+00
8.8980e+05	1.9305e+00	8.6558e-01	0.0000e+00
8.8980e+05	1.9282e+00	8.6484e-01	0.0000e+00
8.8980e+05	1.9257e+00	8.6434e-01	0.0000e+00
8.8980e+05	1.9242e+00	8.6388e-01	0.0000e+00
8.8980e+05	1.9209e+00	8.6325e-01	0.0000e+00
8.8980e+05	1.9178e+00	8.6258e-01	0.0000e+00
8.8980e+05	1.9151e+00	8.6186e-01	0.0000e+00
8.8980e+05	1.9125e+00	8.6115e-01	0.0000e+00
8.8980e+05	1.9098e+00	8.6051e-01	0.0000e+00
8.8980e+05	1.9072e+00	8.6003e-01	0.0000e+00
8.8980e+05	1.9047e+00	8.5952e-01	0.0000e+00
8.8980e+05	1.9022e+00	8.5914e-01	0.0000e+00
8.8980e+05	1.8998e+00	8.5896e-01	0.0000e+00
8.8980e+05	1.8975e+00	8.5888e-01	0.0000e+00
8.8980e+05	1.8948e+00	8.5858e-01	0.0000e+00
8.8980e+05	1.8925e+00	8.5834e-01	0.0000e+00
8.8980e+05	1.8907e+00	8.5827e-01	0.0000e+00
8.8980e+05	1.8889e+00	8.5833e-01	0.0000e+00
8.8980e+05	1.8893e+00	8.5855e-01	0.0000e+00
8.8980e+05	1.8874e+00	8.5873e-01	0.0000e+00
8.8980e+05	1.8858e+00	8.5892e-01	0.0000e+00
8.8980e+05	1.8843e+00	8.5919e-01	0.0000e+00
8.8980e+05	1.8828e+00	8.5949e-01	0.0000e+00
8.8980e+05	1.8814e+00	8.5981e-01	0.0000e+00
8.8980e+05	1.8806e+00	8.6028e-01	0.0000e+00
8.8980e+05	1.8801e+00	8.6069e-01	0.0000e+00
8.8980e+05	1.8797e+00	8.6105e-01	0.0000e+00
8.8980e+05	1.8792e+00	8.6157e-01	0.0000e+00
8.8980e+05	1.8789e+00	8.6200e-01	0.0000e+00
8.8980e+05	1.8781e+00	8.6229e-01	0.0000e+00
8.8980e+05	1.8773e+00	8.6268e-01	0.0000e+00
8.8980e+05	1.8765e+00	8.6295e-01	0.0000e+00
8.8980e+05	1.8762e+00	8.6314e-01	0.0000e+00
8.8980e+05	1.8770e+00	8.6307e-01	0.0000e+00
8.8980e+05	1.8772e+00	8.6345e-01	0.0000e+00
8.8980e+05	1.8777e+00	8.6373e-01	0.0000e+00
8.8980e+05	1.8780e+00	8.6386e-01	0.0000e+00
8.8980e+05	1.8784e+00	8.6393e-01	0.0000e+00
8.8980e+05	1.8785e+00	8.6400e-01	0.0000e+00
8.8980e+05	1.8786e+00	8.6401e-01	0.0000e+00
8.8980e+05	1.8785e+00	8.6407e-01	0.0000e+00
8.8980e+05	1.8784e+00	8.6398e-01	0.0000e+00
8.8980e+05	1.8783e+00	8.6397e-01	0.0000e+00
8.8980e+05	1.8782e+00	8.6381e-01	0.0000e+00
8.8980e+05	1.8778e+00	8.6368e-01	0.0000e+00
8.8980e+05	1.8771e+00	8.6363e-01	0.0000e+00
8.8980e+05	1.8767e+00	8.6353e-01	0.0000e+00
8.8980e+05	1.8763e+00	8.6344e-01	0.0000e+00
8.8980e+05	1.8759e+00	8.6344e-01	0.0000e+00
8.8980e+05	1.8753e+00	8.6332e-01	0.0000e+00
8.8980e+05	1.8750e+00	8.6308e-01	0.0000e+00
8.8980e+05	1.8744e+00	8.6286e-01	0.0000e+00
8.8980e+05	1.8735e+00	8.6267e-01	0.0000e+00
8.8980e+05	1.8726e+00	8.6245e-01	0.0000e+00
8.8980e+05	1.8716e+00	8.6228e-01	0.0000e+00
8.8980e+05	1.8705e+00	8.6218e-01	0.0000e+00
8.8980e+05	1.8698e+00	8.6213e-01	0.0000e+00
8.8980e+05	1.8690e+00	8.6217e-01	0.0000e+00
8.8980e+05	1.8679e+00	8.6214e-01	0.0000e+00
8.8980e+05	1.8669e+00	8.6192e-01	0.0000e+00
8.8980e+05	1.8661e+00	8.6168e-01	0.0000e+00
8.8980e+05	1.8653e+00	8.6148e-01	0.0000e+00
8.8980e+05	1.8648e+00	8.6135e-01	0.0000e+00
8.8980e+05	1.8645e+00	8.6134e-01	0.0000e+00
8.8980e+05	1.8644e+00	8.6132e-01	0.0000e+00
8.8980e+05	1.8647e+00	8.6139e-01	0.0000e+00
8.8980e+05	1.8650e+00	8.6155e-01	0.0000e+00
8.8980e+05	1.8650e+00	8.6163e-01	0.0000e+00
8.8980e+05	1.8655e+00	8.6170e-01	0.0000e+00
8.8980e+05	1.8659e+00	8.6173e-01	0.0000e+00
8.8980e+05	1.8663e+00	8.6182e-01	0.0000e+00
8.8980e+05	1.8669e+00	8.6198e-01	0.0000e+00
8.8980e+05	1.8680e+00	8.6218e-01	0.0000e+00
8.8980e+05	1.8697e+00	8.6252e-01	0.0000e+00
8.8981e+05	1.8717e+00	8.6288e-01	0.0000e+00
8.8981e+05	1.8736e+00	8.6328e-01	0.0000e+00
8.8981e+05	1.8753e+00	8.6363e-01	0.0000e+00
8.8981e+05	1.8774e+00	8.6392e-01	0.0000e+00
8.8981e+05	1.8793e+00	8.6427e-01	0.0000e+00
8.8981e+05	1.8811e+00	8.6464e-01	0.0000e+00
8.8981e+05	1.8829e+00	8.6497e-01	0.0000e+00
8.8981e+05	1.8852e+00	8.6538e-01	0.0000e+00
8.8981e+05	1.8874e+00	8.6569e-01	0.0000e+00
8.8981e+05	1.8900e+00	8.6579e-01	0.0000e+00
8.8981e+05	1.8927e+00	8.6587e-01	0.0000e+00
8.8981e+05	1.8951e+00	8.6588e-01	0.0000e+00
8.8981e+05	1.8971e+00	8.6576e-01	0.0000e+00
8.8981e+05	1.8987e+00	8.6557e-01	0.0000e+00
8.8981e+05	1.9006e+00	8.6551e-01	0.0000e+00
8.8981e+05	1.9027e+00	8.6537e-01	0.0000e+00
8.8981e+05	1.9049e+00	8.6524e-01	0.0000e+00
8.8981e+05	1.9070e+00	8.6497e-01	0.0000e+00
8.8981e+05	1.9090e+00	8.6451e-01	0.0000e+00
8.8981e+05	1.9106e+00	8.6399e-01	0.0000e+00
8.8981e+05	1.9119e+00	8.6335e-01	0.0000e+00
8.8981e+05	1.9130e+00	8.6268e-01	0.0000e+00
8.8981e+05	1.9146e+00	8.6197e-01	0.0000e+00
8.8981e+05	1.9165e+00	8.6134e-01	0.0000e+00
8.8981e+05	1.9183e+00	8.6080e-01	0.0000e+00
8.8981e+05	1.9204e+00	8.6033e-01	0.0000e+00
8.8981e+05	1.9225e+00	8.5993e-01	0.0000e+00
8.8981e+05	1.9244e+00	8.5949e-01	0.0000e+00
8.8981e+05	1.9262e+00	8.5923e-01	0.0000e+00
8.8981e+05	1.9271e+00	8.5905e-01	0.0000e+00
8.8981e+05	1.9281e+00	8.5892e-01	0.0000e+00
8.8981e+05	1.9295e+00	8.5885e-01	0.0000e+00
8.8981e+05	1.9313e+00	8.5885e-01	0.0000e+00
8.8981e+05	1.9331e+00	8.5905e-01	0.0000e+00
8.8981e+05	1.9351e+00	8.5932e-01	0.0000e+00
8.8981e+05	1.9368e+00	8.5979e-01	0.0000e+00
8.8981e+05	1.9384e+00	8.6030e-01	0.0000e+00
8.8981e+05	1.9394e+00	8.6097e-01	0.0000e+00
8.8981e+05	1.9401e+00	8.6171e-01	0.0000e+00
8.8981e+05	1.9411e+00	8.6254e-01	0.0000e+00
8.8981e+05	1.9423e+00	8.6344e-01	0.0000e+00
8.8981e+05	1.9437e+00	8.6451e-01	0.0000e+00
8.8981e+05	1.9446e+00	8.6567e-01	0.0000e+00
8.8981e+05	1.9455e+00	8.6676e-01	0.0000e+00
8.8981e+05	1.9461e+00	8.6799e-01	0.0000e+00
8.8981e+05	1.9467e+00	8.6931e-01	0.0000e+00
8.8981e+05	1.9474e+00	8.7064e-01	0.0000e+00
8.8981e+05	1.9483e+00	8.7204e-01	0.0000e+00
8.8981e+05	1.9493e+00	8.7344e-01	0.0000e+00
8.8981e+05	1.9501e+00	8.7464e-01	0.0000e+00
8.8981e+05	1.9508e+00	8.7592e-01	0.0000e+00
8.8981e+05	1.9516e+00	8.7726e-01	0.0000e+00
8.8981e+05	1.9519e+00	8.7841e-01	0.0000e+00
8.8981e+05	1.9524e+00	8.7947e-01	0.0000e+00
8.8981e+05	1.9527e+00	8.7978e-01	0.0000e+00
8.8981e+05	1.9536e+00	8.8082e-01	0.0000e+00
8.8981e+05	1.9547e+00	8.8186e-01	0.0000e+00
8.8981e+05	1.9560e+00	8.8291e-01	0.0000e+00
8.8981e+05	1.9572e+00	8.8390e-01	0.0000e+00
8.8981e+05	1.9584e+00	8.8467e-01	0.0000e+00
8.8981e+05	1.9589e+00	8.8483e-01	0.0000e+00
8.8981e+05	1.9608e+00	8.8556e-01	0.0000e+00
8.8981e+05	1.9622e+00	8.8617e-01	0.0000e+00
8.8981e+05	1.9636e+00	8.8676e-01	0.0000e+00
8.8981e+05	1.9655e+00	8.8735e-01	0.0000e+00
8.8981e+05	1.9675e+00	8.8771e-01	0.0000e+00
8.8981e+05	1.9695e+00	8.8799e-01	0.0000e+00
8.8981e+05	1.9718e+00	8.8822e-01	0.0000e+00
8.8981e+05	1.9742e+00	8.8839e-01	0.0000e+00
8.8981e+05	1.9768e+00	8.8861e-01	0.0000e+00
8.8981e+05	1.9795e+00	8.8883e-01	0.0000e+00
8.8981e+05	1.9822e+00	8.8910e-01	0.0000e+00
8.8981e+05	1.9850e+00	8.8937e-01	0.0000e+00
8.8981e+05	1.9881e+00	8.8961e-01	0.0000e+00
8.8981e+05	1.9916e+00	8.8984e-01	0.0000e+00
8.8981e+05	1.9955e+00	8.9000e-01	0.0000e+00
8.8981e+05	1.9994e+00	8.9003e-01	0.0000e+00
8.8981e+05	2.0031e+00	8.8991e-01	0.0000e+00
8.8981e+05	2.0072e+00	8.8971e-01	0.0000e+00
8.8981e+05	2.0112e+00	8.8964e-01	0.0000e+00
8.8981e+05	2.0156e+00	8.8958e-01	0.0000e+00
8.8981e+05	2.0203e+00	8.8959e-01	0.0000e+00
8.8981e+05	2.0248e+00	8.8956e-01	0.0000e+00
8.8981e+05	2.0297e+00	8.8944e-01	0.0000e+00
8.8981e+05	2.0346e+00	8.8931e-01	0.0000e+00
8.8981e+05	2.0396e+00	8.8923e-01	0.0000e+00
8.8981e+05	2.0443e+00	8.8907e-01	0.0000e+00
8.8981e+05	2.0489e+00	8.8895e-01	0.0000e+00
8.8981e+05	2.0511e+00	8.8871e-01	0.0000e+00
8.8981e+05	2.0547e+00	8.8865e-01	0.0000e+00
8.8981e+05	2.0572e+00	8.8858e-01	0.0000e+00
8.8981e+05	2.0597e+00	8.8845e-01	0.0000e+00
8.8981e+05	2.0621e+00	8.8824e-01	0.0000e+00
8.8981e+05	2.0661e+00	8.8786e-01	0.0000e+00
8.8981e+05	2.0676e+00	8.8769e-01	0.0000e+00
8.8981e+05	2.0705e+00	8.8738e-01	0.0000e+00
8.8981e+05	2.0735e+00	8.8706e-01	0.0000e+00
8.8981e+05	2.0759e+00	8.8686e-01	0.0000e+00
8.8981e+05	2.0784e+00	8.8660e-01	0.0000e+00
8.8981e+05	2.0806e+00	8.8642e-01	0.0000e+00
8.8982e+05	2.0829e+00	8.8625e-01	0.0000e+00
8.8982e+05	2.0847e+00	8.8612e-01	0.0000e+00
8.8982e+05	2.0865e+00	8.8614e-01	0.0000e+00
8.8982e+05	2.0877e+00	8.8610e-01	0.0000e+00
8.8982e+05	2.0890e+00	8.8599e-01	0.0000e+00
8.8982e+05	2.0905e+00	8.8598e-01	0.0000e+00
8.8982e+05	2.0920e+00	8.8620e-01	0.0000e+00
8.8982e+05	2.0937e+00	8.8640e-01	0.0000e+00
8.8982e+05	2.0950e+00	8.8657e-01	0.0000e+00
8.8982e+05	2.0962e+00	8.8676e-01	0.0000e+00
8.8982e+05	2.0971e+00	8.8714e-01	0.0000e+00
8.8982e+05	2.0979e+00	8.8760e-01	0.0000e+00
8.8982e+05	2.0987e+00	8.8821e-01	0.0000e+00
8.8982e+05	2.0997e+00	8.8904e-01	0.0000e+00
8.8982e+05	2.1006e+00	8.8996e-01	0.0000e+00
8.8982e+05	2.1018e+00	8.9106e-01	0.0000e+00
8.8982e+05	2.1029e+00	8.9231e-01	0.0000e+00
8.8982e+05	2.1042e+00	8.9361e-01	0.0000e+00
8.8982e+05	2.1059e+00	8.9484e-01	0.0000e+00
8.8982e+05	2.1074e+00	8.9589e-01	0.0000e+00
8.8982e+05	2.1076e+00	8.9602e-01	0.0000e+00
8.8982e+05	2.1076e+00	8.9602e-01	0.0000e+00
8.8982e+05	2.1079e+00	8.9617e-01	0.0000e+00
8.8982e+05	2.1100e+00	8.9751e-01	0.0000e+00
8.8982e+05	2.1115e+00	8.9870e-01	0.0000e+00
8.8982e+05	2.1133e+00	8.9999e-01	0.0000e+00
8.8982e+05	2.1155e+00	9.0115e-01	0.0000e+00
8.8982e+05	2.1180e+00	9.0242e-01	0.0000e+00
8.8982e+05	2.1200e+00	9.0366e-01	0.0000e+00
8.8982e+05	2.1226e+00	9.0486e-01	0.0000e+00
8.8982e+05	2.1249e+00	9.0592e-01	0.0000e+00
8.8982e+05	2.1269e+00	9.0697e-01	0.0000e+00
8.8982e+05	2.1289e+00	9.0801e-01	0.0000e+00
8.8982e+05	2.1309e+00	9.0900e-01	0.0000e+00
8.8982e+05	2.1326e+00	9.0998e-01	0.0000e+00
8.8982e+05	2.1344e+00	9.1069e-01	0.0000e+00
8.8982e+05	2.1362e+00	9.1117e-01	0.0000e+00
8.8982e+05	2.1378e+00	9.1163e-01	0.0000e+00
8.8982e+05	2.1394e+00	9.1199e-01	0.0000e+00
8.8982e+05	2.1408e+00	9.1241e-01	0.0000e+00
8.8982e+05	2.1425e+00	9.1288e-01	0.0000e+00
8.8982e+05	2.1441e+00	9.1336e-01	0.0000e+00
8.8982e+05	2.1444e+00	9.1338e-01	0.0000e+00
8.8982e+05	2.1451e+00	9.1385e-01	0.0000e+00
8.8982e+05	2.1460e+00	9.1421e-01	0.0000e+00
8.8982e+05	2.1466e+00	9.1461e-01	0.0000e+00
8.8982e+05	2.1468e+00	9.1491e-01	0.0000e+00
8.8982e+05	2.1471e+00	9.1521e-01	0.0000e+00
8.8982e+05	2.1476e+00	9.1573e-01	0.0000e+00
8.8982e+05	2.1480e+00	9.1650e-01	0.0000e+00
8.8982e+05	2.1485e+00	9.1719e-01	0.0000e+00
8.8982e+05	2.1486e+00	9.1781e-01	0.0000e+00
8.8982e+05	2.1489e+00	9.1824e-01	0.0000e+00
8.8982e+05	2.1492e+00	9.1862e-01	0.0000e+00
8.8982e+05	2.1491e+00	9.1896e-01	0.0000e+00
8.8982e+05	2.1485e+00	9.1933e-01	0.0000e+00
8.8982e+05	2.1480e+00	9.1983e-01	0.0000e+00
8.8982e+05	2.1478e+00	9.2035e-01	0.0000e+00
8.8982e+05	2.1476e+00	9.2106e-01	0.0000e+00
8.8982e+05	2.1472e+00	9.2186e-01	0.0000e+00
8.8982e+05	2.1470e+00	9.2243e-01	0.0000e+00
8.8982e+05	2.1471e+00	9.2298e-01	0.0000e+00
8.8982e+05	2.1473e+00	9.2344e-01	0.0000e+00
8.8982e+05	2.1476e+00	9.2386e-01	0.0000e+00
8.8982e+05	2.1482e+00	9.2423e-01	0.0000e+00
8.8982e+05	2.1485e+00	9.2474e-01	0.0000e+00
8.8982e+05	2.1489e+00	9.2526e-01	0.0000e+00
8.8982e+05	2.1493e+00	9.2573e-01	0.0000e+00
8.8982e+05	2.1497e+00	9.2611e-01	0.0000e+00
8.8982e+05	2.1503e+00	9.2647e-01	0.0000e+00
8.8982e+05	2.1512e+00	9.2669e-01	0.0000e+00
8.8982e+05	2.1526e+00	9.2691e-01	0.0000e+00
8.8982e+05	2.1534e+00	9.2713e-01	0.0000e+00
8.8982e+05	2.1547e+00	9.2757e-01	0.0000e+00
8.8982e+05	2.1561e+00	9.2801e-01	0.0000e+00
8.8982e+05	2.1576e+00	9.2865e-01	0.0000e+00
8.8982e+05	2.1590e+00	9.2925e-01	0.0000e+00
8.8982e+05	2.1603e+00	9.2973e-01	0.0000e+00
8.8982e+05	2.1622e+00	9.3014e-01	0.0000e+00
8.8982e+05	2.1642e+00	9.3062e-01	0.0000e+00
8.8982e+05	2.1665e+00	9.3107e-01	0.0000e+00
8.8982e+05	2.1686e+00	9.3160e-01	0.0000e+00
8.8982e+05	2.1707e+00	9.3213e-01	0.0000e+00
8.8982e+05	2.1728e+00	9.3282e-01	0.0000e+00
8.8982e+05	2.1752e+00	9.3356e-01	0.0000e+00
8.8982e+05	2.1777e+00	9.3425e-01	0.0000e+00
8.8982e+05	2.1798e+00	9.3499e-01	0.0000e+00
8.8982e+05	2.1819e+00	9.3564e-01	0.0000e+00
8.8982e+05	2.1841e+00	9.3610e-01	0.0000e+00
8.8982e+05	2.1860e+00	9.3669e-01	0.0000e+00
8.8982e+05	2.1877e+00	9.3741e-01	0.0000e+00
8.8982e+05	2.1894e+00	9.3809e-01	0.0000e+00
8.8982e+05	2.1911e+00	9.3873e-01	0.0000e+00
8.8982e+05	2.1925e+00	9.3935e-01	0.0000e+00
8.8982e+05	2.1940e+00	9.3994e-01	0.0000e+00
8.8982e+05	2.1958e+00	9.4037e-01	0.0000e+00
8.8982e+05	2.1974e+00	9.4091e-01	0.0000e+00
8.8982e+05	2.1991e+00	9.4135e-01	0.0000e+00
8.8982e+05	2.2000e+00	9.4166e-01	0.0000e+00
8.8982e+05	2.2011e+00	9.4198e-01	0.0000e+00
8.8983e+05	2.2021e+00	9.4246e-01	0.0000e+00
8.8983e+05	2.2028e+00	9.4300e-01	0.0000e+00
8.8983e+05	2.2035e+00	9.4340e-01	0.0000e+00
8.8983e+05	2.2040e+00	9.4378e-01	0.0000e+00
8.8983e+05	2.2043e+00	9.4409e-01	0.0000e+00
8.8983e+05	2.2050e+00	9.4444e-01	0.0000e+00
8.8983e+05	2.2057e+00	9.4474e-01	0.0000e+00
8.8983e+05	2.2062e+00	9.4511e-01	0.0000e+00
8.8983e+05	2.2064e+00	9.4544e-01	0.0000e+00
8.8983e+05	2.2067e+00	9.4587e-01	0.0000e+00
8.8983e+05	2.2069e+00	9.4653e-01	0.0000e+00
8.8983e+05	2.2076e+00	9.4717e-01	0.0000e+00
8.8983e+05	2.2085e+00	9.4769e-01	0.0000e+00
8.8983e+05	2.2092e+00	9.4830e-01	0.0000e+00
8.8983e+05	2.2100e+00	9.4884e-01	0.0000e+00
8.8983e+05	2.2109e+00	9.4943e-01	0.0000e+00
8.8983e+05	2.2117e+00	9.5001e-01	0.0000e+00
8.8983e+05	2.2124e+00	9.5069e-01	0.0000e+00
8.8983e+05	2.2129e+00	9.5144e-01	0.0000e+00
8.8983e+05	2.2135e+00	9.5218e-01	0.0000e+00
8.8983e+05	2.2142e+00	9.5295e-01	0.0000e+00
8.8983e+05	2.2147e+00	9.5373e-01	0.0000e+00
8.8983e+05	2.2150e+00	9.5457e-01	0.0000e+00
8.8983e+05	2.2151e+00	9.5555e-01	0.0000e+00
8.8983e+05	2.2157e+00	9.5653e-01	0.0000e+00
8.8983e+05	2.2163e+00	9.5751e-01	0.0000e+00
8.8983e+05	2.2172e+00	9.5855e-01	0.0000e+00
8.8983e+05	2.2182e+00	9.5947e-01	0.0000e+00
8.8983e+05	2.2191e+00	9.6026e-01	0.0000e+00
8.8983e+05	2.2200e+00	9.6097e-01	0.0000e+00
8.8983e+05	2.2208e+00	9.6167e-01	0.0000e+00
8.8983e+05	2.2215e+00	9.6233e-01	0.0000e+00
8.8983e+05	2.2219e+00	9.6312e-01	0.0000e+00
8.8983e+05	2.2223e+00	9.6389e-01	0.0000e+00
8.8983e+05	2.2228e+00	9.6467e-01	0.0000e+00
8.8983e+05	2.2234e+00	9.6539e-01	0.0000e+00
8.8983e+05	2.2241e+00	9.6610e-01	0.0000e+00
8.8983e+05	2.2248e+00	9.6671e-01	0.0000e+00
8.8983e+05	2.2255e+00	9.6705e-01	0.0000e+00
8.8983e+05	2.2261e+00	9.6734e-01	0.0000e+00
8.8983e+05	2.2268e+00	9.6772e-01	0.0000e+00
8.8983e+05	2.2273e+00	9.6795e-01	0.0000e+00
8.8983e+05	2.2274e+00	9.6812e-01	0.0000e+00
8.8983e+05	2.2280e+00	9.6810e-01	0.0000e+00
8.8983e+05	2.2280e+00	9.6803e-01	0.0000e+00
8.8983e+05	2.2281e+00	9.6802e-01	0.0000e+00
8.8983e+05	2.2281e+00	9.6798e-01	0.0000e+00
8.8983e+05	2.2284e+00	9.6787e-01	0.0000e+00
8.8983e+05	2.2285e+00	9.6773e-01	0.0000e+00
8.8983e+05	2.2282e+00	9.6763e-01	0.0000e+00
8.8983e+05	2.2277e+00	9.6744e-01	0.0000e+00
8.8983e+05	2.2273e+00	9.6728e-01	0.0000e+00
8.8983e+05	2.2270e+00	9.6715e-01	0.0000e+00
8.8983e+05	2.2264e+00	9.6691e-01	0.0000e+00
8.8983e+05	2.2256e+00	9.6678e-01	0.0000e+00
8.8983e+05	2.2249e+00	9.6670e-01	0.0000e+00
8.8983e+05	2.2244e+00	9.6659e-01	0.0000e+00
8.8983e+05	2.2237e+00	9.6656e-01	0.0000e+00
8.8983e+05	2.2223e+00	9.6664e-01	0.0000e+00
8.8983e+05	2.2209e+00	9.6665e-01	0.0000e+00
8.8983e+05	2.2197e+00	9.6654e-01	0.0000e+00
8.8983e+05	2.2181e+00	9.6656e-01	0.0000e+00
8.8983e+05	2.2166e+00	9.6660e-01	0.0000e+00
8.8983e+05	2.2149e+00	9.6674e-01	0.0000e+00
8.8983e+05	2.2139e+00	9.6692e-01	0.0000e+00
8.8983e+05	2.2128e+00	9.6712e-01	0.0000e+00
8.8983e+05	2.2116e+00	9.6720e-01	0.0000e+00
8.8983e+05	2.2102e+00	9.6741e-01	0.0000e+00
8.8983e+05	2.2090e+00	9.6763e-01	0.0000e+00
8.8983e+05	2.2078e+00	9.6793e-01	0.0000e+00
8.8983e+05	2.2068e+00	9.6822e-01	0.0000e+00
8.8983e+05	2.2060e+00	9.6850e-01	0.0000e+00
8.8983e+05	2.2051e+00	9.6866e-01	0.0000e+00
8.8983e+05	2.2042e+00	9.6887e-01	0.0000e+00
8.8983e+05	2.2035e+00	9.6894e-01	0.0000e+00
8.8983e+05	2.2031e+00	9.6908e-01	0.0000e+00
8.8983e+05	2.2025e+00	9.6928e-01	0.0000e+00
8.8983e+05	2.2021e+00	9.6938e-01	0.0000e+00
8.8983e+05	2.2019e+00	9.6955e-01	0.0000e+00
8.8983e+05	2.2017e+00	9.6965e-01	0.0000e+00
8.8983e+05	2.2016e+00	9.6973e-01	0.0000e+00
8.8983e+05	2.2019e+00	9.6981e-01	0.0000e+00
8.8983e+05	2.2021e+00	9.6976e-01	0.0000e+00
8.8983e+05	2.2024e+00	9.6966e-01	0.0000e+00
8.8983e+05	2.2029e+00	9.6951e-01	0.0000e+00
8.8983e+05	2.2031e+00	9.6969e-01	0.0000e+00
8.8983e+05	2.2032e+00	9.6989e-01	0.0000e+00
8.8983e+05	2.2035e+00	9.6999e-01	0.0000e+00
8.8983e+05	2.2037e+00	9.7000e-01	0.0000e+00
8.8983e+05	2.2041e+00	9.6996e-01	0.0000e+00
8.8983e+05	2.2044e+00	9.6984e-01	0.0000e+00
8.8983e+05	2.2048e+00	9.6976e-01	0.0000e+00
8.8983e+05	2.2050e+00	9.6969e-01	0.0000e+00
8.8983e+05	2.2052e+00	9.6961e-01	0.0000e+00
8.8983e+05	2.2049e+00	9.6961e-01	0.0000e+00
8.8983e+05	2.2050e+00	9.6972e-01	0.0000e+00
8.8983e+05	2.2054e+00	9.6974e-01	0.0000e+00
8.8983e+05	2.2054e+00	9.6976e-01	0.0000e+00
8.8983e+05	2.2050e+00	9.6971e-01	0.0000e+00
8.8983e+05	2.2042e+00	9.6972e-01	0.0000e+00
8.8984e+05	2.2034e+00	9.6986e-01	0.0000e+00
8.8984e+05	2.2023e+00	9.7008e-01	0.0000e+00
8.8984e+05	2.2012e+00	9.7044e-01	0.0000e+00
8.8984e+05	2.1998e+00	9.7079e-01	0.0000e+00
8.8984e+05	2.1985e+00	9.7114e-01	0.0000e+00
8.8984e+05	2.1974e+00	9.7128e-01	0.0000e+00
8.8984e+05	2.1964e+00	9.7137e-01	0.0000e+00
8.8984e+05	2.1949e+00	9.7150e-01	0.0000e+00
8.8984e+05	2.1932e+00	9.7164e-01	0.0000e+00
8.8984e+05	2.1911e+00	9.7199e-01	0.0000e+00
8.8984e+05	2.1889e+00	9.7243e-01	0.0000e+00
8.8984e+05	2.1865e+00	9.7284e-01	0.0000e+00
8.8984e+05	2.1841e+00	9.7330e-01	0.0000e+00
8.8984e+05	2.1822e+00	9.7379e-01	0.0000e+00
8.8984e+05	2.1799e+00	9.7412e-01	0.0000e+00
8.8984e+05	2.1774e+00	9.7441e-01	0.0000e+00
8.8984e+05	2.1750e+00	9.7470e-01	0.0000e+00
8.8984e+05	2.1726e+00	9.7507e-01	0.0000e+00
8.8984e+05	2.1706e+00	9.7550e-01	0.0000e+00
8.8984e+05	2.1689e+00	9.7598e-01	0.0000e+00
8.8984e+05	2.1672e+00	9.7646e-01	0.0000e+00
8.8984e+05	2.1657e+00	9.7697e-01	0.0000e+00
8.8984e+05	2.1639e+00	9.7751e-01	0.0000e+00
8.8984e+05	2.1619e+00	9.7797e-01	0.0000e+00
8.8984e+05	2.1597e+00	9.7831e-01	0.0000e+00
8.8984e+05	2.1573e+00	9.7885e-01	0.0000e+00
8.8984e+05	2.1550e+00	9.7942e-01	0.0000e+00
8.8984e+05	2.1531e+00	9.8004e-01	0.0000e+00
8.8984e+05	2.1517e+00	9.8044e-01	0.0000e+00
8.8984e+05	2.1509e+00	9.8096e-01	0.0000e+00
8.8984e+05	2.1499e+00	9.8139e-01	0.0000e+00
8.8984e+05	2.1486e+00	9.8182e-01	0.0000e+00
8.8984e+05	2.1470e+00	9.8232e-01	0.0000e+00
8.8984e+05	2.1454e+00	9.8279e-01	0.0000e+00
8.8984e+05	2.1437e+00	9.8331e-01	0.0000e+00
8.8984e+05	2.1425e+00	9.8377e-01	0.0000e+00
8.8984e+05	2.1411e+00	9.8420e-01	0.0000e+00
8.8984e+05	2.1400e+00	9.8451e-01	0.0000e+00
8.8984e+05	2.1388e+00	9.8482e-01	0.0000e+00
8.8984e+05	2.1370e+00	9.8502e-01	0.0000e+00
8.8984e+05	2.1354e+00	9.8504e-01	0.0000e+00
8.8984e+05	2.1336e+00	9.8503e-01	0.0000e+00
8.8984e+05	2.1320e+00	9.8504e-01	0.0000e+00
8.8984e+05	2.1307e+00	9.8511e-01	0.0000e+00
8.8984e+05	2.1299e+00	9.8498e-01	0.0000e+00
8.8984e+05	2.1292e+00	9.8464e-01	0.0000e+00
8.8984e+05	2.1281e+00	9.8417e-01	0.0000e+00
8.8984e+05	2.1264e+00	9.8370e-01	0.0000e+00
8.8984e+05	2.1243e+00	9.8310e-01	0.0000e+00
8.8984e+05	2.1227e+00	9.8249e-01	0.0000e+00
8.8984e+05	2.1213e+00	9.8197e-01	0.0000e+00
8.8984e+05	2.1200e+00	9.8123e-01	0.0000e+00
8.8984e+05	2.1191e+00	9.8055e-01	0.0000e+00
8.8984e+05	2.1181e+00	9.7981e-01	0.0000e+00
8.8984e+05	2.1171e+00	9.7943e-01	0.0000e+00
8.8984e+05	2.1158e+00	9.7858e-01	0.0000e+00
8.8984e+05	2.1147e+00	9.7768e-01	0.0000e+00
8.8984e+05	2.1135e+00	9.7672e-01	0.0000e+00
8.8984e+05	2.1123e+00	9.7588e-01	0.0000e+00
8.8984e+05	2.1117e+00	9.7524e-01	0.0000e+00
8.8984e+05	2.1111e+00	9.7500e-01	0.0000e+00
8.8984e+05	2.1098e+00	9.7445e-01	0.0000e+00
8.8984e+05	2.1083e+00	9.7388e-01	0.0000e+00
8.8984e+05	2.1067e+00	9.7332e-01	0.0000e+00
8.8984e+05	2.1047e+00	9.7278e-01	0.0000e+00
8.8984e+05	2.1025e+00	9.7243e-01	0.0000e+00
8.8984e+05	2.1007e+00	9.7223e-01	0.0000e+00
8.8984e+05	2.0991e+00	9.7210e-01	0.0000e+00
8.8984e+05	2.0975e+00	9.7200e-01	0.0000e+00
8.8984e+05	2.0954e+00	9.7191e-01	0.0000e+00
8.8984e+05	2.0929e+00	9.7184e-01	0.0000e+00
8.8984e+05	2.0906e+00	9.7192e-01	0.0000e+00
8.8984e+05	2.0882e+00	9.7215e-01	0.0000e+00
8.8984e+05	2.0853e+00	9.7238e-01	0.0000e+00
8.8984e+05	2.0819e+00	9.7259e-01	0.0000e+00
8.8984e+05	2.0786e+00	9.7292e-01	0.0000e+00
8.8984e+05	2.0756e+00	9.7333e-01	0.0000e+00
8.8984e+05	2.0726e+00	9.7379e-01	0.0000e+00
8.8984e+05	2.0691e+00	9.7425e-01	0.0000e+00
8.8984e+05	2.0659e+00	9.7470e-01	0.0000e+00
8.8984e+05	2.0625e+00	9.7508e-01	0.0000e+00
8.8984e+05	2.0590e+00	9.7551e-01	0.0000e+00
8.8984e+05	2.0560e+00	9.7597e-01	0.0000e+00
8.8984e+05	2.0526e+00	9.7643e-01	0.0000e+00
8.8984e+05	2.0495e+00	9.7685e-01	0.0000e+00
8.8984e+05	2.0464e+00	9.7718e-01	0.0000e+00
8.8984e+05	2.0439e+00	9.7760e-01	0.0000e+00
8.8984e+05	2.0413e+00	9.7789e-01	0.0000e+00
8.8984e+05	2.0408e+00	9.7795e-01	0.0000e+00
8.8984e+05	2.0392e+00	9.7814e-01	0.0000e+00
8.8984e+05	2.0392e+00	9.7814e-01	0.0000e+00
8.8984e+05	2.0391e+00	9.7793e-01	0.0000e+00
8.8984e+05	2.0392e+00	9.7777e-01	0.0000e+00
8.8984e+05	2.0379e+00	9.7816e-01	0.0000e+00
8.8984e+05	2.0372e+00	9.7853e-01	0.0000e+00
8.8984e+05	2.0367e+00	9.7893e-01	0.0000e+00
8.8984e+05	2.0361e+00	9.7930e-01	0.0000e+00
8.8984e+05	2.0357e+00	9.7983e-01	0.0000e+00
8.8984e+05	2.0356e+00	9.8034e-01	0.0000e+00
8.8984e+05	2.0357e+00	9.8069e-01	0.0000e+00
8.8985e+05	2.0356e+00	9.8108e-01	0.0000e+00
8.8985e+05	2.0358e+00	9.8145e-01	0.0000e+00
8.8985e+05	2.0362e+00	9.8170e-01	0.0000e+00
8.8985e+05	2.0369e+00	9.8199e-01	0.0000e+00
8.8985e+05	2.0375e+00	9.8236e-01	0.0000e+00
8.8985e+05	2.0375e+00	9.8280e-01	0.0000e+00
8.8985e+05	2.0377e+00	9.8312e-01	0.0000e+00
8.8985e+05	2.0379e+00	9.8363e-01	0.0000e+00
8.8985e+05	2.0379e+00	9.8411e-01	0.0000e+00
8.8985e+05	2.0381e+00	9.8459e-01	0.0000e+00
8.8985e+05	2.0382e+00	9.8495e-01	0.0000e+00
8.8985e+05	2.0382e+00	9.8521e-01	0.0000e+00
8.8985e+05	2.0383e+00	9.8531e-01	0.0000e+00
8.8985e+05	2.0382e+00	9.8522e-01	0.0000e+00
8.8985e+05	2.0381e+00	9.8508e-01	0.0000e+00
8.8985e+05	2.0378e+00	9.8488e-01	0.0000e+00
8.8985e+05	2.0373e+00	9.8458e-01	0.0000e+00
8.8985e+05	2.0363e+00	9.8418e-01	0.0000e+00
8.8985e+05	2.0353e+00	9.8375e-01	0.0000e+00
8.8985e+05	2.0341e+00	9.8350e-01	0.0000e+00
8.8985e+05	2.0341e+00	9.8350e-01	0.0000e+00
8.8985e+05	2.0341e+00	9.8372e-01	0.0000e+00
8.8985e+05	2.0343e+00	9.8399e-01	0.0000e+00
8.8985e+05	2.0324e+00	9.8345e-01	0.0000e+00
8.8985e+05	2.0310e+00	9.8283e-01	0.0000e+00
8.8985e+05	2.0292e+00	9.8237e-01	0.0000e+00
8.8985e+05	2.0273e+00	9.8198e-01	0.0000e+00
8.8985e+05	2.0250e+00	9.8141e-01	0.0000e+00
8.8985e+05	2.0224e+00	9.8093e-01	0.0000e+00
8.8985e+05	2.0196e+00	9.8032e-01	0.0000e+00
8.8985e+05	2.0169e+00	9.7972e-01	0.0000e+00
8.8985e+05	2.0144e+00	9.7916e-01	0.0000e+00
8.8985e+05	2.0121e+00	9.7876e-01	0.0000e+00
8.8985e+05	2.0097e+00	9.7855e-01	0.0000e+00
8.8985e+05	2.0075e+00	9.7837e-01	0.0000e+00
8.8985e+05	2.0054e+00	9.7838e-01	0.0000e+00
8.8985e+05	2.0033e+00	9.7854e-01	0.0000e+00
8.8985e+05	2.0011e+00	9.7866e-01	0.0000e+00
8.8985e+05	1.9994e+00	9.7875e-01	0.0000e+00
8.8985e+05	1.9976e+00	9.7871e-01	0.0000e+00
8.8985e+05	1.9959e+00	9.7868e-01	0.0000e+00
8.8985e+05	1.9939e+00	9.7880e-01	0.0000e+00
8.8985e+05	1.9939e+00	9.7906e-01	0.0000e+00
8.8985e+05	1.9925e+00	9.7910e-01	0.0000e+00
8.8985e+05	1.9910e+00	9.7909e-01	0.0000e+00
8.8985e+05	1.9896e+00	9.7902e-01	0.0000e+00
8.8985e+05	1.9883e+00	9.7898e-01	0.0000e+00
8.8985e+05	1.9875e+00	9.7894e-01	0.0000e+00
8.8985e+05	1.9869e+00	9.7876e-01	0.0000e+00
8.8985e+05	1.9866e+00	9.7850e-01	0.0000e+00
8.8985e+05	1.9860e+00	9.7832e-01	0.0000e+00
8.8985e+05	1.9856e+00	9.7812e-01	0.0000e+00
8.8985e+05	1.9851e+00	9.7803e-01	0.0000e+00
8.8985e+05	1.9843e+00	9.7796e-01	0.0000e+00
8.8985e+05	1.9831e+00	9.7786e-01	0.0000e+00
8.8985e+05	1.9825e+00	9.7767e-01	0.0000e+00
8.8985e+05	1.9818e+00	9.7753e-01	0.0000e+00
8.8985e+05	1.9813e+00	9.7744e-01	0.0000e+00
8.8985e+05	1.9809e+00	9.7737e-01	0.0000e+00
8.8985e+05	1.9804e+00	9.7742e-01	0.0000e+00
8.8985e+05	1.9797e+00	9.7754e-01	0.0000e+00
8.8985e+05	1.9787e+00	9.7764e-01	0.0000e+00
8.8985e+05	1.9775e+00	9.7781e-01	0.0000e+00
8.8985e+05	1.9765e+00	9.7818e-01	0.0000e+00
8.8985e+05	1.9758e+00	9.7869e-01	0.0000e+00
8.8985e+05	1.9752e+00	9.7896e-01	0.0000e+00
8.8985e+05	1.9747e+00	9.7935e-01	0.0000e+00
8.8985e+05	1.9742e+00	9.7986e-01	0.0000e+00
8.8985e+05	1.9737e+00	9.8046e-01	0.0000e+00
8.8985e+05	1.9731e+00	9.8119e-01	0.0000e+00
8.8985e+05	1.9722e+00	9.8185e-01	0.0000e+00
8.8985e+05	1.9710e+00	9.8256e-01	0.0000e+00
8.8985e+05	1.9712e+00	9.8302e-01	0.0000e+00
8.8985e+05	1.9705e+00	9.8366e-01	0.0000e+00
8.8985e+05	1.9695e+00	9.8427e-01	0.0000e+00
8.8985e+05	1.9689e+00	9.8462e-01	0.0000e+00
8.8985e+05	1.9679e+00	9.8499e-01	0.0000e+00
8.8985e+05	1.9670e+00	9.8526e-01	0.0000e+00
8.8985e+05	1.9658e+00	9.8569e-01	0.0000e+00
8.8985e+05	1.9645e+00	9.8609e-01	0.0000e+00
8.8985e+05	1.9634e+00	9.8656e-01	0.0000e+00
8.8985e+05	1.9625e+00	9.8688e-01	0.0000e+00
8.8985e+05	1.9616e+00	9.8725e-01	0.0000e+00
8.8985e+05	1.9606e+00	9.8747e-01	0.0000e+00
8.8985e+05	1.9592e+00	9.8771e-01	0.0000e+00
8.8985e+05	1.9574e+00	9.8798e-01	0.0000e+00
8.8985e+05	1.9556e+00	9.8815e-01	0.0000e+00
8.8985e+05	1.9538e+00	9.8837e-01	0.0000e+00
8.8985e+05	1.9516e+00	9.8877e-01	0.0000e+00
8.8985e+05	1.9502e+00	9.8915e-01	0.0000e+00
8.8985e+05	1.9491e+00	9.8957e-01	0.0000e+00
8.8985e+05	1.9481e+00	9.8999e-01	0.0000e+00
8.8985e+05	1.9469e+00	9.9036e-01	0.0000e+00
8.8985e+05	1.9456e+00	9.9061e-01	0.0000e+00
8.8985e+05	1.9442e+00	9.9086e-01	0.0000e+00
8.8985e+05	1.9426e+00	9.9129e-01	0.0000e+00
8.8985e+05	1.9410e+00	9.9178e-01	0.0000e+00
8.8985e+05	1.9392e+00	9.9239e-01	0.0000e+00
8.8985e+05	1.9380e+00	9.9301e-01	0.0000e+00
8.8985e+05	1.9367e+00	9.9353e-01	0.0000e+00
8.8986e+05	1.9355e+00	9.9400e-01	0.0000e+00
8.8986e+05	1.9342e+00	9.9445e-01	0.0000e+00
8.8986e+05	1.9325e+00	9.9486e-01	0.0000e+00
8.8986e+05	1.9311e+00	9.9531e-01	0.0000e+00
8.8986e+05	1.9299e+00	9.9575e-01	0.0000e+00
8.8986e+05	1.9287e+00	9.9615e-01	0.0000e+00
8.8986e+05	1.9276e+00	9.9648e-01	0.0000e+00
8.8986e+05	1.9265e+00	9.9676e-01	0.0000e+00
8.8986e+05	1.9253e+00	9.9698e-01	0.0000e+00
8.8986e+05	1.9236e+00	9.9717e-01	0.0000e+00
8.8986e+05	1.9216e+00	9.9717e-01	0.0000e+00
8.8986e+05	1.9192e+00	9.9718e-01	0.0000e+00
8.8986e+05	1.9168e+00	9.9732e-01	0.0000e+00
8.8986e+05	1.9147e+00	9.9750e-01	0.0000e+00
8.8986e+05	1.9129e+00	9.9770e-01	0.0000e+00
8.8986e+05	1.9110e+00	9.9777e-01	0.0000e+00
8.8986e+05	1.9092e+00	9.9767e-01	0.0000e+00
8.8986e+05	1.9076e+00	9.9751e-01	0.0000e+00
8.8986e+05	1.9056e+00	9.9736e-01	0.0000e+00
8.8986e+05	1.9039e+00	9.9728e-01	0.0000e+00
8.8986e+05	1.9021e+00	9.9714e-01	0.0000e+00
8.8986e+05	1.9007e+00	9.9702e-01	0.0000e+00
8.8986e+05	1.8995e+00	9.9695e-01	0.0000e+00
8.8986e+05	1.8984e+00	9.9684e-01	0.0000e+00
8.8986e+05	1.8973e+00	9.9660e-01	0.0000e+00
8.8986e+05	1.8963e+00	9.9641e-01	0.0000e+00
8.8986e+05	1.8954e+00	9.9620e-01	0.0000e+00
8.8986e+05	1.8944e+00	9.9604e-01	0.0000e+00
8.8986e+05	1.8939e+00	9.9582e-01	0.0000e+00
8.8986e+05	1.8935e+00	9.9570e-01	0.0000e+00
8.8986e+05	1.8931e+00	9.9566e-01	0.0000e+00
8.8986e+05	1.8925e+00	9.9566e-01	0.0000e+00
8.8986e+05	1.8919e+00	9.9549e-01	0.0000e+00
8.8986e+05	1.8910e+00	9.9524e-01	0.0000e+00
8.8986e+05	1.8898e+00	9.9495e-01	0.0000e+00
8.8986e+05	1.8886e+00	9.9472e-01	0.0000e+00
8.8986e+05	1.8875e+00	9.9456e-01	0.0000e+00
8.8986e+05	1.8864e+00	9.9447e-01	0.0000e+00
8.8986e+05	1.8853e+00	9.9443e-01	0.0000e+00
8.8986e+05	1.8842e+00	9.9435e-01	0.0000e+00
8.8986e+05	1.8826e+00	9.9417e-01	0.0000e+00
8.8986e+05	1.8811e+00	9.9406e-01	0.0000e+00
8.8986e+05	1.8796e+00	9.9389e-01	0.0000e+00
8.8986e+05	1.8777e+00	9.9395e-01	0.0000e+00
8.8986e+05	1.8759e+00	9.9402e-01	0.0000e+00
8.8986e+05	1.8742e+00	9.9403e-01	0.0000e+00
8.8986e+05	1.8726e+00	9.9415e-01	0.0000e+00
8.8986e+05	1.8710e+00	9.9433e-01	0.0000e+00
8.8986e+05	1.8692e+00	9.9445e-01	0.0000e+00
8.8986e+05	1.8677e+00	9.9438e-01	0.0000e+00
8.8986e+05	1.8660e+00	9.9418e-01	0.0000e+00
8.8986e+05	1.8642e+00	9.9400e-01	0.0000e+00
8.8986e+05	1.8627e+00	9.9391e-01	0.0000e+00
8.8986e+05	1.8613e+00	9.9404e-01	0.0000e+00
8.8986e+05	1.8602e+00	9.9409e-01	0.0000e+00
8.8986e+05	1.8590e+00	9.9415e-01	0.0000e+00
8.8986e+05	1.8578e+00	9.9416e-01	0.0000e+00
8.8986e+05	1.8564e+00	9.9421e-01	0.0000e+00
8.8986e+05	1.8555e+00	9.9415e-01	0.0000e+00
8.8986e+05	1.8543e+00	9.9415e-01	0.0000e+00
8.8986e+05	1.8531e+00	9.9425e-01	0.0000e+00
8.8986e+05	1.8521e+00	9.9425e-01	0.0000e+00
8.8986e+05	1.8515e+00	9.9433e-01	0.0000e+00
8.8986e+05	1.8508e+00	9.9429e-01	0.0000e+00
8.8986e+05	1.8496e+00	9.9423e-01	0.0000e+00
8.8986e+05	1.8482e+00	9.9425e-01	0.0000e+00
8.8986e+05	1.8469e+00	9.9428e-01	0.0000e+00
8.8986e+05	1.8457e+00	9.9427e-01	0.0000e+00
8.8986e+05	1.8446e+00	9.9431e-01	0.0000e+00
8.8986e+05	1.8438e+00	9.9449e-01	0.0000e+00
8.8986e+05	1.8431e+00	9.9468e-01	0.0000e+00
8.8986e+05	1.8421e+00	9.9480e-01	0.0000e+00
8.8986e+05	1.8411e+00	9.9497e-01	0.0000e+00
8.8986e+05	1.8403e+00	9.9488e-01	0.0000e+00
8.8986e+05	1.8392e+00	9.9494e-01	0.0000e+00
8.8986e+05	1.8383e+00	9.9499e-01	0.0000e+00
8.8986e+05	1.8379e+00	9.9502e-01	0.0000e+00
8.8986e+05	1.8376e+00	9.9510e-01	0.0000e+00
8.8986e+05	1.8371e+00	9.9526e-01	0.0000e+00
8.8986e+05	1.8364e+00	9.9547e-01	0.0000e+00
8.8986e+05	1.8356e+00	9.9552e-01	0.0000e+00
8.8986e+05	1.8347e+00	9.9557e-01	0.0000e+00
8.8986e+05	1.8337e+00	9.9562e-01	0.0000e+00
8.8986e+05	1.8329e+00	9.9575e-01	0.0000e+00
8.8986e+05	1.8327e+00	9.9588e-01	0.0000e+00
8.8986e+05	1.8327e+00	9.9589e-01	0.0000e+00
8.8986e+05	1.8326e+00	9.9586e-01	0.0000e+00
8.8986e+05	1.8327e+00	9.9593e-01	0.0000e+00
8.8986e+05	1.8326e+00	9.9602e-01	0.0000e+00
8.8986e+05	1.8325e+00	9.9593e-01	0.0000e+00
8.8986e+05	1.8322e+00	9.9584e-01	0.0000e+00
8.8986e+05	1.8315e+00	9.9565e-01	0.0000e+00
8.8986e+05	1.8312e+00	9.9554e-01	0.0000e+00
8.8986e+05	1.8315e+00	9.9569e-01	0.0000e+00
8.8986e+05	1.8319e+00	9.9576e-01	0.0000e+00
8.8986e+05	1.8319e+00	9.9571e-01	0.0000e+00
8.8986e+05	1.8318e+00	9.9576e-01	0.0000e+00
8.8986e+05	1.8320e+00	9.9579e-01	0.0000e+00
8.8986e+05	1.8324e+00	9.9580e-01	0.0000e+00
8.8986e+05	1.8330e+00	9.9566e-01	0.0000e+00
8.8987e+05	1.8335e+00	9.9543e-01	0.0000e+00
8.8987e+05	1.8345e+00	9.9512e-01	0.0000e+00
8.8987e+05	1.8357e+00	9.9491e-01	0.0000e+00
8.8987e+05	1.8369e+00	9.9477e-01	0.0000e+00
8.8987e+05	1.8379e+00	9.9449e-01	0.0000e+00
8.8987e+05	1.8390e+00	9.9431e-01	0.0000e+00
8.8987e+05	1.8396e+00	9.9408e-01	0.0000e+00
8.8987e+05	1.8407e+00	9.9370e-01	0.0000e+00
8.8987e+05	1.8418e+00	9.9338e-01	0.0000e+00
8.8987e+05	1.8431e+00	9.9302e-01	0.0000e+00
8.8987e+05	1.8446e+00	9.9275e-01	0.0000e+00
8.8987e+05	1.8464e+00	9.9273e-01	0.0000e+00
8.8987e+05	1.8480e+00	9.9263e-01	0.0000e+00
8.8987e+05	1.8492e+00	9.9257e-01	0.0000e+00
8.8987e+05	1.8506e+00	9.9259e-01	0.0000e+00
8.8987e+05	1.8519e+00	9.9258e-01	0.0000e+00
8.8987e+05	1.8532e+00	9.9249e-01	0.0000e+00
8.8987e+05	1.8545e+00	9.9240e-01	0.0000e+00
8.8987e+05	1.8557e+00	9.9246e-01	0.0000e+00
8.8987e+05	1.8569e+00	9.9260e-01	0.0000e+00
8.8987e+05	1.8582e+00	9.9299e-01	0.0000e+00
8.8987e+05	1.8592e+00	9.9347e-01	0.0000e+00
8.8987e+05	1.8598e+00	9.9381e-01	0.0000e+00
8.8987e+05	1.8603e+00	9.9419e-01	0.0000e+00
8.8987e+05	1.8611e+00	9.9471e-01	0.0000e+00
8.8987e+05	1.8620e+00	9.9506e-01	0.0000e+00
8.8987e+05	1.8629e+00	9.9536e-01	0.0000e+00
8.8987e+05	1.8639e+00	9.9578e-01	0.0000e+00
8.8987e+05	1.8642e+00	9.9641e-01	0.0000e+00
8.8987e+05	1.8644e+00	9.9701e-01	0.0000e+00
8.8987e+05	1.8645e+00	9.9760e-01	0.0000e+00
8.8987e+05	1.8647e+00	9.9803e-01	0.0000e+00
8.8987e+05	1.8648e+00	9.9829e-01	0.0000e+00
8.8987e+05	1.8649e+00	9.9843e-01	0.0000e+00
8.8987e+05	1.8650e+00	9.9842e-01	0.0000e+00
8.8987e+05	1.8648e+00	9.9840e-01	0.0000e+00
8.8987e+05	1.8650e+00	9.9833e-01	0.0000e+00
8.8987e+05	1.8652e+00	9.9830e-01	0.0000e+00
8.8987e+05	1.8656e+00	9.9819e-01	0.0000e+00
8.8987e+05	1.8659e+00	9.9801e-01	0.0000e+00
8.8987e+05	1.8661e+00	9.9769e-01	0.0000e+00
8.8987e+05	1.8664e+00	9.9740e-01	0.0000e+00
8.8987e+05	1.8664e+00	9.9698e-01	0.0000e+00
8.8987e+05	1.8663e+00	9.9654e-01	0.0000e+00
8.8987e+05	1.8662e+00	9.9607e-01	0.0000e+00
8.8987e+05	1.8658e+00	9.9573e-01	0.0000e+00
8.8987e+05	1.8657e+00	9.9556e-01	0.0000e+00
8.8987e+05	1.8660e+00	9.9532e-01	0.0000e+00
8.8987e+05	1.8664e+00	9.9505e-01	0.0000e+00
8.8987e+05	1.8667e+00	9.9481e-01	0.0000e+00
8.8987e+05	1.8668e+00	9.9437e-01	0.0000e+00
8.8987e+05	1.8669e+00	9.9407e-01	0.0000e+00
8.8987e+05	1.8666e+00	9.9376e-01	0.0000e+00
8.8987e+05	1.8661e+00	9.9364e-01	0.0000e+00
8.8987e+05	1.8657e+00	9.9358e-01	0.0000e+00
8.8987e+05	1.8656e+00	9.9367e-01	0.0000e+00
8.8987e+05	1.8652e+00	9.9373e-01	0.0000e+00
8.8987e+05	1.8644e+00	9.9386e-01	0.0000e+00
8.8987e+05	1.8637e+00	9.9383e-01	0.0000e+00
8.8987e+05	1.8625e+00	9.9385e-01	0.0000e+00
8.8987e+05	1.8618e+00	9.9383e-01	0.0000e+00
8.8987e+05	1.8614e+00	9.9388e-01	0.0000e+00
8.8987e+05	1.8613e+00	9.9392e-01	0.0000e+00
8.8987e+05	1.8614e+00	9.9411e-01	0.0000e+00
8.8987e+05	1.8618e+00	9.9432e-01	0.0000e+00
8.8987e+05	1.8622e+00	9.9444e-01	0.0000e+00
8.8987e+05	1.8623e+00	9.9443e-01	0.0000e+00
8.8987e+05	1.8621e+00	9.9432e-01	0.0000e+00
8.8987e+05	1.8620e+00	9.9423e-01	0.0000e+00
8.8987e+05	1.8624e+00	9.9425e-01	0.0000e+00
8.8987e+05	1.8633e+00	9.9430e-01	0.0000e+00
8.8987e+05	1.8644e+00	9.9431e-01	0.0000e+00
8.8987e+05	1.8653e+00	9.9426e-01	0.0000e+00
8.8987e+05	1.8667e+00	9.9421e-01	0.0000e+00
8.8987e+05	1.8684e+00	9.9423e-01	0.0000e+00
8.8987e+05	1.8699e+00	9.9426e-01	0.0000e+00
8.8987e+05	1.8713e+00	9.9438e-01	0.0000e+00
8.8987e+05	1.8726e+00	9.9452e-01	0.0000e+00
8.8987e+05	1.8741e+00	9.9470e-01	0.0000e+00
8.8987e+05	1.8753e+00	9.9493e-01	0.0000e+00
8.8987e+05	1.8768e+00	9.9518e-01	0.0000e+00
8.8987e+05	1.8784e+00	9.9539e-01	0.0000e+00
8.8987e+05	1.8798e+00	9.9562e-01	0.0000e+00
8.8987e+05	1.8811e+00	9.9573e-01	0.0000e+00
8.8987e+05	1.8818e+00	9.9589e-01	0.0000e+00
8.8987e+05	1.8821e+00	9.9626e-01	0.0000e+00
8.8987e+05	1.8823e+00	9.9660e-01	0.0000e+00
8.8987e+05	1.8823e+00	9.9696e-01	0.0000e+00
8.8987e+05	1.8823e+00	9.9730e-01	0.0000e+00
8.8987e+05	1.8823e+00	9.9760e-01	0.0000e+00
8.8987e+05	1.8826e+00	9.9768e-01	0.0000e+00
8.8987e+05	1.8824e+00	9.9801e-01	0.0000e+00
8.8987e+05	1.8817e+00	9.9822e-01	0.0000e+00
8.8987e+05	1.8804e+00	9.9822e-01	0.0000e+00
8.8987e+05	1.8789e+00	9.9826e-01	0.0000e+00
8.8987e+05	1.8776e+00	9.9807e-01	0.0000e+00
8.8987e+05	1.8765e+00	9.9795e-01	0.0000e+00
8.8987e+05	1.8758e+00	9.9762e-01	0.0000e+00
8.8987e+05	1.8749e+00	9.9732e-01	0.0000e+00
8.8987e+05	1.8734e+00	9.9696e-01	0.0000e+00
8.8988e+05	1.8720e+00	9.9647e-01	0.0000e+00
8.8988e+05	1.8704e+00	9.9587e-01	0.0000e+00
8.8988e+05	1.8686e+00	9.9521e-01	0.0000e+00
8.8988e+05	1.8670e+00	9.9450e-01	0.0000e+00
8.8988e+05	1.8653e+00	9.9373e-01	0.0000e+00
8.8988e+05	1.8635e+00	9.9279e-01	0.0000e+00
8.8988e+05	1.8618e+00	9.9188e-01	0.0000e+00
8.8988e+05	1.8600e+00	9.9082e-01	0.0000e+00
8.8988e+05	1.8582e+00	9.8995e-01	0.0000e+00
8.8988e+05	1.8566e+00	9.8894e-01	0.0000e+00
8.8988e+05	1.8549e+00	9.8794e-01	0.0000e+00
8.8988e+05	1.8533e+00	9.8690e-01	0.0000e+00
8.8988e+05	1.8515e+00	9.8580e-01	0.0000e+00
8.8988e+05	1.8500e+00	9.8476e-01	0.0000e+00
8.8988e+05	1.8480e+00	9.8371e-01	0.0000e+00
8.8988e+05	1.8461e+00	9.8254e-01	0.0000e+00
8.8988e+05	1.8442e+00	9.8146e-01	0.0000e+00
8.8988e+05	1.8424e+00	9.8048e-01	0.0000e+00
8.8988e+05	1.8405e+00	9.7953e-01	0.0000e+00
8.8988e+05	1.8385e+00	9.7853e-01	0.0000e+00
8.8988e+05	1.8380e+00	9.7806e-01	0.0000e+00
8.8988e+05	1.8371e+00	9.7742e-01	0.0000e+00
8.8988e+05	1.8359e+00	9.7669e-01	0.0000e+00
8.8988e+05	1.8348e+00	9.7585e-01	0.0000e+00
8.8988e+05	1.8336e+00	9.7501e-01	0.0000e+00
8.8988e+05	1.8325e+00	9.7411e-01	0.0000e+00
8.8988e+05	1.8314e+00	9.7318e-01	0.0000e+00
8.8988e+05	1.8305e+00	9.7233e-01	0.0000e+00
8.8988e+05	1.8299e+00	9.7147e-01	0.0000e+00
8.8988e+05	1.8293e+00	9.7086e-01	0.0000e+00
8.8988e+05	1.8292e+00	9.7036e-01	0.0000e+00
8.8988e+05	1.8291e+00	9.6979e-01	0.0000e+00
8.8988e+05	1.8288e+00	9.6919e-01	0.0000e+00
8.8988e+05	1.8289e+00	9.6858e-01	0.0000e+00
8.8988e+05	1.8291e+00	9.6800e-01	0.0000e+00
8.8988e+05	1.8297e+00	9.6746e-01	0.0000e+00
8.8988e+05	1.8303e+00	9.6694e-01	0.0000e+00
8.8988e+05	1.8313e+00	9.6647e-01	0.0000e+00
8.8988e+05	1.8323e+00	9.6614e-01	0.0000e+00
8.8988e+05	1.8333e+00	9.6579e-01	0.0000e+00
8.8988e+05	1.8342e+00	9.6549e-01	0.0000e+00
8.8988e+05	1.8351e+00	9.6508e-01	0.0000e+00
8.8988e+05	1.8360e+00	9.6480e-01	0.0000e+00
8.8988e+05	1.8372e+00	9.6468e-01	0.0000e+00
8.8988e+05	1.8387e+00	9.6471e-01	0.0000e+00
8.8988e+05	1.8403e+00	9.6488e-01	0.0000e+00
8.8988e+05	1.8421e+00	9.6515e-01	0.0000e+00
8.8988e+05	1.8440e+00	9.6553e-01	0.0000e+00
8.8988e+05	1.8457e+00	9.6585e-01	0.0000e+00
8.8988e+05	1.8472e+00	9.6607e-01	0.0000e+00
8.8988e+05	1.8484e+00	9.6626e-01	0.0000e+00
8.8988e+05	1.8498e+00	9.6665e-01	0.0000e+00
8.8988e+05	1.8513e+00	9.6697e-01	0.0000e+00
8.8988e+05	1.8528e+00	9.6738e-01	0.0000e+00
8.8988e+05	1.8545e+00	9.6767e-01	0.0000e+00
8.8988e+05	1.8558e+00	9.6806e-01	0.0000e+00
8.8988e+05	1.8567e+00	9.6844e-01	0.0000e+00
8.8988e+05	1.8577e+00	9.6880e-01	0.0000e+00
8.8988e+05	1.8587e+00	9.6912e-01	0.0000e+00
8.8988e+05	1.8599e+00	9.6941e-01	0.0000e+00
8.8988e+05	1.8612e+00	9.6975e-01	0.0000e+00
8.8988e+05	1.8623e+00	9.7008e-01	0.0000e+00
8.8988e+05	1.8632e+00	9.7040e-01	0.0000e+00
8.8988e+05	1.8640e+00	9.7064e-01	0.0000e+00
8.8988e+05	1.8642e+00	9.7072e-01	0.0000e+00
8.8988e+05	1.8641e+00	9.7094e-01	0.0000e+00
8.8988e+05	1.8639e+00	9.7098e-01	0.0000e+00
8.8988e+05	1.8638e+00	9.7087e-01	0.0000e+00
8.8988e+05	1.8638e+00	9.7076e-01	0.0000e+00
8.8988e+05	1.8639e+00	9.7068e-01	0.0000e+00
8.8988e+05	1.8633e+00	9.7012e-01	0.0000e+00
8.8988e+05	1.8633e+00	9.7006e-01	0.0000e+00
8.8988e+05	1.8630e+00	9.7002e-01	0.0000e+00
8.8988e+05	1.8626e+00	9.6996e-01	0.0000e+00
8.8988e+05	1.8624e+00	9.6992e-01	0.0000e+00
8.8988e+05	1.8619e+00	9.7004e-01	0.0000e+00
8.8988e+05	1.8619e+00	9.6997e-01	0.0000e+00
8.8988e+05	1.8614e+00	9.6988e-01	0.0000e+00
8.8988e+05	1.8610e+00	9.6956e-01	0.0000e+00
8.8988e+05	1.8607e+00	9.6923e-01	0.0000e+00
8.8988e+05	1.8603e+00	9.6883e-01	0.0000e+00
8.8988e+05	1.8600e+00	9.6850e-01	0.0000e+00
8.8988e+05	1.8600e+00	9.6813e-01	0.0000e+00
8.8988e+05	1.8601e+00	9.6779e-01	0.0000e+00
8.8988e+05	1.8606e+00	9.6738e-01	0.0000e+00
8.8988e+05	1.8610e+00	9.6708e-01	0.0000e+00
8.8988e+05	1.8618e+00	9.6672e-01	0.0000e+00
8.8988e+05	1.8613e+00	9.6608e-01	0.0000e+00
8.8988e+05	1.8623e+00	9.6567e-01	0.0000e+00
8.8988e+05	1.8631e+00	9.6521e-01	0.0000e+00
8.8988e+05	1.8636e+00	9.6473e-01	0.0000e+00
8.8988e+05	1.8644e+00	9.6423e-01	0.0000e+00
8.8988e+05	1.8656e+00	9.6371e-01	0.0000e+00
8.8988e+05	1.8671e+00	9.6340e-01	0.0000e+00
8.8988e+05	1.8684e+00	9.6297e-01	0.0000e+00
8.8988e+05	1.8697e+00	9.6261e-01	0.0000e+00
8.8988e+05	1.8716e+00	9.6220e-01	0.0000e+00
8.8988e+05	1.8736e+00	9.6178e-01	0.0000e+00
8.8988e+05	1.8749e+00	9.6144e-01	0.0000e+00
8.8988e+05	1.8764e+00	9.6131e-01	0.0000e+00
8.8989e+05	1.8779e+00	9.6120e-01	0.0000e+00
8.8989e+05	1.8796e+00	9.6114e-01	0.0000e+00
8.8989e+05	1.8813e+00	9.6116e-01	0.0000e+00
8.8989e+05	1.8829e+00	9.6110e-01	0.0000e+00
8.8989e+05	1.8849e+00	9.6116e-01	0.0000e+00
8.8989e+05	1.8868e+00	9.6118e-01	0.0000e+00
8.8989e+05	1.8885e+00	9.6140e-01	0.0000e+00
8.8989e+05	1.8899e+00	9.6153e-01	0.0000e+00
8.8989e+05	1.8914e+00	9.6180e-01	0.0000e+00
8.8989e+05	1.8932e+00	9.6209e-01	0.0000e+00
8.8989e+05	1.8948e+00	9.6241e-01	0.0000e+00
8.8989e+05	1.8965e+00	9.6276e-01	0.0000e+00
8.8989e+05	1.8983e+00	9.6317e-01	0.0000e+00
8.8989e+05	1.9002e+00	9.6351e-01	0.0000e+00
8.8989e+05	1.9017e+00	9.6386e-01	0.0000e+00
8.8989e+05	1.9032e+00	9.6427e-01	0.0000e+00
8.8989e+05	1.9048e+00	9.6485e-01	0.0000e+00
8.8989e+05	1.9059e+00	9.6502e-01	0.0000e+00
8.8989e+05	1.9081e+00	9.6560e-01	0.0000e+00
8.8989e+05	1.9099e+00	9.6611e-01	0.0000e+00
8.8989e+05	1.9122e+00	9.6647e-01	0.0000e+00
8.8989e+05	1.9146e+00	9.6695e-01	0.0000e+00
8.8989e+05	1.9167e+00	9.6749e-01	0.0000e+00
8.8989e+05	1.9185e+00	9.6805e-01	0.0000e+00
8.8989e+05	1.9202e+00	9.6873e-01	0.0000e+00
8.8989e+05	1.9222e+00	9.6929e-01	0.0000e+00
8.8989e+05	1.9241e+00	9.6989e-01	0.0000e+00
8.8989e+05	1.9263e+00	9.7043e-01	0.0000e+00
8.8989e+05	1.9285e+00	9.7102e-01	0.0000e+00
8.8989e+05	1.9310e+00	9.7162e-01	0.0000e+00
8.8989e+05	1.9338e+00	9.7220e-01	0.0000e+00
8.8989e+05	1.9368e+00	9.7284e-01	0.0000e+00
8.8989e+05	1.9398e+00	9.7345e-01	0.0000e+00
8.8989e+05	1.9426e+00	9.7411e-01	0.0000e+00
8.8989e+05	1.9452e+00	9.7477e-01	0.0000e+00
8.8989e+05	1.9478e+00	9.7549e-01	0.0000e+00
8.8989e+05	1.9503e+00	9.7613e-01	0.0000e+00
8.8989e+05	1.9528e+00	9.7668e-01	0.0000e+00
8.8989e+05	1.9553e+00	9.7715e-01	0.0000e+00
8.8989e+05	1.9578e+00	9.7777e-01	0.0000e+00
8.8989e+05	1.9606e+00	9.7857e-01	0.0000e+00
8.8989e+05	1.9633e+00	9.7936e-01	0.0000e+00
8.8989e+05	1.9659e+00	9.8003e-01	0.0000e+00
8.8989e+05	1.9683e+00	9.8052e-01	0.0000e+00
8.8989e+05	1.9706e+00	9.8112e-01	0.0000e+00
8.8989e+05	1.9728e+00	9.8175e-01	0.0000e+00
8.8989e+05	1.9748e+00	9.8224e-01	0.0000e+00
8.8989e+05	1.9767e+00	9.8269e-01	0.0000e+00
8.8989e+05	1.9787e+00	9.8311e-01	0.0000e+00
8.8989e+05	1.9804e+00	9.8367e-01	0.0000e+00
8.8989e+05	1.9817e+00	9.8435e-01	0.0000e+00
8.8989e+05	1.9832e+00	9.8494e-01	0.0000e+00
8.8989e+05	1.9841e+00	9.8545e-01	0.0000e+00
8.8989e+05	1.9852e+00	9.8587e-01	0.0000e+00
8.8989e+05	1.9864e+00	9.8638e-01	0.0000e+00
8.8989e+05	1.9875e+00	9.8692e-01	0.0000e+00
8.8989e+05	1.9886e+00	9.8766e-01	0.0000e+00
8.8989e+05	1.9897e+00	9.8831e-01	0.0000e+00
8.8989e+05	1.9903e+00	9.8908e-01	0.0000e+00
8.8989e+05	1.9905e+00	9.8970e-01	0.0000e+00
8.8989e+05	1.9907e+00	9.9008e-01	0.0000e+00
8.8989e+05	1.9908e+00	9.9053e-01	0.0000e+00
8.8989e+05	1.9908e+00	9.9103e-01	0.0000e+00
8.8989e+05	1.9912e+00	9.9174e-01	0.0000e+00
8.8989e+05	1.9918e+00	9.9234e-01	0.0000e+00
8.8989e+05	1.9926e+00	9.9299e-01	0.0000e+00
8.8989e+05	1.9934e+00	9.9371e-01	0.0000e+00
8.8989e+05	1.9941e+00	9.9444e-01	0.0000e+00
8.8989e+05	1.9947e+00	9.9519e-01	0.0000e+00
8.8989e+05	1.9949e+00	9.9574e-01	0.0000e+00
8.8989e+05	1.9949e+00	9.9623e-01	0.0000e+00
8.8989e+05	1.9952e+00	9.9673e-01	0.0000e+00
8.8989e+05	1.9957e+00	9.9740e-01	0.0000e+00
8.8989e+05	1.9961e+00	9.9816e-01	0.0000e+00
8.8989e+05	1.9964e+00	9.9862e-01	0.0000e+00
8.8989e+05	1.9964e+00	9.9906e-01	0.0000e+00
8.8989e+05	1.9958e+00	9.9932e-01	0.0000e+00
8.8989e+05	1.9953e+00	9.9964e-01	0.0000e+00
8.8989e+05	1.9949e+00	9.9994e-01	0.0000e+00
8.8989e+05	1.9950e+00	1.0002e+00	0.0000e+00
8.8989e+05	1.9949e+00	1.0005e+00	0.0000e+00
8.8989e+05	1.9950e+00	1.0008e+00	0.0000e+00
8.8989e+05	1.9951e+00	1.0012e+00	0.0000e+00
8.8989e+05	1.9946e+00	1.0013e+00	0.0000e+00
8.8989e+05	1.9934e+00	1.0014e+00	0.0000e+00
8.8989e+05	1.9923e+00	1.0015e+00	0.0000e+00
8.8989e+05	1.9912e+00	1.0016e+00	0.0000e+00
8.8989e+05	1.9901e+00	1.0017e+00	0.0000e+00
8.8989e+05	1.9895e+00	1.0018e+00	0.0000e+00
8.8989e+05	1.9886e+00	1.0020e+00	0.0000e+00
8.8989e+05	1.9879e+00	1.0023e+00	0.0000e+00
8.8989e+05	1.9873e+00	1.0025e+00	0.0000e+00
8.8989e+05	1.9867e+00	1.0027e+00	0.0000e+00
8.8989e+05	1.9855e+00	1.0027e+00	0.0000e+00
8.8989e+05	1.9844e+00	1.0029e+00	0.0000e+00
8.8989e+05	1.9838e+00	1.0031e+00	0.0000e+00
8.8989e+05	1.9831e+00	1.0034e+00	0.0000e+00
8.8989e+05	1.9825e+00	1.0036e+00	0.0000e+00
8.8989e+05	1.9818e+00	1.0038e+00	0.0000e+00
8.8989e+05	1.9813e+00	1.0040e+00	0.0000e+00
8.8990e+05	1.9806e+00	1.0041e+00	0.0000e+00
8.8990e+05	1.9800e+00	1.0043e+00	0.0000e+00
8.8990e+05	1.9790e+00	1.0044e+00	0.0000e+00
8.8990e+05	1.9781e+00	1.0045e+00	0.0000e+00
8.8990e+05	1.9774e+00	1.0048e+00	0.0000e+00
8.8990e+05	1.9767e+00	1.0050e+00	0.0000e+00
8.8990e+05	1.9762e+00	1.0053e+00	0.0000e+00
8.8990e+05	1.9753e+00	1.0055e+00	0.0000e+00
8.8990e+05	1.9747e+00	1.0056e+00	0.0000e+00
8.8990e+05	1.9743e+00	1.0058e+00	0.0000e+00
8.8990e+05	1.9734e+00	1.0059e+00	0.0000e+00
8.8990e+05	1.9725e+00	1.0058e+00	0.0000e+00
8.8990e+05	1.9718e+00	1.0058e+00	0.0000e+00
8.8990e+05	1.9713e+00	1.0056e+00	0.0000e+00
8.8990e+05	1.9706e+00	1.0055e+00	0.0000e+00
8.8990e+05	1.9699e+00	1.0054e+00	0.0000e+00
8.8990e+05	1.9691e+00	1.0052e+00	0.0000e+00
8.8990e+05	1.9683e+00	1.0050e+00	0.0000e+00
8.8990e+05	1.9672e+00	1.0048e+00	0.0000e+00
8.8990e+05	1.9658e+00	1.0046e+00	0.0000e+00
8.8990e+05	1.9647e+00	1.0042e+00	0.0000e+00
8.8990e+05	1.9637e+00	1.0036e+00	0.0000e+00
8.8990e+05	1.9630e+00	1.0030e+00	0.0000e+00
8.8990e+05	1.9623e+00	1.0024e+00	0.0000e+00
8.8990e+05	1.9616e+00	1.0017e+00	0.0000e+00
8.8990e+05	1.9610e+00	1.0010e+00	0.0000e+00
8.8990e+05	1.9599e+00	1.0003e+00	0.0000e+00
8.8990e+05	1.9589e+00	9.9972e-01	0.0000e+00
8.8990e+05	1.9579e+00	9.9905e-01	0.0000e+00
8.8990e+05	1.9574e+00	9.9834e-01	0.0000e+00
8.8990e+05	1.9565e+00	9.9750e-01	0.0000e+00
8.8990e+05	1.9558e+00	9.9676e-01	0.0000e+00
8.8990e+05	1.9553e+00	9.9618e-01	0.0000e+00
8.8990e+05	1.9552e+00	9.9574e-01	0.0000e+00
8.8990e+05	1.9552e+00	9.9534e-01	0.0000e+00
8.8990e+05	1.9550e+00	9.9505e-01	0.0000e+00
8.8990e+05	1.9549e+00	9.9488e-01	0.0000e+00
8.8990e+05	1.9550e+00	9.9463e-01	0.0000e+00
8.8990e+05	1.9552e+00	9.9446e-01	0.0000e+00
8.8990e+05	1.9556e+00	9.9428e-01	0.0000e+00
8.8990e+05	1.9555e+00	9.9437e-01	0.0000e+00
8.8990e+05	1.9554e+00	9.9450e-01	0.0000e+00
8.8990e+05	1.9558e+00	9.9471e-01	0.0000e+00
8.8990e+05	1.9561e+00	9.9490e-01	0.0000e+00
8.8990e+05	1.9568e+00	9.9531e-01	0.0000e+00
8.8990e+05	1.9576e+00	9.9575e-01	0.0000e+00
8.8990e+05	1.9583e+00	9.9611e-01	0.0000e+00
8.8990e+05	1.9588e+00	9.9653e-01	0.0000e+00
8.8990e+05	1.9591e+00	9.9708e-01	0.0000e+00
8.8990e+05	1.9594e+00	9.9765e-01	0.0000e+00
8.8990e+05	1.9596e+00	9.9835e-01	0.0000e+00
8.8990e+05	1.9599e+00	9.9912e-01	0.0000e+00
8.8990e+05	1.9606e+00	9.9986e-01	0.0000e+00
8.8990e+05	1.9614e+00	1.0005e+00	0.0000e+00
8.8990e+05	1.9625e+00	1.0010e+00	0.0000e+00
8.8990e+05	1.9633e+00	1.0015e+00	0.0000e+00
8.8990e+05	1.9641e+00	1.0020e+00	0.0000e+00
8.8990e+05	1.9648e+00	1.0026e+00	0.0000e+00
8.8990e+05	1.9658e+00	1.0033e+00	0.0000e+00
8.8990e+05	1.9672e+00	1.0039e+00	0.0000e+00
8.8990e+05	1.9686e+00	1.0045e+00	0.0000e+00
8.8990e+05	1.9699e+00	1.0050e+00	0.0000e+00
8.8990e+05	1.9710e+00	1.0056e+00	0.0000e+00
8.8990e+05	1.9721e+00	1.0060e+00	0.0000e+00
8.8990e+05	1.9732e+00	1.0063e+00	0.0000e+00
8.8990e+05	1.9742e+00	1.0067e+00	0.0000e+00
8.8990e+05	1.9753e+00	1.0071e+00	0.0000e+00
8.8990e+05	1.9767e+00	1.0078e+00	0.0000e+00
8.8990e+05	1.9784e+00	1.0083e+00	0.0000e+00
8.8990e+05	1.9799e+00	1.0087e+00	0.0000e+00
8.8990e+05	1.9812e+00	1.0091e+00	0.0000e+00
8.8990e+05	1.9823e+00	1.0093e+00	0.0000e+00
8.8990e+05	1.9831e+00	1.0096e+00	0.0000e+00
8.8990e+05	1.9834e+00	1.0098e+00	0.0000e+00
8.8990e+05	1.9835e+00	1.0100e+00	0.0000e+00
8.8990e+05	1.9836e+00	1.0102e+00	0.0000e+00
8.8990e+05	1.9837e+00	1.0104e+00	0.0000e+00
8.8990e+05	1.9841e+00	1.0106e+00	0.0000e+00
8.8990e+05	1.9846e+00	1.0107e+00	0.0000e+00
8.8990e+05	1.9850e+00	1.0108e+00	0.0000e+00
8.8990e+05	1.9851e+00	1.0110e+00	0.0000e+00
8.8990e+05	1.9849e+00	1.0111e+00	0.0000e+00
8.8990e+05	1.9845e+00	1.0111e+00	0.0000e+00
8.8990e+05	1.9844e+00	1.0112e+00	0.0000e+00
8.8990e+05	1.9841e+00	1.0114e+00	0.0000e+00
8.8990e+05	1.9842e+00	1.0114e+00	0.0000e+00
8.8990e+05	1.9841e+00	1.0115e+00	0.0000e+00
8.8990e+05	1.9841e+00	1.0117e+00	0.0000e+00
8.8990e+05	1.9839e+00	1.0119e+00	0.0000e+00
8.8990e+05	1.9828e+00	1.0121e+00	0.0000e+00
8.8990e+05	1.9823e+00	1.0124e+00	0.0000e+00
8.8990e+05	1.9824e+00	1.0124e+00	0.0000e+00
8.8990e+05	1.9825e+00	1.0127e+00	0.0000e+00
8.8990e+05	1.9826e+00	1.0130e+00	0.0000e+00
8.8990e+05	1.9828e+00	1.0134e+00	0.0000e+00
8.8990e+05	1.9830e+00	1.0139e+00	0.0000e+00
8.8990e+05	1.9827e+00	1.0141e+00	0.0000e+00
8.8990e+05	1.9821e+00	1.0144e+00	0.0000e+00
8.8990e+05	1.9814e+00	1.0147e+00	0.0000e+00
8.8990e+05	1.9806e+00	1.0151e+00	0.0000e+00
8.8991e+05	1.9800e+00	1.0155e+00	0.0000e+00
8.8991e+05	1.9795e+00	1.0160e+00	0.0000e+00
8.8991e+05	1.9791e+00	1.0166e+00	0.0000e+00
8.8991e+05	1.9787e+00	1.0173e+00	0.0000e+00
8.8991e+05	1.9783e+00	1.0179e+00	0.0000e+00
8.8991e+05	1.9781e+00	1.0184e+00	0.0000e+00
8.8991e+05	1.9780e+00	1.0186e+00	0.0000e+00
8.8991e+05	1.9778e+00	1.0188e+00	0.0000e+00
8.8991e+05	1.9780e+00	1.0190e+00	0.0000e+00
8.8991e+05	1.9782e+00	1.0192e+00	0.0000e+00
8.8991e+05	1.9784e+00	1.0195e+00	0.0000e+00
8.8991e+05	1.9787e+00	1.0199e+00	0.0000e+00
8.8991e+05	1.9788e+00	1.0203e+00	0.0000e+00
8.8991e+05	1.9789e+00	1.0208e+00	0.0000e+00
8.8991e+05	1.9791e+00	1.0213e+00	0.0000e+00
8.8991e+05	1.9792e+00	1.0220e+00	0.0000e+00
8.8991e+05	1.9797e+00	1.0227e+00	0.0000e+00
8.8991e+05	1.9804e+00	1.0233e+00	0.0000e+00
8.8991e+05	1.9812e+00	1.0241e+00	0.0000e+00
8.8991e+05	1.9822e+00	1.0247e+00	0.0000e+00
8.8991e+05	1.9829e+00	1.0255e+00	0.0000e+00
8.8991e+05	1.9832e+00	1.0262e+00	0.0000e+00
8.8991e+05	1.9835e+00	1.0270e+00	0.0000e+00
8.8991e+05	1.9841e+00	1.0278e+00	0.0000e+00
8.8991e+05	1.9847e+00	1.0288e+00	0.0000e+00
8.8991e+05	1.9849e+00	1.0299e+00	0.0000e+00
8.8991e+05	1.9854e+00	1.0310e+00	0.0000e+00
8.8991e+05	1.9858e+00	1.0321e+00	0.0000e+00
8.8991e+05	1.9862e+00	1.0332e+00	0.0000e+00
8.8991e+05	1.9867e+00	1.0342e+00	0.0000e+00
8.8991e+05	1.9870e+00	1.0353e+00	0.0000e+00
8.8991e+05	1.9871e+00	1.0364e+00	0.0000e+00
8.8991e+05	1.9873e+00	1.0373e+00	0.0000e+00
8.8991e+05	1.9874e+00	1.0382e+00	0.0000e+00
8.8991e+05	1.9873e+00	1.0391e+00	0.0000e+00
8.8991e+05	1.9867e+00	1.0398e+00	0.0000e+00
8.8991e+05	1.9863e+00	1.0406e+00	0.0000e+00
8.8991e+05	1.9855e+00	1.0413e+00	0.0000e+00
8.8991e+05	1.9845e+00	1.0419e+00	0.0000e+00
8.8991e+05	1.9836e+00	1.0424e+00	0.0000e+00
8.8991e+05	1.9827e+00	1.0429e+00	0.0000e+00
8.8991e+05	1.9819e+00	1.0435e+00	0.0000e+00
8.8991e+05	1.9808e+00	1.0440e+00	0.0000e+00
8.8991e+05	1.9797e+00	1.0443e+00	0.0000e+00
8.8991e+05	1.9785e+00	1.0446e+00	0.0000e+00
8.8991e+05	1.9769e+00	1.0448e+00	0.0000e+00
8.8991e+05	1.9753e+00	1.0449e+00	0.0000e+00
8.8991e+05	1.9732e+00	1.0449e+00	0.0000e+00
8.8991e+05	1.9710e+00	1.0449e+00	0.0000e+00
8.8991e+05	1.9690e+00	1.0449e+00	0.0000e+00
8.8991e+05	1.9670e+00	1.0449e+00	0.0000e+00
8.8991e+05	1.9652e+00	1.0449e+00	0.0000e+00
8.8991e+05	1.9636e+00	1.0449e+00	0.0000e+00
8.8991e+05	1.9621e+00	1.0449e+00	0.0000e+00
8.8991e+05	1.9611e+00	1.0449e+00	0.0000e+00
8.8991e+05	1.9601e+00	1.0450e+00	0.0000e+00
8.8991e+05	1.9592e+00	1.0449e+00	0.0000e+00
8.8991e+05	1.9580e+00	1.0448e+00	0.0000e+00
8.8991e+05	1.9566e+00	1.0446e+00	0.0000e+00
8.8991e+05	1.9551e+00	1.0443e+00	0.0000e+00
8.8991e+05	1.9539e+00	1.0440e+00	0.0000e+00
8.8991e+05	1.9529e+00	1.0437e+00	0.0000e+00
8.8991e+05	1.9521e+00	1.0436e+00	0.0000e+00
8.8991e+05	1.9516e+00	1.0435e+00	0.0000e+00
8.8991e+05	1.9514e+00	1.0433e+00	0.0000e+00
8.8991e+05	1.9515e+00	1.0431e+00	0.0000e+00
8.8991e+05	1.9515e+00	1.0430e+00	0.0000e+00
8.8991e+05	1.9514e+00	1.0429e+00	0.0000e+00
8.8991e+05	1.9512e+00	1.0428e+00	0.0000e+00
8.8991e+05	1.9504e+00	1.0426e+00	0.0000e+00
8.8991e+05	1.9499e+00	1.0427e+00	0.0000e+00
8.8991e+05	1.9492e+00	1.0425e+00	0.0000e+00
8.8991e+05	1.9484e+00	1.0424e+00	0.0000e+00
8.8991e+05	1.9477e+00	1.0423e+00	0.0000e+00
8.8991e+05	1.9469e+00	1.0421e+00	0.0000e+00
8.8991e+05	1.9463e+00	1.0418e+00	0.0000e+00
8.8991e+05	1.9456e+00	1.0417e+00	0.0000e+00
8.8991e+05	1.9452e+00	1.0418e+00	0.0000e+00
8.8991e+05	1.9447e+00	1.0419e+00	0.0000e+00
8.8991e+05	1.9442e+00	1.0422e+00	0.0000e+00
8.8991e+05	1.9435e+00	1.0424e+00	0.0000e+00
8.8991e+05	1.9426e+00	1.0425e+00	0.0000e+00
8.8991e+05	1.9414e+00	1.0427e+00	0.0000e+00
8.8991e+05	1.9402e+00	1.0428e+00	0.0000e+00
8.8991e+05	1.9394e+00	1.0430e+00	0.0000e+00
8.8991e+05	1.9389e+00	1.0431e+00	0.0000e+00
8.8991e+05	1.9385e+00	1.0433e+00	0.0000e+00
8.8991e+05	1.9390e+00	1.0434e+00	0.0000e+00
8.8991e+05	1.9386e+00	1.0434e+00	0.0000e+00
8.8991e+05	1.9383e+00	1.0434e+00	0.0000e+00
8.8991e+05	1.9379e+00	1.0434e+00	0.0000e+00
8.8991e+05	1.9375e+00	1.0434e+00	0.0000e+00
8.8991e+05	1.9369e+00	1.0434e+00	0.0000e+00
8.8991e+05	1.9365e+00	1.0434e+00	0.0000e+00
8.8991e+05	1.9363e+00	1.0434e+00	0.0000e+00
8.8991e+05	1.9362e+00	1.0432e+00	0.0000e+00
8.8991e+05	1.9355e+00	1.0430e+00	0.0000e+00
8.8991e+05	1.9351e+00	1.0427e+00	0.0000e+00
8.8991e+05	1.9350e+00	1.0424e+00	0.0000e+00
8.8991e+05	1.9345e+00	1.0420e+00	0.0000e+00
8.8992e+05	1.9340e+00	1.0417e+00	0.0000e+00
8.8992e+05	1.9336e+00	1.0414e+00	0.0000e+00
8.8992e+05	1.9334e+00	1.0411e+00	0.0000e+00
8.8992e+05	1.9329e+00	1.0408e+00	0.0000e+00
8.8992e+05	1.9316e+00	1.0404e+00	0.0000e+00
8.8992e+05	1.9301e+00	1.0399e+00	0.0000e+00
8.8992e+05	1.9288e+00	1.0395e+00	0.0000e+00
8.8992e+05	1.9277e+00	1.0393e+00	0.0000e+00
8.8992e+05	1.9269e+00	1.0392e+00	0.0000e+00
8.8992e+05	1.9258e+00	1.0390e+00	0.0000e+00
8.8992e+05	1.9252e+00	1.0388e+00	0.0000e+00
8.8992e+05	1.9246e+00	1.0386e+00	0.0000e+00
8.8992e+05	1.9242e+00	1.0385e+00	0.0000e+00
8.8992e+05	1.9233e+00	1.0384e+00	0.0000e+00
8.8992e+05	1.9226e+00	1.0383e+00	0.0000e+00
8.8992e+05	1.9223e+00	1.0382e+00	0.0000e+00
8.8992e+05	1.9217e+00	1.0382e+00	0.0000e+00
8.8992e+05	1.9218e+00	1.0386e+00	0.0000e+00
8.8992e+05	1.9211e+00	1.0387e+00	0.0000e+00
8.8992e+05	1.9207e+00	1.0388e+00	0.0000e+00
8.8992e+05	1.9198e+00	1.0390e+00	0.0000e+00
8.8992e+05	1.9187e+00	1.0390e+00	0.0000e+00
8.8992e+05	1.9180e+00	1.0391e+00	0.0000e+00
8.8992e+05	1.9175e+00	1.0391e+00	0.0000e+00
8.8992e+05	1.9172e+00	1.0393e+00	0.0000e+00
8.8992e+05	1.9168e+00	1.0397e+00	0.0000e+00
8.8992e+05	1.9167e+00	1.0400e+00	0.0000e+00
8.8992e+05	1.9164e+00	1.0403e+00	0.0000e+00
8.8992e+05	1.9161e+00	1.0406e+00	0.0000e+00
8.8992e+05	1.9155e+00	1.0407e+00	0.0000e+00
8.8992e+05	1.9146e+00	1.0407e+00	0.0000e+00
8.8992e+05	1.9135e+00	1.0407e+00	0.0000e+00
8.8992e+05	1.9120e+00	1.0408e+00	0.0000e+00
8.8992e+05	1.9109e+00	1.0410e+00	0.0000e+00
8.8992e+05	1.9101e+00	1.0413e+00	0.0000e+00
8.8992e+05	1.9092e+00	1.0415e+00	0.0000e+00
8.8992e+05	1.9083e+00	1.0416e+00	0.0000e+00
8.8992e+05	1.9074e+00	1.0417e+00	0.0000e+00
8.8992e+05	1.9066e+00	1.0419e+00	0.0000e+00
8.8992e+05	1.9056e+00	1.0419e+00	0.0000e+00
8.8992e+05	1.9049e+00	1.0418e+00	0.0000e+00
8.8992e+05	1.9040e+00	1.0417e+00	0.0000e+00
8.8992e+05	1.9030e+00	1.0416e+00	0.0000e+00
8.8992e+05	1.9024e+00	1.0418e+00	0.0000e+00
8.8992e+05	1.9018e+00	1.0416e+00	0.0000e+00
8.8992e+05	1.9009e+00	1.0414e+00	0.0000e+00
8.8992e+05	1.9002e+00	1.0414e+00	0.0000e+00
8.8992e+05	1.9000e+00	1.0414e+00	0.0000e+00
8.8992e+05	1.8998e+00	1.0416e+00	0.0000e+00
8.8992e+05	1.8997e+00	1.0416e+00	0.0000e+00
8.8992e+05	1.9000e+00	1.0416e+00	0.0000e+00
8.8992e+05	1.9003e+00	1.0417e+00	0.0000e+00
8.8992e+05	1.9008e+00	1.0420e+00	0.0000e+00
8.8992e+05	1.9012e+00	1.0420e+00	0.0000e+00
8.8992e+05	1.9016e+00	1.0420e+00	0.0000e+00
8.8992e+05	1.9023e+00	1.0421e+00	0.0000e+00
8.8992e+05	1.9029e+00	1.0420e+00	0.0000e+00
8.8992e+05	1.9038e+00	1.0420e+00	0.0000e+00
8.8992e+05	1.9050e+00	1.0420e+00	0.0000e+00
8.8992e+05	1.9067e+00	1.0421e+00	0.0000e+00
8.8992e+05	1.9082e+00	1.0424e+00	0.0000e+00
8.8992e+05	1.9098e+00	1.0429e+00	0.0000e+00
8.8992e+05	1.9117e+00	1.0435e+00	0.0000e+00
8.8992e+05	1.9136e+00	1.0437e+00	0.0000e+00
8.8992e+05	1.9153e+00	1.0442e+00	0.0000e+00
8.8992e+05	1.9170e+00	1.0444e+00	0.0000e+00
8.8992e+05	1.9185e+00	1.0447e+00	0.0000e+00
8.8992e+05	1.9202e+00	1.0448e+00	0.0000e+00
8.8992e+05	1.9220e+00	1.0449e+00	0.0000e+00
8.8992e+05	1.9235e+00	1.0450e+00	0.0000e+00
8.8992e+05	1.9253e+00	1.0451e+00	0.0000e+00
8.8992e+05	1.9270e+00	1.0454e+00	0.0000e+00
8.8992e+05	1.9286e+00	1.0454e+00	0.0000e+00
8.8992e+05	1.9302e+00	1.0454e+00	0.0000e+00
8.8992e+05	1.9319e+00	1.0455e+00	0.0000e+00
8.8992e+05	1.9336e+00	1.0457e+00	0.0000e+00
8.8992e+05	1.9355e+00	1.0460e+00	0.0000e+00
8.8992e+05	1.9372e+00	1.0462e+00	0.0000e+00
8.8992e+05	1.9388e+00	1.0464e+00	0.0000e+00
8.8992e+05	1.9403e+00	1.0465e+00	0.0000e+00
8.8992e+05	1.9417e+00	1.0466e+00	0.0000e+00
8.8992e+05	1.9430e+00	1.0466e+00	0.0000e+00
8.8992e+05	1.9442e+00	1.0465e+00	0.0000e+00
8.8992e+05	1.9455e+00	1.0465e+00	0.0000e+00
8.8992e+05	1.9466e+00	1.0466e+00	0.0000e+00
8.8992e+05	1.9479e+00	1.0467e+00	0.0000e+00
8.8992e+05	1.9488e+00	1.0470e+00	0.0000e+00
8.8992e+05	1.9497e+00	1.0471e+00	0.0000e+00
8.8992e+05	1.9506e+00	1.0472e+00	0.0000e+00
8.8992e+05	1.9517e+00	1.0475e+00	0.0000e+00
8.8992e+05	1.9526e+00	1.0477e+00	0.0000e+00
8.8992e+05	1.9531e+00	1.0479e+00	0.0000e+00
8.8992e+05	1.9531e+00	1.0483e+00	0.0000e+00
8.8992e+05	1.9534e+00	1.0486e+00	0.0000e+00
8.8992e+05	1.9535e+00	1.0489e+00	0.0000e+00
8.8992e+05	1.9533e+00	1.0491e+00	0.0000e+00
8.8992e+05	1.9531e+00	1.0494e+00	0.0000e+00
8.8992e+05	1.9526e+00	1.0497e+00	0.0000e+00
8.8992e+05	1.9521e+00	1.0501e+00	0.0000e+00
8.8992e+05	1.9512e+00	1.0506e+00	0.0000e+00
8.8993e+05	1.9501e+00	1.0512e+00	0.0000e+00
8.8993e+05	1.9490e+00	1.0517e+00	0.0000e+00
8.8993e+05	1.9481e+00	1.0522e+00	0.0000e+00
8.8993e+05	1.9472e+00	1.0527e+00	0.0000e+00
8.8993e+05	1.9461e+00	1.0531e+00	0.0000e+00
8.8993e+05	1.9452e+00	1.0535e+00	0.0000e+00
8.8993e+05	1.9446e+00	1.0540e+00	0.0000e+00
8.8993e+05	1.9439e+00	1.0546e+00	0.0000e+00
8.8993e+05	1.9431e+00	1.0552e+00	0.0000e+00
8.8993e+05	1.9417e+00	1.0557e+00	0.0000e+00
8.8993e+05	1.9409e+00	1.0562e+00	0.0000e+00
8.8993e+05	1.9402e+00	1.0566e+00	0.0000e+00
8.8993e+05	1.9395e+00	1.0569e+00	0.0000e+00
8.8993e+05	1.9388e+00	1.0573e+00	0.0000e+00
8.8993e+05	1.9386e+00	1.0577e+00	0.0000e+00
8.8993e+05	1.9384e+00	1.0583e+00	0.0000e+00
8.8993e+05	1.9382e+00	1.0586e+00	0.0000e+00
8.8993e+05	1.9379e+00	1.0591e+00	0.0000e+00
8.8993e+05	1.9376e+00	1.0595e+00	0.0000e+00
8.8993e+05	1.9378e+00	1.0596e+00	0.0000e+00
8.8993e+05	1.9383e+00	1.0599e+00	0.0000e+00
8.8993e+05	1.9385e+00	1.0605e+00	0.0000e+00
8.8993e+05	1.9390e+00	1.0609e+00	0.0000e+00
8.8993e+05	1.9397e+00	1.0612e+00	0.0000e+00
8.8993e+05	1.9402e+00	1.0616e+00	0.0000e+00
8.8993e+05	1.9406e+00	1.0619e+00	0.0000e+00
8.8993e+05	1.9414e+00	1.0622e+00	0.0000e+00
8.8993e+05	1.9420e+00	1.0624e+00	0.0000e+00
8.8993e+05	1.9431e+00	1.0627e+00	0.0000e+00
8.8993e+05	1.9438e+00	1.0629e+00	0.0000e+00
8.8993e+05	1.9447e+00	1.0633e+00	0.0000e+00
8.8993e+05	1.9458e+00	1.0637e+00	0.0000e+00
8.8993e+05	1.9468e+00	1.0641e+00	0.0000e+00
8.8993e+05	1.9474e+00	1.0645e+00	0.0000e+00
8.8993e+05	1.9479e+00	1.0650e+00	0.0000e+00
8.8993e+05	1.9484e+00	1.0653e+00	0.0000e+00
8.8993e+05	1.9485e+00	1.0655e+00	0.0000e+00
8.8993e+05	1.9485e+00	1.0658e+00	0.0000e+00
8.8993e+05	1.9486e+00	1.0661e+00	0.0000e+00
8.8993e+05	1.9486e+00	1.0666e+00	0.0000e+00
8.8993e+05	1.9491e+00	1.0669e+00	0.0000e+00
8.8993e+05	1.9496e+00	1.0671e+00	0.0000e+00
8.8993e+05	1.9497e+00	1.0672e+00	0.0000e+00
8.8993e+05	1.9497e+00	1.0675e+00	0.0000e+00
8.8993e+05	1.9493e+00	1.0677e+00	0.0000e+00
8.8993e+05	1.9491e+00	1.0678e+00	0.0000e+00
8.8993e+05	1.9486e+00	1.0680e+00	0.0000e+00
8.8993e+05	1.9481e+00	1.0681e+00	0.0000e+00
8.8993e+05	1.9484e+00	1.0682e+00	0.0000e+00
8.8993e+05	1.9483e+00	1.0683e+00	0.0000e+00
8.8993e+05	1.9481e+00	1.0685e+00	0.0000e+00
8.8993e+05	1.9477e+00	1.0684e+00	0.0000e+00
8.8993e+05	1.9474e+00	1.0682e+00	0.0000e+00
8.8993e+05	1.9470e+00	1.0681e+00	0.0000e+00
8.8993e+05	1.9461e+00	1.0681e+00	0.0000e+00
8.8993e+05	1.9455e+00	1.0681e+00	0.0000e+00
8.8993e+05	1.9448e+00	1.0680e+00	0.0000e+00
8.8993e+05	1.9445e+00	1.0678e+00	0.0000e+00
8.8993e+05	1.9437e+00	1.0675e+00	0.0000e+00
8.8993e+05	1.9425e+00	1.0673e+00	0.0000e+00
8.8993e+05	1.9412e+00	1.0671e+00	0.0000e+00
8.8993e+05	1.9399e+00	1.0669e+00	0.0000e+00
8.8993e+05	1.9389e+00	1.0667e+00	0.0000e+00
8.8993e+05	1.9379e+00	1.0664e+00	0.0000e+00
8.8993e+05	1.9366e+00	1.0661e+00	0.0000e+00
8.8993e+05	1.9355e+00	1.0658e+00	0.0000e+00
8.8993e+05	1.9347e+00	1.0655e+00	0.0000e+00
8.8993e+05	1.9332e+00	1.0650e+00	0.0000e+00
8.8993e+05	1.9319e+00	1.0645e+00	0.0000e+00
8.8993e+05	1.9310e+00	1.0642e+00	0.0000e+00
8.8993e+05	1.9303e+00	1.0640e+00	0.0000e+00
8.8993e+05	1.9297e+00	1.0640e+00	0.0000e+00
8.8993e+05	1.9292e+00	1.0640e+00	0.0000e+00
8.8993e+05	1.9291e+00	1.0641e+00	0.0000e+00
8.8993e+05	1.9289e+00	1.0642e+00	0.0000e+00
8.8993e+05	1.9290e+00	1.0643e+00	0.0000e+00
8.8993e+05	1.9291e+00	1.0643e+00	0.0000e+00
8.8993e+05	1.9292e+00	1.0645e+00	0.0000e+00
8.8993e+05	1.9294e+00	1.0648e+00	0.0000e+00
8.8993e+05	1.9295e+00	1.0650e+00	0.0000e+00
8.8993e+05	1.9294e+00	1.0652e+00	0.0000e+00
8.8993e+05	1.9294e+00	1.0655e+00	0.0000e+00
8.8993e+05	1.9297e+00	1.0660e+00	0.0000e+00
8.8993e+05	1.9300e+00	1.0664e+00	0.0000e+00
8.8993e+05	1.9305e+00	1.0669e+00	0.0000e+00
8.8993e+05	1.9304e+00	1.0673e+00	0.0000e+00
8.8993e+05	1.9304e+00	1.0677e+00	0.0000e+00
8.8993e+05	1.9304e+00	1.0682e+00	0.0000e+00
8.8993e+05	1.9302e+00	1.0686e+00	0.0000e+00
8.8993e+05	1.9305e+00	1.0690e+00	0.0000e+00
8.8993e+05	1.9305e+00	1.0694e+00	0.0000e+00
8.8993e+05	1.9298e+00	1.0698e+00	0.0000e+00
8.8993e+05	1.9295e+00	1.0700e+00	0.0000e+00
8.8993e+05	1.9292e+00	1.0700e+00	0.0000e+00
8.8993e+05	1.9284e+00	1.0701e+00	0.0000e+00
8.8993e+05	1.9273e+00	1.0702e+00	0.0000e+00
8.8993e+05	1.9264e+00	1.0705e+00	0.0000e+00
8.8993e+05	1.9256e+00	1.0709e+00	0.0000e+00
8.8993e+05	1.9249e+00	1.0711e+00	0.0000e+00
8.8993e+05	1.9248e+00	1.0713e+00	0.0000e+00
8.8994e+05	1.9244e+00	1.0715e+00	0.0000e+00
8.8994e+05	1.9238e+00	1.0716e+00	0.0000e+00
8.8994e+05	1.9228e+00	1.0716e+00	0.0000e+00
8.8994e+05	1.9221e+00	1.0716e+00	0.0000e+00
8.8994e+05	1.9213e+00	1.0716e+00	0.0000e+00
8.8994e+05	1.9204e+00	1.0717e+00	0.0000e+00
8.8994e+05	1.9198e+00	1.0720e+00	0.0000e+00
8.8994e+05	1.9190e+00	1.0723e+00	1.0000e+00
8.8994e+05	1.9180e+00	1.0725e+00	0.0000e+00
8.8994e+05	1.9168e+00	1.0726e+00	0.0000e+00
8.8994e+05	1.9157e+00	1.0728e+00	0.0000e+00
8.8994e+05	1.9145e+00	1.0729e+00	0.0000e+00
8.8994e+05	1.9135e+00	1.0730e+00	0.0000e+00
8.8994e+05	1.9130e+00	1.0732e+00	0.0000e+00
8.8994e+05	1.9129e+00	1.0733e+00	0.0000e+00
8.8994e+05	1.9126e+00	1.0732e+00	0.0000e+00
8.8994e+05	1.9120e+00	1.0732e+00	0.0000e+00
8.8994e+05	1.9114e+00	1.0731e+00	0.0000e+00
8.8994e+05	1.9106e+00	1.0729e+00	0.0000e+00
8.8994e+05	1.9095e+00	1.0727e+00	0.0000e+00
8.8994e+05	1.9085e+00	1.0725e+00	0.0000e+00
8.8994e+05	1.9078e+00	1.0723e+00	0.0000e+00
8.8994e+05	1.9071e+00	1.0721e+00	0.0000e+00
