Timestamp	workload	arousal	Marker
607561.495	2.397	3.054	0.000
607561.710	2.391	3.050	0.000
607561.937	2.382	3.047	0.000
607562.179	2.375	3.043	0.000
607562.381	2.367	3.039	0.000
607562.387	2.360	3.036	0.000
607562.608	2.351	3.033	0.000
607562.828	2.342	3.029	0.000
607563.065	2.333	3.026	0.000
607563.305	2.320	3.023	0.000
607563.523	2.320	3.020	0.000
607563.756	2.309	3.017	0.000
607563.985	2.298	3.014	0.000
607563.993	2.287	3.014	0.000
607564.214	2.276	3.011	0.000
607564.434	2.268	3.008	0.000
607564.652	2.263	3.005	0.000
607564.871	2.257	3.002	0.000
607565.106	2.255	2.998	0.000
607565.343	2.255	2.995	0.000
607565.546	2.255	2.992	0.000
607565.783	2.254	2.989	0.000
607565.790	2.255	2.986	0.000
607566.005	2.257	2.983	0.000
607566.241	2.260	2.980	0.000
607566.463	2.263	2.977	0.000
607566.668	2.262	2.973	0.000
607566.888	2.265	2.970	0.000
607567.123	2.268	2.966	0.000
607567.343	2.270	2.963	0.000
607567.562	2.271	2.959	0.000
607567.797	2.275	2.956	0.000
607567.803	2.282	2.952	0.000
607568.017	2.282	2.948	0.000
607568.257	2.282	2.944	0.000
607568.463	2.283	2.940	0.000
607568.702	2.285	2.936	0.000
607568.902	2.287	2.931	0.000
607569.137	2.290	2.927	0.000
607569.355	2.292	2.922	0.000
607569.575	2.296	2.917	0.000
607569.580	2.299	2.917	0.000
607569.810	2.301	2.912	0.000
607570.029	2.303	2.906	0.000
607570.248	2.303	2.901	0.000
607570.483	2.303	2.895	0.000
607570.710	2.303	2.889	0.000
607570.926	2.303	2.883	0.000
607571.161	2.303	2.877	0.000
607571.378	2.303	2.871	0.000
607571.385	2.308	2.864	0.000
607571.600	2.314	2.858	0.000
607571.824	2.320	2.851	0.000
607572.073	2.325	2.844	0.000
607572.307	2.329	2.837	0.000
607572.527	2.329	2.830	0.000
607572.752	2.329	2.823	0.000
607572.982	2.331	2.815	0.000
607572.988	2.330	2.815	0.000
607573.218	2.329	2.808	0.000
607573.451	2.327	2.801	0.000
607573.644	2.322	2.794	0.000
607573.864	2.322	2.786	0.000
607574.087	2.317	2.779	0.000
607574.319	2.317	2.772	0.000
607574.536	2.317	2.765	0.000
607574.771	2.311	2.758	0.000
607574.989	2.306	2.752	0.000
607574.993	2.303	2.752	0.000
607575.222	2.300	2.745	0.000
607575.457	2.300	2.739	0.000
607575.667	2.300	2.733	0.000
607575.886	2.300	2.728	0.000
607576.108	2.302	2.723	0.000
607576.330	2.305	2.718	0.000
607576.553	2.309	2.714	0.000
607576.771	2.312	2.710	0.000
607576.776	2.315	2.710	0.000
607577.014	2.315	2.706	0.000
607577.240	2.323	2.703	0.000
607577.448	2.323	2.701	0.000
607577.683	2.327	2.699	0.000
607577.903	2.332	2.697	0.000
607578.138	2.336	2.696	1.000
607578.375	2.340	2.696	0.000
607578.573	2.346	2.697	0.000
607578.578	2.348	2.697	0.000
607578.792	2.349	2.698	0.000
607579.019	2.350	2.699	0.000
607579.277	2.352	2.702	0.000
607579.469	2.353	2.705	0.000
607579.710	2.351	2.708	0.000
607579.925	2.349	2.713	0.000
607580.146	2.346	2.717	0.000
607580.388	2.341	2.723	0.000
607580.601	2.338	2.729	0.000
607580.607	2.334	2.729	0.000
607580.822	2.328	2.736	0.000
607581.045	2.320	2.743	0.000
607581.274	2.312	2.751	0.000
607581.481	2.305	2.760	0.000
607581.703	2.301	2.769	0.000
607581.936	2.295	2.779	0.000
607582.156	2.288	2.789	0.000
607582.392	2.288	2.799	0.000
607582.402	2.283	2.799	0.000
607582.624	2.283	2.811	0.000
607582.826	2.283	2.822	0.000
607583.063	2.281	2.834	0.000
607583.284	2.280	2.846	0.000
607583.529	2.282	2.859	0.000
607583.719	2.285	2.872	0.000
607583.958	2.287	2.885	0.000
607584.175	2.291	2.899	0.000
607584.179	2.298	2.899	0.000
607584.410	2.306	2.912	0.000
607584.648	2.313	2.926	0.000
607584.852	2.321	2.940	0.000
607585.070	2.330	2.955	0.000
607585.291	2.337	2.969	0.000
607585.527	2.344	2.983	0.000
607585.750	2.350	2.997	0.000
607585.984	2.356	3.012	0.000
607586.182	2.361	3.026	0.000
607586.187	2.366	3.026	0.000
607586.402	2.370	3.040	0.000
607586.640	2.373	3.054	0.000
607586.876	2.374	3.068	0.000
607587.080	2.373	3.082	0.000
607587.317	2.374	3.095	0.000
607587.537	2.369	3.109	0.000
607587.771	2.362	3.122	0.000
607588.029	2.359	3.135	0.000
607588.040	2.350	3.135	0.000
607588.216	2.342	3.147	0.000
607588.448	2.331	3.159	0.000
607588.655	2.320	3.171	0.000
607588.906	2.309	3.182	0.000
607589.126	2.301	3.193	0.000
607589.361	2.301	3.204	0.000
607589.580	2.295	3.214	0.000
607589.586	2.291	3.214	0.000
607589.805	2.286	3.224	0.000
607590.040	2.286	3.233	0.000
607590.258	2.282	3.242	0.000
607590.499	2.281	3.250	0.000
607590.710	2.281	3.258	0.000
607590.931	2.282	3.265	0.000
607591.152	2.285	3.272	0.000
607591.370	2.285	3.278	0.000
607591.376	2.289	3.283	0.000
607591.623	2.293	3.289	0.000
607591.841	2.299	3.293	0.000
607592.044	2.305	3.297	0.000
607592.274	2.312	3.301	0.000
607592.505	2.318	3.303	0.000
607592.721	2.326	3.306	0.000
607592.958	2.335	3.308	0.000
607593.177	2.345	3.309	0.000
607593.400	2.358	3.309	0.000
607593.404	2.356	3.309	0.000
607593.617	2.365	3.310	0.000
607593.836	2.374	3.309	0.000
607594.062	2.384	3.308	0.000
607594.281	2.392	3.307	0.000
607594.520	2.397	3.305	0.000
607594.730	2.396	3.302	0.000
607594.968	2.392	3.300	0.000
607595.186	2.383	3.296	0.000
607595.190	2.373	3.296	0.000
607595.405	2.363	3.292	0.000
607595.641	2.353	3.288	0.000
607595.847	2.343	3.283	0.000
607596.086	2.334	3.278	0.000
607596.305	2.325	3.272	0.000
607596.531	2.320	3.266	0.000
607596.746	2.318	3.260	0.000
607596.983	2.315	3.253	0.000
607596.988	2.311	3.253	0.000
607597.202	2.307	3.246	0.000
607597.442	2.305	3.238	0.000
607597.642	2.303	3.230	0.000
607597.877	2.301	3.222	0.000
607598.116	2.298	3.214	0.000
607598.355	2.294	3.205	0.000
607598.591	2.289	3.196	0.000
607598.597	2.284	3.196	0.000
607598.817	2.279	3.187	0.000
607599.013	2.272	3.177	0.000
607599.248	2.269	3.167	0.000
607599.468	2.265	3.157	0.000
607599.689	2.253	3.147	0.000
607599.922	2.245	3.137	0.000
607600.141	2.236	3.127	0.000
607600.377	2.228	3.116	0.000
607600.595	2.220	3.105	0.000
607600.603	2.213	3.094	0.000
607600.821	2.207	3.083	0.000
607601.036	2.199	3.072	0.000
607601.255	2.193	3.061	0.000
607601.477	2.188	3.050	0.000
607601.718	2.184	3.039	0.000
607601.935	2.179	3.028	0.000
607602.169	2.176	3.016	0.000
607602.390	2.172	3.005	0.000
607602.394	2.171	3.005	0.000
607602.615	2.169	2.994	0.000
607602.834	2.166	2.983	0.000
607603.067	2.168	2.972	0.000
607603.268	2.170	2.960	0.000
607603.504	2.173	2.949	0.000
607603.726	2.175	2.938	0.000
607603.956	2.176	2.927	0.000
607604.177	2.178	2.916	0.000
607604.183	2.179	2.906	0.000
607604.397	2.181	2.895	0.000
607604.619	2.183	2.884	0.000
607604.852	2.184	2.874	0.000
607605.084	2.184	2.863	0.000
607605.292	2.184	2.853	0.000
607605.529	2.184	2.843	0.000
607605.734	2.184	2.833	0.000
607605.954	2.185	2.823	0.000
607606.206	2.185	2.813	0.000
607606.213	2.184	2.804	0.000
607606.409	2.184	2.794	0.000
607606.630	2.184	2.785	0.000
607606.874	2.184	2.776	0.000
607607.094	2.184	2.767	0.000
607607.340	2.185	2.759	0.000
607607.542	2.186	2.750	0.000
607607.793	2.187	2.742	0.000
607607.798	2.189	2.742	0.000
607608.013	2.192	2.734	0.000
607608.249	2.198	2.726	0.000
607608.451	2.202	2.718	0.000
607608.690	2.208	2.710	0.000
607608.921	2.214	2.703	0.000
607609.140	2.221	2.696	0.000
607609.376	2.221	2.689	0.000
607609.618	2.221	2.682	0.000
607609.625	2.221	2.682	0.000
607609.868	2.221	2.675	0.000
607610.069	2.221	2.669	0.000
607610.288	2.221	2.662	0.000
607610.507	2.221	2.656	0.000
607610.759	2.223	2.650	0.000
607611.011	2.224	2.644	0.000
607611.015	2.225	2.644	0.000
607611.214	2.226	2.639	0.000
607611.452	2.227	2.633	0.000
607611.672	2.230	2.628	0.000
607611.891	2.230	2.623	0.000
607612.113	2.231	2.618	0.000
607612.341	2.231	2.613	0.000
607612.552	2.234	2.608	0.000
607612.785	2.225	2.604	0.000
607612.789	2.216	2.604	0.000
607613.018	2.210	2.599	0.000
607613.227	2.202	2.595	0.000
607613.488	2.193	2.591	0.000
607613.727	2.182	2.587	0.000
607613.945	2.175	2.583	0.000
607614.167	2.166	2.579	0.000
607614.371	2.155	2.576	0.000
607614.376	2.142	2.572	0.000
607614.611	2.131	2.569	0.000
607614.832	2.118	2.566	0.000
607615.052	2.104	2.562	0.000
607615.269	2.091	2.559	0.000
607615.520	2.078	2.556	0.000
607615.730	2.066	2.553	0.000
607615.959	2.053	2.551	0.000
607616.181	2.040	2.548	0.000
607616.187	2.029	2.545	0.000
607616.398	2.020	2.543	0.000
607616.635	2.012	2.540	0.000
607616.850	2.006	2.538	0.000
607617.065	2.000	2.535	0.000
607617.295	1.994	2.533	0.000
607617.518	1.990	2.531	0.000
607617.753	1.985	2.528	0.000
607617.957	1.981	2.526	0.000
607618.195	1.978	2.524	0.000
607618.200	1.975	2.522	0.000
607618.412	1.970	2.520	0.000
607618.645	1.962	2.517	0.000
607618.867	1.954	2.515	0.000
607619.106	1.944	2.513	0.000
607619.307	1.933	2.511	0.000
607619.526	1.922	2.509	0.000
607619.761	1.909	2.507	0.000
607619.986	1.900	2.505	0.000
607619.991	1.892	2.503	0.000
607620.203	1.884	2.501	0.000
607620.423	1.877	2.499	0.000
607620.660	1.870	2.497	0.000
607620.876	1.863	2.494	0.000
607621.120	1.857	2.492	0.000
607621.345	1.851	2.490	0.000
607621.552	1.846	2.488	0.000
607621.769	1.841	2.486	0.000
607621.774	1.836	2.486	0.000
607622.006	1.832	2.484	0.000
607622.226	1.827	2.481	0.000
607622.448	1.822	2.479	0.000
607622.670	1.817	2.477	0.000
607622.890	1.812	2.475	0.000
607623.111	1.807	2.472	0.000
607623.350	1.799	2.470	0.000
607623.569	1.790	2.468	0.000
607623.793	1.783	2.466	0.000
607623.798	1.775	2.466	0.000
607624.012	1.767	2.464	0.000
607624.261	1.760	2.461	0.000
607624.497	1.754	2.459	0.000
607624.722	1.750	2.457	0.000
607624.937	1.751	2.455	0.000
607625.174	1.752	2.453	0.000
607625.418	1.753	2.451	0.000
607625.423	1.755	2.449	0.000
607625.623	1.757	2.447	0.000
607625.846	1.758	2.445	0.000
607626.085	1.759	2.443	0.000
607626.308	1.758	2.441	0.000
607626.545	1.756	2.439	0.000
607626.762	1.752	2.437	0.000
607626.985	1.749	2.435	0.000
607626.993	1.746	2.435	0.000
607627.206	1.743	2.433	0.000
607627.439	1.739	2.432	0.000
607627.672	1.735	2.430	0.000
607627.893	1.729	2.428	0.000
607628.124	1.726	2.427	0.000
607628.336	1.723	2.425	0.000
607628.570	1.720	2.424	0.000
607628.788	1.717	2.422	0.000
607628.793	1.715	2.422	0.000
607629.008	1.715	2.421	0.000
607629.227	1.718	2.419	0.000
607629.449	1.722	2.418	0.000
607629.685	1.728	2.417	0.000
607629.920	1.732	2.415	0.000
607630.127	1.738	2.414	0.000
607630.372	1.747	2.413	0.000
607630.583	1.757	2.412	0.000
607630.589	1.766	2.412	0.000
607630.802	1.774	2.411	0.000
607631.021	1.784	2.410	0.000
607631.242	1.794	2.409	0.000
607631.462	1.803	2.407	0.000
607631.696	1.811	2.406	0.000
607631.914	1.818	2.405	0.000
607632.152	1.816	2.404	0.000
607632.402	1.815	2.404	0.000
607632.407	1.815	2.404	0.000
607632.640	1.817	2.403	0.000
607632.870	1.814	2.402	0.000
607633.080	1.809	2.401	0.000
607633.294	1.803	2.400	0.000
607633.517	1.797	2.399	0.000
607633.734	1.790	2.398	0.000
607633.970	1.783	2.397	0.000
607634.193	1.776	2.396	0.000
607634.197	1.770	2.396	0.000
607634.413	1.764	2.395	0.000
607634.641	1.760	2.394	0.000
607634.878	1.756	2.393	0.000
607635.090	1.754	2.392	0.000
607635.333	1.750	2.391	0.000
607635.549	1.748	2.390	0.000
607635.753	1.751	2.389	0.000
607635.987	1.751	2.388	0.000
607635.992	1.747	2.388	0.000
607636.209	1.743	2.387	0.000
607636.428	1.740	2.386	0.000
607636.649	1.736	2.385	0.000
607636.894	1.732	2.384	0.000
607637.126	1.727	2.383	0.000
607637.333	1.722	2.381	0.000
607637.551	1.716	2.380	0.000
607637.775	1.712	2.379	0.000
607637.781	1.705	2.379	0.000
607638.012	1.697	2.377	0.000
607638.231	1.686	2.376	0.000
607638.450	1.676	2.375	0.000
607638.670	1.664	2.373	0.000
607638.897	1.651	2.371	0.000
607639.132	1.636	2.370	0.000
607639.352	1.642	2.368	0.000
607639.583	1.647	2.366	0.000
607639.804	1.651	2.364	0.000
607639.810	1.656	2.364	0.000
607640.013	1.662	2.363	0.000
607640.244	1.669	2.361	0.000
607640.462	1.674	2.359	0.000
607640.698	1.679	2.357	0.000
607640.919	1.684	2.354	0.000
607641.135	1.687	2.352	0.000
607641.377	1.689	2.350	0.000
607641.582	1.690	2.348	0.000
607641.587	1.690	2.348	0.000
607641.819	1.690	2.345	0.000
607642.024	1.690	2.343	0.000
607642.246	1.688	2.340	0.000
607642.485	1.686	2.337	0.000
607642.704	1.688	2.335	0.000
607642.921	1.689	2.332	0.000
607643.173	1.690	2.329	0.000
607643.178	1.691	2.329	0.000
607643.407	1.693	2.326	0.000
607643.639	1.694	2.323	0.000
607643.851	1.694	2.320	0.000
607644.086	1.690	2.317	0.000
607644.319	1.689	2.314	0.000
607644.524	1.687	2.311	0.000
607644.758	1.685	2.307	0.000
607645.000	1.680	2.304	0.000
607645.007	1.676	2.300	0.000
607645.215	1.672	2.297	0.000
607645.435	1.668	2.293	0.000
607645.640	1.662	2.290	0.000
607645.879	1.656	2.286	0.000
607646.094	1.652	2.282	0.000
607646.351	1.647	2.278	0.000
607646.548	1.642	2.274	0.000
607646.770	1.636	2.270	0.000
607647.002	1.630	2.267	0.000
607647.009	1.626	2.267	0.000
607647.223	1.621	2.262	0.000
607647.443	1.616	2.258	0.000
607647.664	1.615	2.254	0.000
607647.906	1.615	2.250	0.000
607648.103	1.615	2.246	0.000
607648.323	1.613	2.242	0.000
607648.556	1.614	2.237	0.000
607648.776	1.616	2.233	0.000
607648.782	1.619	2.228	0.000
607649.011	1.623	2.224	0.000
607649.232	1.627	2.220	0.000
607649.452	1.632	2.215	0.000
607649.689	1.638	2.211	0.000
607649.926	1.645	2.206	0.000
607650.169	1.651	2.202	0.000
607650.380	1.658	2.197	0.000
607650.388	1.664	2.197	0.000
607650.598	1.670	2.193	0.000
607650.821	1.676	2.188	0.000
607651.088	1.682	2.184	0.000
607651.324	1.687	2.179	0.000
607651.559	1.693	2.174	0.000
607651.762	1.697	2.170	0.000
607651.985	1.702	2.165	0.000
607651.991	1.707	2.161	0.000
607652.223	1.713	2.156	0.000
607652.430	1.718	2.152	0.000
607652.659	1.724	2.147	0.000
607652.872	1.730	2.143	0.000
607653.101	1.737	2.139	0.000
607653.324	1.744	2.134	0.000
607653.545	1.751	2.130	0.000
607653.781	1.758	2.125	0.000
607653.786	1.767	2.125	0.000
607654.000	1.775	2.121	0.000
607654.217	1.780	2.117	0.000
607654.454	1.782	2.113	0.000
607654.677	1.783	2.108	0.000
607654.903	1.778	2.104	0.000
607655.113	1.774	2.100	0.000
607655.334	1.769	2.096	0.000
607655.575	1.763	2.092	0.000
607655.790	1.758	2.088	0.000
607655.795	1.751	2.088	0.000
607656.011	1.744	2.084	0.000
607656.248	1.736	2.080	0.000
607656.469	1.729	2.076	0.000
607656.689	1.721	2.072	0.000
607656.934	1.712	2.068	0.000
607657.141	1.703	2.064	0.000
607657.346	1.694	2.061	0.000
607657.581	1.686	2.057	0.000
607657.585	1.686	2.057	0.000
607657.800	1.686	2.053	0.000
607658.020	1.686	2.050	0.000
607658.255	1.686	2.046	0.000
607658.477	1.687	2.043	0.000
607658.698	1.686	2.039	0.000
607658.947	1.685	2.036	0.000
607659.153	1.683	2.032	0.000
607659.369	1.678	2.029	0.000
607659.374	1.673	2.025	0.000
607659.605	1.666	2.022	0.000
607659.825	1.658	2.019	0.000
607660.045	1.649	2.015	0.000
607660.282	1.638	2.012	0.000
607660.502	1.624	2.009	0.000
607660.723	1.612	2.005	0.000
607660.947	1.605	2.002	0.000
607661.164	1.597	1.999	0.000
607661.404	1.589	1.996	0.000
607661.413	1.574	1.993	0.000
607661.620	1.567	1.990	0.000
607661.841	1.559	1.987	0.000
607662.064	1.564	1.984	0.000
607662.297	1.570	1.981	0.000
607662.500	1.570	1.978	0.000
607662.735	1.573	1.975	0.000
607662.955	1.576	1.972	0.000
607663.191	1.584	1.969	0.000
607663.365	1.590	1.966	0.000
607663.370	1.598	1.963	0.000
607663.601	1.609	1.960	0.000
607663.824	1.621	1.957	0.000
607664.058	1.634	1.954	0.000
607664.277	1.646	1.951	0.000
607664.512	1.645	1.949	0.000
607664.716	1.657	1.946	0.000
607664.953	1.665	1.943	0.000
607665.189	1.676	1.940	0.000
607665.398	1.688	1.937	0.000
607665.408	1.697	1.935	0.000
607665.614	1.702	1.932	0.000
607665.833	1.705	1.929	0.000
607666.056	1.713	1.927	0.000
607666.291	1.722	1.924	0.000
607666.510	1.722	1.921	0.000
607666.732	1.722	1.919	0.000
607666.972	1.729	1.916	0.000
607667.193	1.737	1.913	0.000
607667.200	1.746	1.911	0.000
607667.413	1.757	1.908	0.000
607667.634	1.767	1.906	0.000
607667.852	1.775	1.903	0.000
607668.072	1.785	1.901	0.000
607668.291	1.795	1.898	0.000
607668.525	1.803	1.896	0.000
607668.743	1.813	1.893	0.000
607668.977	1.820	1.891	0.000
607668.982	1.827	1.888	0.000
607669.197	1.830	1.886	0.000
607669.439	1.831	1.884	0.000
607669.653	1.836	1.881	0.000
607669.879	1.840	1.879	0.000
607670.105	1.842	1.877	0.000
607670.308	1.845	1.874	0.000
607670.560	1.848	1.872	0.000
607670.764	1.844	1.870	0.000
607670.987	1.851	1.868	0.000
607670.993	1.860	1.868	0.000
607671.207	1.871	1.865	0.000
607671.440	1.881	1.863	0.000
607671.682	1.894	1.861	0.000
607671.884	1.905	1.859	0.000
607672.118	1.916	1.857	0.000
607672.337	1.930	1.854	0.000
607672.575	1.935	1.852	0.000
607672.780	1.941	1.850	0.000
607672.786	1.946	1.850	0.000
607672.998	1.951	1.848	0.000
607673.234	1.956	1.846	0.000
607673.463	1.960	1.844	0.000
607673.687	1.965	1.842	0.000
607673.896	1.970	1.840	0.000
607674.127	1.977	1.837	0.000
607674.347	1.984	1.835	0.000
607674.584	1.991	1.833	0.000
607674.588	1.998	1.833	0.000
607674.835	2.009	1.831	0.000
607675.057	2.021	1.829	0.000
607675.272	2.033	1.827	0.000
607675.526	2.046	1.825	0.000
607675.729	2.059	1.823	0.000
607675.948	2.078	1.821	0.000
607676.188	2.094	1.819	0.000
607676.196	2.112	1.817	0.000
607676.405	2.130	1.815	0.000
607676.623	2.146	1.813	0.000
607676.855	2.159	1.811	0.000
607677.064	2.173	1.809	0.000
607677.294	2.186	1.807	0.000
607677.514	2.201	1.804	0.000
607677.735	2.201	1.802	0.000
607677.957	2.201	1.800	0.000
607678.205	2.201	1.798	0.000
607678.213	2.201	1.798	0.000
607678.436	2.201	1.796	0.000
607678.632	2.201	1.794	0.000
607678.867	2.201	1.792	0.000
607679.089	2.201	1.790	0.000
607679.307	2.201	1.788	0.000
607679.542	2.201	1.786	0.000
607679.760	2.201	1.784	0.000
607679.982	2.201	1.781	0.000
607679.987	2.201	1.781	0.000
607680.210	2.201	1.779	0.000
607680.458	2.201	1.777	0.000
607680.699	2.201	1.775	0.000
607680.933	2.205	1.773	0.000
607681.128	2.208	1.771	0.000
607681.364	2.212	1.769	0.000
607681.584	2.215	1.767	0.000
607681.589	2.218	1.764	0.000
607681.803	2.220	1.762	0.000
607682.074	2.220	1.760	0.000
607682.245	2.220	1.758	0.000
607682.482	2.220	1.756	0.000
607682.703	2.220	1.754	0.000
607682.928	2.219	1.752	0.000
607683.165	2.217	1.749	0.000
607683.379	2.214	1.747	0.000
607683.384	2.211	1.747	0.000
607683.611	2.209	1.745	0.000
607683.834	2.207	1.743	0.000
607684.057	2.203	1.741	0.000
607684.275	2.210	1.739	0.000
607684.493	2.220	1.737	0.000
607684.713	2.229	1.735	0.000
607684.938	2.239	1.733	0.000
607685.180	2.248	1.730	0.000
607685.392	2.257	1.728	0.000
607685.400	2.268	1.728	0.000
607685.610	2.278	1.726	0.000
607685.838	2.290	1.724	0.000
607686.070	2.304	1.722	0.000
607686.288	2.319	1.720	0.000
607686.508	2.330	1.718	0.000
607686.744	2.345	1.716	0.000
607686.979	2.355	1.714	0.000
607686.985	2.369	1.714	0.000
607687.217	2.382	1.712	0.000
607687.452	2.396	1.710	0.000
607687.679	2.392	1.708	0.000
607687.879	2.390	1.706	0.000
607688.111	2.388	1.704	0.000
607688.332	2.386	1.702	0.000
607688.553	2.384	1.700	0.000
607688.788	2.381	1.698	0.000
607688.793	2.379	1.698	0.000
607689.005	2.377	1.696	0.000
607689.243	2.374	1.694	0.000
607689.459	2.370	1.692	0.000
607689.687	2.365	1.690	0.000
607689.907	2.365	1.688	0.000
607690.124	2.361	1.687	0.000
607690.345	2.356	1.685	0.000
607690.580	2.350	1.683	0.000
607690.591	2.344	1.681	0.000
607690.804	2.340	1.679	0.000
607691.023	2.335	1.677	0.000
607691.244	2.328	1.675	0.000
607691.482	2.321	1.673	0.000
607691.723	2.315	1.671	0.000
607691.967	2.309	1.670	0.000
607692.175	2.303	1.668	0.000
607692.184	2.298	1.668	0.000
607692.409	2.291	1.666	0.000
607692.614	2.284	1.664	0.000
607692.854	2.280	1.662	0.000
607693.089	2.276	1.660	0.000
607693.291	2.272	1.658	0.000
607693.526	2.267	1.657	0.000
607693.746	2.261	1.655	0.000
607693.970	2.256	1.653	0.000
607694.209	2.248	1.651	0.000
607694.218	2.239	1.651	0.000
607694.423	2.239	1.649	0.000
607694.627	2.227	1.648	0.000
607694.866	2.215	1.646	0.000
607695.083	2.201	1.644	0.000
607695.319	2.185	1.642	0.000
607695.538	2.171	1.641	0.000
607695.759	2.158	1.639	0.000
607696.008	2.145	1.637	0.000
607696.013	2.132	1.637	0.000
607696.217	2.120	1.636	0.000
607696.435	2.111	1.634	0.000
607696.655	2.103	1.632	0.000
607696.881	2.094	1.631	0.000
607697.096	2.085	1.629	0.000
607697.320	2.078	1.628	0.000
607697.556	2.070	1.626	0.000
607697.773	2.064	1.625	0.000
607697.779	2.058	1.623	0.000
607698.001	2.052	1.622	0.000
607698.239	2.048	1.620	0.000
607698.474	2.045	1.619	0.000
607698.680	2.042	1.617	0.000
607698.901	2.038	1.616	0.000
607699.120	2.033	1.615	0.000
607699.356	2.029	1.613	0.000
607699.575	2.027	1.612	0.000
607699.780	2.022	1.611	0.000
607699.787	2.016	1.611	0.000
607700.018	2.011	1.609	0.000
607700.249	2.006	1.608	0.000
607700.478	1.996	1.607	0.000
607700.692	1.992	1.606	0.000
607700.912	1.981	1.604	0.000
607701.131	1.969	1.603	0.000
607701.368	1.956	1.602	0.000
607701.591	1.943	1.601	0.000
607701.599	1.928	1.601	0.000
607701.807	1.912	1.600	0.000
607702.029	1.895	1.599	0.000
607702.261	1.886	1.598	0.000
607702.496	1.886	1.597	0.000
607702.725	1.886	1.596	0.000
607702.921	1.886	1.595	0.000
607703.156	1.886	1.594	0.000
607703.376	1.886	1.593	0.000
607703.385	1.886	1.592	0.000
607703.596	1.886	1.591	0.000
607703.831	1.886	1.590	0.000
607704.050	1.886	1.590	0.000
607704.276	1.886	1.589	0.000
607704.496	1.886	1.588	0.000
607704.713	1.886	1.588	0.000
607704.946	1.886	1.587	0.000
607705.166	1.886	1.586	0.000
607705.414	1.886	1.586	0.000
607705.420	1.884	1.586	0.000
607705.622	1.884	1.585	0.000
607705.841	1.880	1.585	0.000
607706.059	1.875	1.584	0.000
607706.295	1.869	1.584	0.000
607706.528	1.865	1.583	0.000
607706.736	1.860	1.583	0.000
607706.956	1.858	1.582	0.000
607707.172	1.852	1.582	0.000
607707.176	1.851	1.582	0.000
607707.410	1.850	1.582	0.000
607707.631	1.854	1.581	0.000
607707.880	1.858	1.581	0.000
607708.101	1.858	1.581	0.000
607708.323	1.862	1.580	0.000
607708.541	1.865	1.580	0.000
607708.766	1.866	1.580	0.000
607708.984	1.867	1.580	0.000
607708.992	1.869	1.580	0.000
607709.205	1.870	1.579	0.000
607709.421	1.872	1.579	0.000
607709.658	1.875	1.579	0.000
607709.866	1.878	1.579	0.000
607710.099	1.880	1.579	0.000
607710.333	1.882	1.578	0.000
607710.554	1.885	1.578	0.000
607710.785	1.888	1.578	0.000
607710.995	1.885	1.578	0.000
607711.001	1.881	1.578	0.000
607711.216	1.875	1.578	0.000
607711.450	1.871	1.577	0.000
607711.656	1.866	1.577	0.000
607711.875	1.861	1.577	0.000
607712.110	1.858	1.577	0.000
607712.330	1.859	1.576	0.000
607712.582	1.859	1.576	0.000
607712.588	1.855	1.576	0.000
607712.834	1.853	1.576	0.000
607713.054	1.852	1.575	0.000
607713.277	1.852	1.575	0.000
607713.503	1.851	1.575	0.000
607713.712	1.851	1.574	0.000
607713.933	1.853	1.574	0.000
607714.157	1.853	1.574	0.000
607714.387	1.854	1.573	0.000
607714.393	1.855	1.573	0.000
607714.607	1.854	1.573	0.000
607714.827	1.851	1.573	0.000
607715.068	1.847	1.572	0.000
607715.286	1.843	1.572	0.000
607715.502	1.838	1.571	0.000
607715.734	1.833	1.571	0.000
607715.961	1.827	1.570	0.000
607716.174	1.822	1.570	0.000
607716.183	1.816	1.570	0.000
607716.396	1.813	1.569	0.000
607716.615	1.812	1.569	0.000
607716.855	1.811	1.568	0.000
607717.071	1.809	1.568	0.000
607717.320	1.808	1.567	0.000
607717.518	1.805	1.567	0.000
607717.751	1.803	1.566	0.000
607717.969	1.800	1.566	0.000
607718.191	1.795	1.565	0.000
607718.195	1.792	1.565	0.000
607718.423	1.789	1.565	0.000
607718.644	1.788	1.564	0.000
607718.865	1.786	1.564	0.000
607719.086	1.783	1.563	0.000
607719.313	1.782	1.563	0.000
607719.569	1.782	1.563	0.000
607719.763	1.783	1.562	0.000
607719.999	1.787	1.562	0.000
607720.005	1.789	1.561	0.000
607720.203	1.789	1.561	0.000
607720.424	1.789	1.560	0.000
607720.661	1.791	1.560	0.000
607720.879	1.791	1.559	0.000
607721.101	1.791	1.559	0.000
607721.342	1.795	1.558	0.000
607721.541	1.797	1.558	0.000
607721.764	1.797	1.557	0.000
607721.769	1.802	1.557	0.000
607722.003	1.804	1.557	0.000
607722.218	1.808	1.557	0.000
607722.440	1.811	1.556	0.000
607722.675	1.815	1.556	0.000
607722.895	1.817	1.555	0.000
607723.123	1.819	1.555	0.000
607723.351	1.821	1.554	0.000
607723.586	1.824	1.554	0.000
607723.792	1.829	1.553	0.000
607723.799	1.832	1.553	0.000
607724.009	1.834	1.553	0.000
607724.229	1.837	1.552	0.000
607724.465	1.837	1.552	0.000
607724.686	1.843	1.551	0.000
607724.905	1.851	1.551	0.000
607725.141	1.860	1.550	0.000
607725.361	1.869	1.550	0.000
607725.591	1.877	1.549	0.000
607725.599	1.887	1.549	0.000
607725.805	1.899	1.549	0.000
607726.042	1.909	1.548	0.000
607726.259	1.920	1.548	0.000
607726.477	1.931	1.547	0.000
607726.698	1.942	1.547	0.000
607726.919	1.947	1.546	0.000
607727.155	1.951	1.546	0.000
607727.390	1.953	1.545	0.000
607727.400	1.955	1.545	0.000
607727.606	1.955	1.545	0.000
607727.842	1.955	1.544	0.000
607728.049	1.954	1.544	0.000
607728.290	1.953	1.543	0.000
607728.508	1.949	1.543	0.000
607728.746	1.946	1.542	0.000
607728.987	1.944	1.542	0.000
607728.997	1.944	1.542	0.000
607729.208	1.944	1.541	0.000
607729.435	1.944	1.541	0.000
607729.657	1.944	1.540	0.000
607729.878	1.945	1.540	1.000
607730.102	1.945	1.539	0.000
607730.321	1.950	1.539	0.000
607730.559	1.959	1.539	0.000
607730.785	1.966	1.538	0.000
607730.999	1.973	1.538	0.000
607731.014	1.980	1.538	0.000
607731.224	1.984	1.537	0.000
607731.442	1.989	1.537	0.000
607731.664	1.995	1.537	0.000
607731.890	2.002	1.536	0.000
607732.145	2.008	1.536	0.000
607732.362	2.008	1.536	0.000
607732.580	2.008	1.535	0.000
607732.790	2.010	1.535	0.000
607732.798	2.010	1.535	0.000
607733.024	2.012	1.535	0.000
607733.241	2.014	1.534	0.000
607733.501	2.015	1.534	0.000
607733.720	2.015	1.534	0.000
607733.942	2.015	1.533	0.000
607734.159	2.015	1.533	0.000
607734.380	2.015	1.533	0.000
607734.394	2.013	1.533	0.000
607734.623	2.011	1.532	0.000
607734.848	2.009	1.532	0.000
607735.066	2.009	1.532	0.000
607735.305	2.009	1.531	0.000
607735.508	2.011	1.531	0.000
607735.728	2.011	1.531	0.000
607735.953	2.012	1.530	0.000
607736.172	2.013	1.530	0.000
607736.182	2.015	1.530	0.000
607736.390	2.014	1.529	0.000
607736.630	2.014	1.529	0.000
607736.851	2.014	1.528	0.000
607737.084	2.014	1.528	0.000
607737.321	2.012	1.527	0.000
607737.529	2.009	1.527	0.000
607737.784	2.007	1.526	0.000
607737.977	2.005	1.526	0.000
607738.196	2.005	1.525	0.000
607738.203	2.009	1.525	0.000
607738.416	2.016	1.525	0.000
607738.637	2.024	1.524	0.000
607738.860	2.031	1.523	0.000
607739.091	2.037	1.523	0.000
607739.311	2.042	1.522	0.000
607739.541	2.047	1.521	0.000
607739.768	2.049	1.521	0.000
607739.986	2.049	1.520	0.000
607739.991	2.048	1.520	0.000
607740.210	2.049	1.519	0.000
607740.444	2.049	1.518	0.000
607740.680	2.048	1.518	0.000
607740.921	2.047	1.517	0.000
607741.144	2.047	1.516	0.000
607741.365	2.047	1.515	0.000
607741.589	2.048	1.514	0.000
607741.600	2.050	1.513	0.000
607741.810	2.052	1.512	0.000
607742.051	2.054	1.511	0.000
607742.270	2.055	1.510	0.000
607742.494	2.057	1.509	0.000
607742.718	2.060	1.508	0.000
607742.939	2.062	1.507	0.000
607743.156	2.063	1.506	0.000
607743.380	2.064	1.505	0.000
607743.392	2.064	1.504	0.000
607743.600	2.064	1.503	0.000
607743.821	2.063	1.502	0.000
607744.043	2.065	1.501	0.000
607744.281	2.066	1.499	0.000
607744.502	2.069	1.498	0.000
607744.727	2.070	1.497	0.000
607744.943	2.075	1.496	0.000
607745.164	2.078	1.495	0.000
607745.387	2.082	1.493	0.000
607745.393	2.086	1.493	0.000
607745.611	2.092	1.492	0.000
607745.829	2.098	1.491	0.000
607746.064	2.101	1.490	0.000
607746.299	2.106	1.488	0.000
607746.508	2.106	1.487	0.000
607746.743	2.112	1.486	0.000
607746.958	2.116	1.484	0.000
607747.213	2.119	1.483	0.000
607747.221	2.122	1.483	0.000
607747.450	2.125	1.482	0.000
607747.663	2.129	1.480	0.000
607747.900	2.133	1.479	0.000
607748.106	2.140	1.478	0.000
607748.324	2.145	1.476	0.000
607748.558	2.148	1.475	0.000
607748.778	2.150	1.474	0.000
607748.784	2.154	1.472	0.000
607749.000	2.165	1.471	0.000
607749.251	2.172	1.469	0.000
607749.472	2.181	1.468	0.000
607749.675	2.189	1.467	0.000
607749.911	2.190	1.465	0.000
607750.116	2.196	1.464	0.000
607750.356	2.202	1.463	0.000
607750.574	2.210	1.461	0.000
607750.580	2.216	1.461	0.000
607750.794	2.226	1.460	0.000
607751.018	2.237	1.459	0.000
607751.253	2.240	1.457	0.000
607751.519	2.240	1.456	0.000
607751.728	2.250	1.455	0.000
607751.962	2.250	1.453	0.000
607752.191	2.257	1.452	0.000
607752.196	2.257	1.452	0.000
607752.396	2.259	1.450	0.000
607752.617	2.259	1.449	0.000
607752.840	2.257	1.448	0.000
607753.075	2.258	1.446	0.000
607753.334	2.260	1.445	0.000
607753.548	2.257	1.444	0.000
607753.787	2.251	1.442	0.000
607753.794	2.246	1.442	0.000
607754.025	2.244	1.441	0.000
607754.259	2.244	1.440	0.000
607754.479	2.241	1.438	0.000
607754.710	2.238	1.437	0.000
607754.931	2.236	1.436	0.000
607755.154	2.235	1.434	0.000
607755.389	2.234	1.433	0.000
607755.395	2.235	1.433	0.000
607755.592	2.233	1.432	0.000
607755.842	2.234	1.430	0.000
607756.063	2.236	1.429	0.000
607756.271	2.234	1.428	0.000
607756.516	2.231	1.426	0.000
607756.708	2.232	1.425	0.000
607756.950	2.237	1.423	0.000
607757.165	2.247	1.422	0.000
607757.399	2.254	1.421	0.000
607757.406	2.260	1.421	0.000
607757.618	2.268	1.419	0.000
607757.850	2.268	1.418	0.000
607758.088	2.275	1.416	0.000
607758.289	2.281	1.415	0.000
607758.522	2.285	1.414	0.000
607758.752	2.289	1.412	0.000
607758.966	2.291	1.411	0.000
607759.170	2.290	1.409	0.000
607759.175	2.291	1.409	0.000
607759.408	2.291	1.408	0.000
607759.643	2.291	1.406	0.000
607759.844	2.288	1.405	0.000
607760.080	2.284	1.403	0.000
607760.299	2.280	1.402	0.000
607760.535	2.275	1.400	0.000
607760.757	2.271	1.399	0.000
607760.975	2.266	1.397	0.000
607760.981	2.265	1.397	0.000
607761.195	2.261	1.396	0.000
607761.432	2.256	1.394	0.000
607761.642	2.258	1.393	0.000
607761.875	2.258	1.391	0.000
607762.092	2.260	1.390	0.000
607762.312	2.256	1.388	0.000
607762.534	2.253	1.386	0.000
607762.772	2.253	1.385	0.000
607762.994	2.252	1.383	0.000
607763.003	2.250	1.383	0.000
607763.210	2.250	1.381	0.000
607763.445	2.251	1.380	0.000
607763.665	2.252	1.378	0.000
607763.883	2.252	1.376	0.000
607764.105	2.252	1.375	0.000
607764.322	2.255	1.373	0.000
607764.563	2.259	1.371	0.000
607764.799	2.263	1.369	0.000
607764.805	2.265	1.368	0.000
607765.023	2.262	1.366	0.000
607765.238	2.260	1.364	0.000
607765.455	2.260	1.362	0.000
607765.674	2.260	1.361	0.000
607765.911	2.261	1.359	0.000
607766.129	2.262	1.357	0.000
607766.375	2.263	1.355	0.000
607766.588	2.266	1.353	0.000
607766.601	2.269	1.352	0.000
607766.794	2.274	1.350	0.000
607767.034	2.279	1.348	0.000
607767.256	2.284	1.346	0.000
607767.494	2.289	1.344	0.000
607767.709	2.293	1.342	0.000
607767.932	2.298	1.341	0.000
607768.159	2.302	1.339	0.000
607768.376	2.302	1.337	0.000
607768.611	2.299	1.335	0.000
607768.625	2.293	1.333	0.000
607768.833	2.290	1.332	0.000
607769.052	2.288	1.330	0.000
607769.257	2.286	1.328	0.000
607769.492	2.283	1.326	0.000
607769.717	2.281	1.325	0.000
607769.954	2.281	1.323	0.000
607770.159	2.284	1.321	0.000
607770.383	2.286	1.319	0.000
607770.394	2.287	1.318	0.000
607770.605	2.289	1.316	0.000
607770.844	2.290	1.314	0.000
607771.062	2.290	1.313	0.000
607771.297	2.289	1.311	0.000
607771.501	2.289	1.310	0.000
607771.754	2.290	1.308	0.000
607771.944	2.290	1.306	0.000
607772.185	2.291	1.305	0.000
607772.200	2.290	1.303	0.000
607772.406	2.290	1.302	0.000
607772.632	2.290	1.300	0.000
607772.853	2.293	1.299	0.000
607773.074	2.295	1.297	0.000
607773.290	2.297	1.296	0.000
607773.526	2.298	1.295	0.000
607773.761	2.300	1.293	0.000
607773.969	2.302	1.292	0.000
607774.189	2.304	1.290	0.000
607774.202	2.307	1.289	0.000
607774.415	2.308	1.288	0.000
607774.647	2.310	1.286	0.000
607774.872	2.313	1.285	0.000
607775.096	2.317	1.284	0.000
607775.308	2.321	1.283	0.000
607775.543	2.324	1.282	0.000
607775.765	2.329	1.280	0.000
607776.007	2.329	1.279	0.000
607776.014	2.335	1.278	0.000
607776.206	2.339	1.277	0.000
607776.442	2.343	1.276	0.000
607776.668	2.346	1.275	0.000
607776.887	2.350	1.274	0.000
607777.092	2.352	1.273	0.000
607777.343	2.353	1.272	0.000
607777.553	2.354	1.271	0.000
607777.776	2.353	1.270	0.000
607777.787	2.352	1.269	0.000
607778.008	2.350	1.268	0.000
607778.233	2.347	1.267	0.000
607778.457	2.344	1.266	0.000
607778.677	2.344	1.265	0.000
607778.902	2.344	1.264	0.000
607779.126	2.337	1.263	0.000
607779.346	2.332	1.263	0.000
607779.572	2.325	1.262	1.000
607779.790	2.320	1.261	0.000
607779.801	2.316	1.261	0.000
607780.013	2.311	1.260	0.000
607780.239	2.312	1.259	0.000
607780.463	2.310	1.259	0.000
607780.701	2.308	1.258	0.000
607780.927	2.306	1.257	0.000
607781.145	2.305	1.257	0.000
607781.381	2.304	1.256	0.000
607781.583	2.304	1.255	0.000
607781.601	2.304	1.255	0.000
607781.819	2.303	1.254	0.000
607782.023	2.303	1.254	0.000
607782.244	2.305	1.253	0.000
607782.480	2.304	1.253	0.000
607782.706	2.307	1.252	0.000
