Timestamp	GSR	2023-06-28 15:00:17.154	fs=64.0
606928.166	2.138
606928.167	2.138
606928.184	2.140
606928.201	2.138
606928.245	2.138
606928.270	2.138
606928.271	2.137
606928.284	2.138
606928.285	2.138
606928.286	2.137
606928.313	2.137
606928.327	2.137
606928.336	2.136
606928.356	2.137
606928.387	2.136
606928.394	2.136
606928.395	2.136
606928.418	2.136
606928.439	2.137
606928.449	2.136
606928.472	2.136
606928.474	2.136
606928.502	2.134
606928.504	2.134
606928.529	2.133
606928.540	2.134
606928.552	2.133
606928.577	2.133
606928.604	2.131
606928.605	2.133
606928.630	2.133
606928.631	2.133
606928.658	2.131
606928.679	2.131
606928.696	2.130
606928.697	2.130
606928.711	2.130
606928.739	2.130
606928.755	2.128
606928.756	2.128
606928.772	2.128
606928.796	2.128
606928.810	2.127
606928.824	2.127
606928.852	2.125
606928.869	2.125
606928.870	2.124
606928.881	2.124
606928.911	2.122
606928.912	2.124
606928.937	2.121
606928.947	2.122
606928.972	2.121
606928.991	2.121
606929.002	2.119
606929.012	2.121
606929.020	2.119
606929.044	2.119
606929.065	2.118
606929.071	2.118
606929.110	2.116
606929.111	2.118
606929.126	2.116
606929.135	2.116
606929.149	2.114
606929.166	2.111
606929.180	2.108
606929.217	2.105
606929.219	2.103
606929.231	2.102
606929.267	2.099
606929.269	2.099
606929.285	2.097
606929.295	2.097
606929.335	2.096
606929.336	2.096
606929.341	2.095
606929.360	2.095
606929.374	2.093
606929.384	2.095
606929.411	2.093
606929.416	2.095
606929.444	2.093
606929.445	2.093
606929.455	2.092
606929.484	2.093
606929.500	2.092
606929.510	2.092
606929.527	2.092
606929.542	2.092
606929.569	2.093
606929.588	2.092
606929.589	2.092
606929.605	2.093
606929.624	2.095
606929.635	2.095
606929.644	2.093
606929.669	2.097
606929.696	2.097
606929.701	2.099
606929.737	2.097
606929.742	2.099
606929.744	2.097
606929.760	2.097
606929.785	2.097
606929.786	2.097
606929.823	2.096
606929.825	2.097
606929.841	2.097
606929.857	2.096
606929.875	2.095
606929.884	2.095
606929.909	2.093
606929.910	2.093
606929.936	2.093
606929.957	2.093
606929.969	2.092
606929.979	2.092
606929.992	2.090
606930.025	2.090
606930.026	2.090
606930.064	2.089
606930.066	2.089
606930.080	2.089
606930.095	2.087
606930.111	2.087
606930.112	2.086
606930.141	2.087
606930.142	2.086
606930.167	2.086
606930.192	2.086
606930.194	2.084
606930.219	2.084
606930.230	2.083
606930.249	2.084
606930.286	2.083
606930.287	2.081
606930.289	2.083
606930.305	2.083
606930.329	2.081
606930.330	2.080
606930.355	2.080
606930.371	2.080
606930.396	2.080
606930.397	2.078
606930.421	2.078
606930.452	2.077
606930.454	2.077
606930.469	2.075
606930.479	2.077
606930.507	2.074
606930.509	2.075
606930.550	2.074
606930.551	2.074
606930.565	2.074
606930.575	2.074
606930.587	2.071
606930.617	2.073
606930.636	2.071
606930.637	2.073
606930.656	2.073
606930.666	2.073
606930.681	2.071
606930.707	2.071
606930.710	2.070
606930.741	2.071
606930.742	2.070
606930.760	2.070
606930.769	2.068
606930.800	2.068
606930.811	2.068
606930.825	2.068
606930.842	2.068
606930.872	2.068
606930.874	2.067
606930.885	2.068
606930.891	2.065
606930.916	2.067
606930.925	2.065
606930.957	2.065
606930.959	2.064
606930.994	2.065
606930.995	2.064
606931.016	2.064
606931.025	2.064
606931.050	2.064
606931.061	2.062
606931.071	2.062
606931.101	2.061
606931.118	2.062
606931.119	2.061
606931.135	2.062
606931.149	2.061
606931.191	2.061
606931.217	2.059
606931.219	2.061
606931.244	2.059
606931.245	2.059
606931.250	2.058
606931.264	2.059
606931.289	2.058
606931.290	2.058
606931.306	2.058
606931.345	2.056
606931.346	2.056
606931.352	2.056
606931.367	2.055
606931.385	2.056
606931.399	2.053
606931.416	2.055
606931.430	2.053
606931.459	2.053
606931.465	2.052
606931.480	2.053
606931.495	2.053
606931.521	2.053
606931.522	2.052
606931.542	2.052
606931.579	2.052
606931.580	2.052
606931.599	2.051
606931.607	2.051
606931.621	2.049
606931.633	2.051
606931.664	2.051
606931.665	2.049
606931.691	2.048
606931.693	2.049
606931.716	2.048
606931.726	2.048
606931.751	2.048
606931.755	2.048
606931.784	2.046
606931.785	2.048
606931.811	2.046
606931.836	2.046
606931.862	2.046
606931.864	2.046
606931.879	2.045
606931.885	2.045
606931.922	2.045
606931.924	2.045
606931.949	2.045
606931.951	2.045
606931.967	2.045
606931.981	2.045
606931.999	2.043
606932.014	2.045
606932.041	2.043
606932.042	2.043
606932.062	2.045
606932.073	2.043
606932.082	2.042
606932.106	2.043
606932.115	2.042
606932.140	2.042
606932.174	2.042
606932.175	2.043
606932.176	2.042
606932.201	2.042
606932.220	2.040
606932.230	2.042
606932.250	2.042
606932.260	2.040
606932.285	2.042
606932.286	2.042
606932.311	2.040
606932.330	2.042
606932.344	2.040
606932.354	2.042
606932.366	2.040
606932.391	2.042
606932.392	2.040
606932.412	2.042
606932.429	2.040
606932.468	2.042
606932.469	2.040
606932.492	2.042
606932.494	2.042
606932.519	2.042
606932.520	2.042
606932.542	2.042
606932.561	2.042
606932.572	2.042
606932.580	2.042
606932.606	2.042
606932.636	2.042
606932.637	2.042
606932.656	2.043
606932.670	2.043
606932.690	2.042
606932.699	2.043
606932.723	2.043
606932.733	2.043
606932.762	2.042
606932.764	2.043
606932.780	2.042
606932.789	2.043
606932.807	2.043
606932.825	2.043
606932.849	2.042
606932.850	2.043
606932.882	2.042
606932.894	2.043
606932.912	2.042
606932.914	2.043
606932.932	2.042
606932.946	2.042
606932.970	2.042
606932.999	2.042
606933.000	2.042
606933.017	2.042
606933.033	2.040
606933.039	2.042
606933.052	2.040
606933.077	2.042
606933.084	2.040
606933.109	2.040
606933.137	2.039
606933.139	2.040
606933.163	2.039
606933.169	2.040
606933.179	2.039
606933.207	2.039
606933.239	2.039
606933.240	2.039
606933.245	2.037
606933.261	2.039
606933.275	2.037
606933.292	2.037
606933.310	2.037
606933.338	2.037
606933.363	2.036
606933.364	2.037
606933.381	2.036
606933.383	2.037
606933.397	2.036
606933.422	2.036
606933.424	2.036
606933.449	2.036
606933.475	2.036
606933.476	2.036
606933.497	2.036
606933.511	2.036
606933.531	2.036
606933.536	2.036
606933.549	2.036
606933.588	2.036
606933.590	2.036
606933.602	2.036
606933.621	2.036
606933.635	2.037
606933.646	2.036
606933.670	2.037
606933.671	2.036
606933.697	2.037
606933.711	2.037
606933.743	2.039
606933.764	2.039
606933.765	2.040
606933.784	2.040
606933.812	2.042
606933.814	2.040
606933.840	2.042
606933.841	2.042
606933.859	2.045
606933.860	2.045
606933.884	2.046
606933.896	2.046
606933.921	2.048
606933.922	2.048
606933.947	2.049
606933.955	2.051
606933.981	2.051
606933.990	2.052
606934.009	2.053
606934.020	2.053
606934.065	2.056
606934.069	2.056
606934.071	2.059
606934.101	2.061
606934.102	2.062
606934.124	2.062
606934.134	2.065
606934.146	2.065
606934.172	2.068
606934.174	2.068
606934.197	2.070
606934.225	2.071
606934.231	2.074
606934.240	2.074
606934.264	2.075
606934.292	2.075
606934.294	2.078
606934.314	2.080
606934.326	2.083
606934.332	2.083
606934.356	2.084
606934.364	2.084
606934.389	2.086
606934.417	2.087
606934.434	2.089
606934.436	2.089
606934.446	2.090
606934.471	2.090
606934.480	2.092
606934.499	2.093
606934.525	2.093
606934.549	2.093
606934.550	2.095
606934.551	2.095
606934.577	2.096
606934.586	2.096
606934.602	2.099
606934.623	2.099
606934.647	2.100
606934.670	2.100
606934.671	2.103
606934.672	2.103
606934.706	2.103
606934.716	2.103
606934.726	2.106
606934.760	2.105
606934.761	2.106
606934.783	2.108
606934.791	2.108
606934.802	2.108
606934.827	2.108
606934.829	2.108
606934.854	2.109
606934.879	2.109
606934.888	2.111
606934.895	2.111
606934.919	2.111
606934.929	2.111
606934.952	2.112
606934.971	2.112
606934.996	2.112
606934.997	2.112
606935.030	2.112
606935.031	2.112
606935.056	2.114
606935.057	2.112
606935.069	2.114
606935.097	2.114
606935.099	2.112
606935.125	2.114
606935.145	2.114
606935.154	2.112
606935.167	2.112
606935.187	2.112
606935.201	2.112
606935.226	2.112
606935.227	2.112
606935.253	2.111
606935.254	2.111
606935.279	2.112
606935.291	2.111
606935.301	2.111
606935.320	2.111
606935.373	2.111
606935.374	2.109
606935.379	2.109
606935.380	2.109
606935.405	2.108
606935.417	2.109
606935.450	2.109
606935.477	2.108
606935.479	2.108
606935.489	2.108
606935.490	2.108
606935.515	2.108
606935.516	2.106
606935.545	2.108
606935.556	2.106
606935.581	2.106
606935.606	2.106
606935.607	2.106
606935.625	2.106
606935.636	2.106
606935.669	2.106
606935.670	2.105
606935.685	2.105
606935.714	2.103
606935.715	2.103
606935.732	2.103
606935.759	2.103
606935.760	2.102
606935.772	2.102
606935.832	2.102
606935.832	2.100
606935.834	2.100
606935.842	2.100
606935.856	2.100
606935.863	2.099
606935.886	2.099
606935.911	2.099
606935.912	2.097
606935.947	2.097
606935.965	2.096
606935.966	2.096
606935.979	2.096
606935.988	2.095
606936.012	2.095
606936.020	2.093
606936.051	2.095
606936.076	2.093
606936.077	2.092
606936.080	2.092
606936.107	2.092
606936.109	2.090
606936.134	2.090
606936.159	2.090
606936.160	2.089
606936.186	2.089
606936.201	2.087
606936.216	2.087
606936.232	2.087
606936.249	2.086
606936.267	2.086
606936.269	2.084
606936.307	2.084
606936.332	2.083
606936.334	2.084
606936.353	2.083
606936.355	2.083
606936.379	2.083
606936.380	2.083
606936.405	2.081
606936.431	2.081
606936.434	2.080
606936.447	2.080
606936.461	2.078
606936.481	2.078
606936.490	2.078
606936.513	2.078
606936.544	2.077
606936.546	2.077
606936.547	2.075
606936.574	2.075
606936.594	2.075
606936.602	2.074
606936.626	2.074
606936.654	2.073
606936.655	2.073
606936.671	2.073
606936.684	2.071
606936.697	2.071
606936.709	2.071
606936.729	2.071
606936.743	2.070
606936.771	2.071
606936.772	2.070
606936.796	2.070
606936.797	2.068
606936.822	2.067
606936.831	2.067
606936.851	2.067
606936.866	2.065
606936.895	2.065
606936.904	2.065
606936.915	2.065
606936.924	2.064
606936.951	2.064
606936.965	2.062
606936.994	2.062
606937.019	2.061
606937.020	2.062
606937.027	2.061
606937.046	2.061
606937.052	2.059
606937.076	2.061
606937.101	2.059
606937.102	2.059
606937.129	2.058
606937.144	2.058
606937.159	2.056
606937.160	2.056
606937.179	2.056
606937.199	2.056
606937.223	2.056
606937.224	2.055
606937.260	2.055
606937.261	2.053
606937.279	2.053
606937.291	2.053
606937.305	2.052
606937.330	2.052
606937.331	2.052
606937.367	2.052
606937.369	2.051
606937.386	2.051
606937.402	2.051
606937.420	2.051
606937.421	2.049
606937.446	2.049
606937.475	2.048
606937.476	2.048
606937.495	2.048
606937.510	2.048
606937.527	2.046
606937.540	2.046
606937.552	2.046
606937.592	2.046
606937.594	2.046
606937.619	2.046
606937.620	2.045
606937.640	2.045
606937.646	2.045
606937.675	2.045
606937.676	2.043
606937.701	2.043
606937.702	2.042
606937.728	2.042
606937.753	2.042
606937.759	2.042
606937.784	2.040
606937.785	2.040
606937.812	2.039
606937.846	2.039
606937.847	2.039
606937.854	2.039
606937.866	2.037
606937.885	2.037
606937.899	2.037
606937.919	2.037
606937.925	2.036
606937.950	2.036
606937.970	2.036
606937.982	2.034
606938.012	2.034
606938.014	2.033
606938.028	2.033
606938.057	2.033
606938.084	2.033
606938.085	2.032
606938.099	2.033
606938.100	2.032
606938.121	2.032
606938.135	2.032
606938.161	2.032
606938.162	2.032
606938.194	2.030
606938.195	2.030
606938.234	2.030
606938.235	2.029
606938.247	2.030
606938.261	2.029
606938.286	2.029
606938.287	2.029
606938.312	2.029
606938.330	2.027
606938.338	2.029
606938.357	2.027
606938.366	2.027
606938.391	2.026
606938.392	2.027
606938.421	2.026
606938.441	2.026
606938.442	2.026
606938.468	2.026
606938.479	2.026
606938.485	2.024
606938.511	2.024
606938.549	2.024
606938.550	2.024
606938.557	2.024
606938.572	2.023
606938.584	2.023
606938.611	2.023
606938.612	2.023
606938.635	2.021
606938.670	2.021
606938.672	2.020
606938.679	2.020
606938.697	2.018
606938.711	2.018
606938.731	2.018
606938.740	2.018
606938.768	2.017
606938.769	2.018
606938.800	2.017
606938.801	2.017
606938.832	2.017
606938.861	2.017
606938.886	2.017
606938.888	2.017
606938.913	2.015
606938.914	2.017
606938.915	2.015
606938.927	2.015
606938.956	2.014
606938.970	2.015
606938.976	2.015
606939.003	2.014
606939.004	2.014
606939.045	2.014
606939.046	2.014
606939.057	2.014
606939.081	2.012
606939.106	2.014
606939.107	2.012
606939.137	2.014
606939.139	2.011
606939.152	2.012
606939.169	2.011
606939.175	2.012
606939.201	2.011
606939.215	2.011
606939.244	2.011
606939.269	2.011
606939.270	2.010
606939.282	2.011
606939.291	2.011
606939.315	2.011
606939.325	2.010
606939.334	2.010
606939.375	2.010
606939.376	2.011
606939.384	2.010
606939.398	2.008
606939.417	2.008
606939.441	2.008
606939.456	2.008
606939.457	2.008
606939.486	2.007
606939.516	2.007
606939.517	2.005
606939.543	2.005
606939.544	2.005
606939.554	2.005
606939.579	2.004
606939.609	2.004
606939.610	2.004
606939.631	2.004
606939.632	2.004
606939.666	2.007
606939.668	2.011
606939.682	2.026
606939.696	2.032
606939.730	2.034
606939.731	2.036
606939.756	2.037
606939.757	2.037
606939.778	2.037
606939.791	2.037
606939.801	2.037
606939.826	2.036
606939.855	2.036
606939.856	2.034
606939.872	2.036
606939.888	2.036
606939.904	2.033
606939.915	2.034
606939.925	2.033
606939.955	2.033
606939.972	2.033
606939.974	2.032
606940.000	2.033
606940.009	2.033
606940.037	2.034
606940.047	2.033
606940.072	2.034
606940.074	2.034
606940.105	2.037
606940.106	2.037
606940.124	2.039
606940.160	2.039
606940.161	2.040
606940.162	2.039
606940.175	2.043
606940.200	2.046
606940.220	2.049
606940.230	2.049
606940.247	2.051
606940.265	2.049
606940.281	2.049
606940.309	2.045
606940.310	2.042
606940.338	2.040
606940.339	2.040
606940.356	2.040
606940.365	2.039
606940.390	2.037
606940.410	2.037
606940.411	2.036
606940.439	2.036
606940.450	2.033
606940.479	2.033
606940.480	2.030
606940.509	2.027
606940.510	2.024
606940.541	2.023
606940.542	2.021
606940.571	2.018
606940.576	2.015
606940.596	2.015
606940.605	2.010
606940.633	2.008
606940.638	2.005
606940.672	2.005
606940.680	2.004
606940.681	2.004
606940.699	2.002
606940.716	2.002
606940.725	2.002
606940.750	2.002
606940.757	2.001
606940.788	2.001
606940.789	1.998
606940.814	1.999
606940.835	1.998
606940.841	1.999
606940.850	1.998
606940.875	1.998
606940.880	1.996
606940.915	1.998
606940.916	1.995
606940.931	1.996
606940.950	1.995
606940.959	1.995
606940.982	1.993
606940.990	1.995
606941.024	1.993
606941.025	1.995
606941.043	1.993
606941.051	1.993
606941.080	1.992
606941.081	1.993
606941.106	1.990
606941.114	1.990
606941.165	1.989
606941.166	1.989
606941.167	1.988
606941.184	1.989
606941.197	1.988
606941.209	1.988
606941.234	1.986
606941.265	1.988
606941.266	1.985
606941.275	1.986
606941.299	1.986
606941.300	1.986
606941.325	1.985
606941.354	1.985
606941.355	1.985
606941.380	1.985
606941.381	1.983
606941.402	1.983
606941.431	1.983
606941.444	1.983
606941.454	1.982
606941.455	1.980
606941.502	1.980
606941.504	1.980
606941.524	1.979
606941.525	1.980
606941.541	1.979
606941.555	1.977
606941.579	1.977
606941.580	1.977
606941.611	1.977
606941.612	1.977
606941.634	1.976
606941.654	1.976
606941.667	1.976
606941.676	1.976
606941.702	1.974
606941.704	1.976
606941.732	1.974
606941.734	1.976
606941.759	1.973
606941.779	1.974
606941.789	1.974
606941.807	1.973
606941.825	1.974
606941.856	1.974
606941.857	1.973
606941.883	1.973
606941.894	1.971
606941.905	1.971
606941.924	1.971
606941.932	1.971
606941.946	1.971
606941.976	1.971
606941.977	1.970
606942.000	1.970
606942.005	1.970
606942.033	1.968
606942.039	1.968
606942.064	1.968
606942.090	1.967
606942.115	1.968
606942.116	1.967
606942.124	1.967
606942.133	1.967
606942.160	1.966
606942.161	1.966
606942.179	1.966
606942.205	1.966
606942.221	1.966
606942.229	1.964
606942.244	1.964
606942.261	1.964
606942.273	1.964
606942.296	1.964
606942.297	1.964
606942.329	1.961
606942.340	1.963
606942.364	1.963
606942.376	1.963
606942.385	1.963
606942.396	1.961
606942.420	1.961
606942.421	1.961
606942.446	1.960
606942.465	1.961
606942.477	1.960
606942.501	1.960
606942.526	1.960
606942.527	1.960
606942.559	1.960
606942.560	1.960
606942.580	1.958
606942.605	1.960
606942.609	1.958
606942.635	1.957
606942.636	1.958
606942.647	1.958
606942.674	1.957
606942.675	1.958
606942.711	1.957
606942.736	1.957
606942.737	1.957
606942.751	1.957
606942.759	1.955
606942.801	1.955
606942.802	1.955
606942.807	1.955
606942.833	1.955
606942.849	1.954
606942.850	1.952
606942.875	1.952
606942.882	1.952
606942.915	1.952
606942.916	1.951
606942.929	1.952
606942.956	1.951
606942.961	1.951
606942.987	1.951
606942.997	1.951
606943.007	1.949
606943.061	1.949
606943.062	1.949
606943.064	1.949
606943.074	1.948
606943.089	1.949
606943.105	1.949
606943.132	1.949
606943.134	1.948
606943.161	1.948
606943.162	1.948
606943.174	1.948
606943.199	1.948
606943.219	1.947
606943.234	1.947
606943.246	1.947
606943.271	1.947
606943.288	1.947
606943.289	1.945
606943.304	1.947
606943.321	1.945
606943.352	1.947
606943.354	1.945
606943.364	1.945
606943.389	1.945
606943.405	1.945
606943.420	1.945
606943.423	1.945
606943.446	1.944
606943.476	1.945
606943.477	1.945
606943.510	1.945
606943.511	1.944
606943.517	1.944
606943.546	1.942
606943.547	1.944
606943.572	1.944
606943.584	1.944
606943.611	1.942
606943.612	1.942
606943.639	1.942
606943.646	1.942
606943.671	1.942
606943.673	1.942
606943.697	1.941
606943.709	1.942
606943.737	1.941
606943.762	1.941
606943.764	1.939
606943.769	1.941
606943.794	1.939
606943.800	1.939
606943.825	1.939
606943.856	1.939
606943.867	1.939
606943.870	1.939
606943.888	1.941
606943.911	1.938
606943.913	1.939
606943.929	1.939
606943.953	1.938
606943.991	1.938
606944.017	1.936
606944.018	1.938
606944.028	1.936
606944.029	1.936
606944.054	1.936
606944.055	1.936
606944.070	1.936
606944.095	1.936
606944.112	1.936
606944.122	1.936
606944.133	1.936
606944.153	1.935
606944.168	1.935
606944.176	1.936
606944.213	1.935
606944.214	1.936
606944.227	1.936
606944.241	1.935
606944.265	1.935
606944.279	1.933
606944.294	1.933
606944.300	1.933
606944.325	1.933
606944.349	1.933
606944.350	1.932
606944.380	1.932
606944.381	1.932
606944.399	1.932
606944.422	1.932
606944.426	1.930
606944.461	1.930
606944.462	1.930
606944.480	1.929
606944.504	1.929
606944.505	1.929
606944.536	1.929
606944.538	1.927
606944.575	1.927
606944.576	1.926
606944.595	1.926
606944.605	1.926
606944.630	1.926
606944.631	1.925
606944.660	1.926
606944.686	1.925
606944.687	1.925
606944.703	1.923
606944.704	1.923
606944.729	1.923
606944.739	1.923
606944.765	1.923
606944.766	1.922
606944.795	1.922
606944.796	1.922
606944.819	1.922
606944.840	1.922
606944.851	1.920
606944.875	1.922
606944.890	1.920
606944.896	1.920
606944.934	1.919
606944.935	1.919
606944.945	1.917
606944.956	1.917
606944.981	1.917
606944.985	1.917
606945.010	1.917
606945.046	1.917
606945.047	1.916
606945.049	1.916
606945.074	1.916
606945.090	1.916
606945.102	1.914
606945.127	1.914
606945.132	1.913
606945.169	1.914
606945.170	1.913
606945.177	1.913
606945.201	1.913
606945.220	1.913
606945.226	1.911
606945.251	1.911
606945.278	1.911
606945.279	1.911
606945.310	1.910
606945.311	1.910
606945.325	1.910
606945.344	1.910
606945.352	1.908
606945.372	1.908
606945.397	1.910
606945.407	1.908
606945.416	1.908
606945.429	1.908
606945.447	1.907
606945.460	1.908
606945.485	1.907
606945.486	1.907
606945.522	1.905
606945.524	1.907
606945.540	1.907
606945.550	1.907
606945.575	1.905
606945.594	1.905
606945.607	1.905
606945.634	1.905
606945.643	1.904
606945.652	1.904
606945.667	1.904
606945.674	1.904
606945.699	1.904
606945.720	1.904
606945.726	1.904
606945.760	1.904
606945.768	1.903
606945.776	1.904
606945.791	1.904
606945.801	1.903
606945.827	1.903
606945.829	1.901
606945.857	1.903
606945.884	1.901
606945.917	1.901
606945.919	1.901
606945.935	1.901
606945.936	1.901
606945.951	1.900
606945.985	1.901
606945.986	1.900
606946.001	1.900
606946.010	1.900
606946.027	1.898
606946.041	1.898
606946.055	1.898
606946.079	1.898
606946.080	1.897
606946.106	1.897
606946.123	1.898
606946.136	1.897
606946.167	1.897
606946.176	1.897
606946.182	1.897
606946.210	1.897
606946.211	1.897
606946.240	1.895
606946.241	1.895
606946.266	1.895
606946.271	1.895
606946.290	1.895
606946.305	1.895
606946.334	1.894
606946.352	1.895
606946.354	1.894
606946.379	1.895
606946.380	1.895
606946.419	1.894
606946.420	1.894
606946.426	1.894
606946.458	1.895
606946.459	1.894
606946.487	1.894
606946.497	1.894
606946.506	1.895
606946.544	1.895
606946.545	1.895
606946.570	1.897
606946.571	1.897
606946.596	1.898
606946.607	1.898
606946.626	1.898
606946.632	1.898
606946.654	1.898
606946.664	1.898
606946.689	1.898
606946.708	1.897
606946.717	1.898
606946.733	1.898
606946.747	1.897
606946.762	1.897
606946.781	1.897
606946.806	1.895
606946.807	1.897
606946.825	1.897
606946.835	1.895
606946.851	1.894
606946.865	1.894
606946.889	1.894
606946.896	1.894
606946.921	1.892
606946.922	1.894
606946.947	1.892
606946.956	1.892
606946.981	1.892
606946.989	1.892
606947.012	1.892
606947.024	1.892
606947.063	1.891
606947.065	1.891
606947.079	1.889
606947.090	1.891
606947.104	1.889
606947.116	1.889
606947.141	1.889
606947.166	1.891
606947.200	1.888
606947.201	1.888
606947.218	1.888
606947.219	1.888
606947.225	1.889
606947.251	1.888
606947.257	1.886
606947.290	1.888
606947.291	1.886
606947.304	1.886
606947.328	1.886
606947.348	1.886
606947.349	1.886
606947.374	1.886
606947.409	1.885
606947.410	1.886
606947.422	1.885
606947.447	1.885
606947.449	1.884
606947.461	1.885
606947.485	1.884
606947.515	1.884
606947.516	1.884
606947.540	1.884
606947.541	1.884
606947.556	1.884
606947.574	1.882
606947.586	1.882
606947.611	1.882
606947.612	1.882
606947.639	1.881
606947.654	1.881
606947.674	1.881
606947.680	1.881
606947.709	1.879
606947.710	1.879
606947.729	1.879
606947.754	1.879
606947.775	1.878
606947.776	1.878
606947.790	1.879
606947.800	1.878
606947.830	1.876
606947.843	1.878
606947.872	1.876
606947.889	1.876
606947.890	1.875
606947.909	1.876
606947.914	1.875
606947.931	1.875
606947.950	1.875
606947.961	1.875
606947.987	1.873
606948.007	1.873
606948.013	1.873
606948.030	1.873
606948.051	1.872
606948.052	1.872
606948.078	1.872
606948.107	1.872
606948.109	1.872
606948.134	1.872
606948.135	1.870
606948.156	1.872
606948.165	1.870
606948.174	1.870
606948.199	1.870
606948.229	1.870
606948.230	1.870
606948.251	1.870
606948.259	1.869
606948.284	1.869
606948.291	1.869
606948.305	1.869
606948.336	1.869
606948.338	1.867
606948.355	1.867
606948.372	1.869
606948.386	1.867
606948.409	1.867
606948.416	1.867
606948.429	1.867
606948.454	1.866
606948.455	1.866
606948.482	1.866
606948.507	1.866
606948.509	1.866
606948.535	1.864
606948.536	1.864
606948.554	1.864
606948.590	1.864
606948.591	1.864
606948.606	1.864
606948.630	1.863
606948.631	1.863
606948.659	1.863
606948.665	1.863
606948.679	1.863
606948.705	1.862
606948.721	1.862
606948.730	1.862
606948.754	1.863
606948.755	1.862
606948.777	1.862
606948.791	1.860
606948.820	1.862
606948.821	1.860
606948.838	1.860
606948.855	1.860
606948.865	1.860
606948.889	1.860
606948.906	1.860
606948.933	1.859
606948.934	1.859
606948.951	1.860
606948.952	1.859
606948.980	1.859
606949.004	1.859
606949.005	1.859
606949.034	1.859
606949.035	1.857
606949.060	1.857
606949.071	1.857
606949.112	1.857
606949.114	1.856
606949.121	1.857
606949.138	1.856
606949.171	1.856
606949.172	1.854
606949.174	1.854
606949.198	1.854
606949.210	1.854
606949.239	1.853
606949.240	1.853
606949.265	1.853
606949.266	1.853
606949.304	1.851
606949.305	1.853
606949.323	1.851
606949.331	1.851
606949.356	1.850
606949.364	1.851
606949.389	1.850
606949.420	1.850
606949.421	1.848
606949.422	1.848
606949.448	1.848
606949.462	1.848
606949.487	1.848
606949.495	1.847
606949.520	1.848
606949.521	1.847
606949.546	1.847
606949.547	1.847
606949.576	1.847
606949.594	1.845
606949.604	1.845
606949.624	1.845
606949.646	1.845
606949.669	1.845
606949.670	1.844
606949.695	1.845
606949.698	1.844
606949.709	1.845
606949.734	1.844
606949.760	1.842
606949.761	1.842
606949.787	1.844
606949.789	1.842
606949.806	1.842
606949.821	1.842
606949.847	1.842
606949.849	1.841
606949.874	1.841
606949.908	1.841
606949.909	1.841
606949.912	1.840
606949.927	1.841
606949.953	1.840
606949.954	1.840
606949.981	1.838
606950.010	1.840
606950.012	1.838
606950.024	1.838
606950.047	1.837
606950.049	1.838
606950.076	1.837
606950.110	1.837
606950.111	1.835
606950.142	1.835
606950.144	1.835
606950.155	1.835
606950.167	1.834
606950.175	1.835
606950.195	1.834
606950.226	1.834
606950.227	1.832
606950.252	1.834
606950.254	1.832
606950.308	1.832
606950.309	1.831
606950.310	1.832
606950.323	1.832
606950.352	1.831
606950.354	1.831
606950.381	1.831
606950.404	1.831
606950.406	1.831
606950.420	1.829
606950.421	1.831
606950.446	1.828
606950.476	1.829
606950.477	1.828
606950.500	1.828
606950.510	1.826
606950.527	1.828
606950.542	1.826
606950.554	1.826
606950.579	1.826
606950.606	1.826
606950.614	1.825
606950.624	1.826
606950.639	1.825
606950.646	1.825
606950.671	1.825
606950.672	1.825
606950.712	1.823
606950.714	1.825
606950.740	1.825
606950.750	1.823
606950.757	1.823
606950.777	1.823
606950.801	1.822
606950.802	1.822
606950.828	1.822
606950.851	1.822
606950.852	1.821
606950.865	1.822
606950.890	1.821
606950.891	1.821
606950.921	1.821
606950.946	1.821
606950.947	1.819
606950.960	1.819
606950.984	1.819
606950.985	1.819
606951.018	1.818
606951.059	1.818
606951.060	1.816
606951.085	1.818
606951.086	1.815
606951.097	1.816
606951.099	1.816
606951.124	1.816
606951.133	1.815
606951.165	1.815
606951.166	1.813
606951.194	1.815
606951.195	1.813
606951.241	1.813
606951.242	1.812
606951.244	1.812
606951.256	1.812
606951.286	1.812
606951.287	1.810
606951.312	1.810
606951.325	1.810
606951.331	1.810
606951.359	1.810
606951.360	1.810
606951.385	1.810
606951.396	1.810
606951.427	1.809
606951.432	1.810
606951.446	1.810
606951.466	1.809
606951.480	1.809
606951.505	1.809
606951.506	1.807
606951.537	1.809
606951.539	1.807
606951.557	1.807
606951.570	1.809
606951.601	1.807
606951.602	1.806
606951.629	1.807
606951.630	1.806
606951.666	1.806
606951.667	1.804
606951.693	1.806
606951.709	1.806
606951.720	1.806
606951.729	1.804
606951.739	1.804
606951.764	1.804
606951.795	1.804
606951.796	1.803
606951.802	1.803
606951.828	1.803
606951.849	1.803
606951.850	1.803
606951.875	1.803
606951.900	1.801
606951.916	1.801
606951.917	1.801
606951.934	1.801
606951.949	1.800
606951.977	1.801
606951.979	1.800
606952.004	1.800
606952.029	1.799
606952.030	1.799
606952.050	1.799
606952.051	1.799
606952.075	1.797
606952.082	1.797
606952.106	1.797
606952.144	1.799
606952.145	1.797
606952.146	1.797
606952.166	1.796
606952.176	1.797
606952.203	1.796
606952.204	1.796
606952.234	1.794
606952.235	1.796
606952.259	1.794
606952.267	1.794
606952.319	1.794
606952.320	1.794
606952.325	1.793
606952.359	1.794
606952.360	1.793
606952.380	1.793
606952.381	1.791
606952.414	1.791
606952.415	1.791
606952.425	1.791
606952.447	1.790
606952.458	1.791
606952.484	1.790
606952.485	1.790
606952.510	1.788
606952.524	1.790
606952.547	1.788
606952.549	1.788
606952.578	1.787
606952.579	1.787
606952.605	1.787
606952.615	1.787
606952.639	1.785
606952.649	1.785
606952.674	1.784
606952.675	1.785
606952.695	1.784
606952.724	1.785
606952.737	1.784
606952.753	1.784
606952.754	1.784
606952.784	1.784
606952.791	1.782
606952.805	1.782
606952.834	1.782
606952.850	1.782
606952.851	1.781
606952.865	1.782
606952.886	1.781
606952.901	1.782
606952.920	1.782
606952.921	1.781
606952.972	1.779
606952.974	1.781
606952.975	1.779
606953.000	1.781
606953.019	1.779
606953.032	1.779
606953.041	1.779
606953.050	1.779
606953.075	1.778
606953.087	1.778
606953.104	1.778
606953.112	1.778
606953.140	1.777
606953.155	1.778
606953.167	1.777
606953.193	1.777
606953.194	1.777
606953.219	1.777
606953.232	1.775
606953.246	1.775
606953.260	1.775
606953.277	1.775
606953.304	1.774
606953.305	1.774
606953.327	1.774
606953.343	1.774
606953.359	1.772
606953.360	1.772
606953.390	1.771
606953.404	1.772
606953.433	1.771
606953.434	1.771
606953.444	1.772
606953.466	1.771
606953.482	1.771
606953.484	1.771
606953.509	1.769
606953.534	1.771
606953.556	1.769
606953.557	1.771
606953.587	1.771
606953.604	1.769
606953.605	1.769
606953.619	1.769
606953.635	1.768
606953.661	1.769
606953.662	1.768
606953.686	1.769
606953.705	1.768
606953.719	1.769
606953.734	1.768
606953.739	1.769
606953.764	1.768
606953.792	1.768
606953.794	1.768
606953.810	1.768
606953.823	1.768
606953.838	1.768
606953.851	1.768
606953.865	1.769
606953.905	1.768
606953.906	1.768
606953.919	1.768
606953.925	1.769
606953.973	1.768
606953.974	1.769
606953.975	1.768
606954.006	1.769
606954.007	1.768
606954.026	1.769
606954.040	1.769
606954.065	1.769
606954.071	1.769
606954.091	1.769
606954.099	1.769
606954.139	1.769
606954.145	1.769
606954.156	1.769
606954.166	1.769
606954.180	1.769
606954.205	1.769
606954.206	1.769
606954.231	1.768
606954.256	1.769
606954.257	1.769
606954.279	1.769
606954.292	1.769
606954.312	1.769
606954.325	1.769
606954.340	1.771
606954.350	1.769
606954.375	1.769
606954.391	1.769
606954.405	1.771
606954.417	1.771
606954.437	1.771
606954.447	1.771
606954.461	1.772
606954.487	1.771
606954.505	1.771
606954.506	1.771
606954.524	1.772
606954.547	1.772
606954.549	1.772
606954.575	1.771
606954.607	1.772
606954.609	1.771
606954.634	1.772
606954.649	1.771
606954.660	1.772
606954.672	1.772
606954.699	1.772
606954.700	1.771
606954.732	1.772
606954.744	1.772
606954.745	1.772
606954.771	1.772
606954.780	1.772
606954.791	1.772
606954.800	1.772
606954.830	1.772
606954.856	1.774
606954.857	1.772
606954.884	1.772
606954.885	1.772
606954.909	1.774
606954.917	1.772
606954.956	1.772
606954.957	1.772
606954.977	1.772
606954.979	1.772
606954.997	1.772
606955.010	1.771
606955.021	1.772
606955.045	1.772
606955.075	1.772
606955.076	1.772
606955.100	1.772
606955.101	1.771
606955.126	1.772
606955.132	1.771
606955.157	1.772
606955.165	1.771
606955.210	1.772
606955.212	1.771
606955.222	1.772
606955.228	1.771
606955.247	1.772
606955.257	1.771
606955.285	1.771
606955.286	1.771
606955.324	1.771
606955.329	1.771
606955.330	1.771
606955.356	1.771
606955.371	1.771
606955.387	1.771
606955.415	1.771
606955.446	1.769
606955.454	1.771
606955.455	1.769
606955.459	1.771
606955.480	1.769
606955.505	1.771
606955.527	1.769
606955.529	1.769
606955.556	1.769
606955.562	1.769
606955.578	1.769
606955.600	1.769
606955.601	1.768
606955.637	1.769
606955.639	1.768
606955.671	1.768
606955.672	1.768
606955.691	1.768
606955.696	1.766
606955.714	1.768
606955.735	1.766
606955.750	1.766
606955.759	1.766
606955.795	1.766
606955.807	1.766
606955.815	1.765
606955.820	1.766
606955.847	1.765
606955.849	1.765
606955.874	1.765
606955.900	1.763
606955.901	1.765
606955.924	1.765
606955.937	1.763
606955.952	1.763
606955.966	1.763
606955.980	1.763
606955.997	1.763
606956.034	1.762
606956.035	1.763
606956.047	1.763
606956.066	1.763
606956.072	1.762
606956.085	1.762
606956.121	1.762
606956.122	1.762
606956.150	1.760
606956.151	1.762
606956.178	1.762
606956.204	1.762
606956.205	1.760
606956.220	1.762
606956.224	1.760
606956.250	1.760
606956.276	1.760
606956.282	1.760
606956.292	1.760
606956.315	1.760
606956.321	1.759
606956.340	1.759
606956.353	1.759
606956.396	1.759
606956.397	1.758
606956.406	1.759
606956.416	1.758
606956.430	1.758
606956.449	1.758
606956.461	1.758
606956.497	1.758
606956.499	1.756
606956.515	1.756
606956.516	1.756
606956.545	1.756
606956.564	1.755
606956.573	1.755
606956.594	1.755
606956.619	1.755
606956.620	1.755
606956.631	1.755
606956.654	1.755
606956.664	1.755
606956.686	1.755
606956.699	1.755
606956.731	1.755
606956.732	1.753
606956.756	1.753
606956.757	1.753
606956.785	1.753
606956.811	1.752
606956.824	1.753
606956.825	1.752
606956.855	1.753
606956.856	1.752
606956.880	1.752
606956.890	1.752
606956.911	1.752
606956.912	1.750
606956.935	1.750
606956.946	1.750
606956.974	1.750
606956.992	1.750
606956.996	1.750
606957.010	1.750
606957.024	1.750
606957.044	1.750
606957.060	1.749
606957.089	1.749
606957.106	1.749
606957.108	1.750
606957.122	1.749
606957.139	1.747
606957.156	1.747
606957.165	1.747
606957.212	1.747
606957.214	1.747
606957.235	1.747
606957.240	1.747
606957.264	1.746
606957.265	1.744
606957.280	1.746
606957.294	1.746
606957.330	1.744
606957.331	1.744
606957.345	1.744
606957.353	1.744
606957.375	1.744
606957.384	1.743
606957.404	1.743
606957.437	1.743
606957.464	1.743
606957.465	1.743
606957.475	1.743
606957.476	1.743
606957.501	1.741
606957.509	1.741
606957.530	1.741
606957.561	1.741
606957.570	1.741
606957.572	1.741
606957.596	1.741
606957.597	1.740
606957.620	1.740
606957.634	1.740
606957.656	1.740
606957.685	1.740
606957.700	1.740
606957.700	1.738
606957.719	1.738
606957.727	1.738
606957.753	1.738
606957.754	1.737
606957.782	1.737
606957.809	1.737
606957.811	1.737
606957.825	1.737
606957.842	1.737
606957.856	1.737
606957.873	1.737
606957.887	1.736
606957.894	1.736
606957.923	1.736
606957.944	1.736
606957.945	1.734
606957.975	1.736
606957.979	1.736
606958.004	1.734
606958.034	1.734
606958.035	1.734
606958.045	1.733
606958.071	1.734
606958.092	1.733
606958.094	1.733
606958.109	1.733
606958.152	1.733
606958.154	1.731
606958.175	1.733
606958.176	1.731
606958.186	1.731
606958.196	1.731
606958.206	1.731
606958.231	1.730
606958.263	1.731
606958.264	1.730
606958.286	1.730
606958.287	1.730
606958.311	1.730
606958.326	1.728
606958.342	1.730
606958.353	1.728
606958.365	1.728
606958.394	1.728
606958.395	1.728
606958.420	1.728
606958.450	1.728
606958.459	1.727
606958.475	1.728
606958.500	1.727
606958.501	1.727
606958.521	1.725
606958.529	1.727
606958.542	1.725
606958.560	1.725
606958.586	1.725
606958.587	1.725
606958.601	1.724
606958.638	1.725
606958.639	1.724
606958.657	1.724
606958.666	1.724
606958.680	1.724
606958.709	1.724
606958.710	1.724
606958.739	1.722
606958.740	1.722
606958.768	1.722
606958.791	1.722
606958.801	1.722
606958.810	1.721
606958.826	1.721
606958.835	1.721
606958.861	1.719
606958.862	1.721
606958.889	1.719
606958.914	1.719
606958.915	1.718
606958.939	1.719
606958.949	1.718
606958.979	1.718
606958.980	1.716
606959.001	1.718
606959.015	1.716
606959.029	1.718
606959.041	1.716
606959.051	1.716
606959.076	1.716
606959.116	1.716
606959.117	1.715
606959.119	1.716
606959.134	1.715
606959.149	1.715
606959.168	1.715
606959.192	1.715
606959.194	1.714
606959.220	1.714
606959.231	1.714
606959.249	1.714
606959.265	1.712
606959.266	1.712
606959.291	1.712
606959.297	1.712
606959.327	1.711
606959.329	1.712
606959.354	1.711
606959.384	1.711
606959.385	1.711
606959.399	1.711
606959.418	1.711
606959.459	1.709
606959.460	1.709
606959.465	1.709
606959.479	1.709
606959.496	1.709
606959.513	1.709
606959.523	1.708
606959.541	1.708
606959.575	1.708
606959.576	1.708
606959.581	1.708
606959.606	1.706
606959.614	1.706
606959.639	1.706
606959.640	1.706
606959.665	1.705
606959.690	1.705
606959.701	1.705
606959.717	1.703
606959.726	1.703
606959.746	1.703
606959.760	1.703
606959.771	1.703
606959.797	1.702
606959.824	1.702
606959.826	1.702
606959.840	1.702
606959.852	1.700
606959.875	1.700
606959.885	1.700
606959.910	1.700
606959.935	1.700
606959.955	1.700
606959.957	1.699
606959.991	1.699
606959.992	1.699
606960.005	1.697
606960.006	1.699
606960.051	1.699
606960.052	1.697
606960.064	1.697
606960.074	1.699
606960.097	1.697
606960.099	1.697
606960.126	1.697
606960.132	1.697
606960.161	1.696
606960.178	1.696
606960.185	1.696
606960.199	1.697
606960.224	1.696
606960.225	1.696
606960.246	1.696
606960.273	1.695
606960.297	1.696
606960.300	1.696
606960.335	1.695
606960.336	1.695
606960.337	1.695
606960.356	1.695
606960.394	1.693
606960.405	1.693
606960.407	1.693
606960.416	1.693
606960.433	1.693
606960.446	1.693
606960.456	1.692
606960.481	1.692
606960.517	1.692
606960.522	1.692
606960.524	1.692
606960.540	1.692
606960.560	1.690
606960.570	1.690
606960.590	1.690
606960.604	1.690
606960.632	1.690
606960.634	1.690
606960.660	1.690
606960.682	1.690
606960.691	1.689
606960.700	1.689
606960.706	1.689
606960.731	1.689
606960.757	1.689
606960.765	1.689
606960.780	1.689
606960.791	1.689
606960.806	1.687
606960.824	1.689
606960.837	1.687
606960.869	1.687
606960.870	1.687
606960.894	1.687
606960.895	1.687
606960.915	1.687
606960.925	1.687
606960.951	1.687
606960.952	1.686
606960.984	1.687
606961.007	1.687
606961.009	1.687
606961.019	1.686
606961.040	1.686
606961.054	1.686
606961.079	1.686
606961.080	1.686
606961.114	1.684
606961.120	1.686
606961.133	1.686
606961.155	1.686
606961.165	1.684
606961.175	1.686
606961.206	1.684
606961.231	1.684
606961.232	1.684
606961.245	1.684
606961.270	1.684
606961.282	1.683
606961.287	1.684
606961.314	1.683
606961.341	1.684
606961.342	1.684
606961.350	1.683
606961.376	1.683
606961.382	1.683
606961.409	1.683
606961.418	1.683
606961.431	1.683
606961.465	1.683
606961.474	1.683
606961.476	1.683
606961.502	1.683
606961.504	1.683
606961.529	1.681
606961.539	1.683
606961.575	1.681
606961.591	1.683
606961.592	1.681
606961.605	1.683
606961.614	1.681
606961.639	1.681
606961.647	1.681
606961.671	1.681
606961.709	1.680
606961.710	1.681
606961.716	1.681
606961.731	1.681
606961.747	1.681
606961.764	1.681
606961.780	1.681
606961.805	1.681
606961.825	1.680
606961.826	1.680
606961.843	1.680
606961.851	1.680
606961.866	1.680
606961.901	1.680
606961.926	1.680
606961.927	1.680
606961.954	1.680
606961.969	1.680
606961.971	1.678
606961.985	1.680
606962.005	1.678
606962.006	1.678
606962.021	1.677
606962.046	1.678
606962.068	1.678
606962.073	1.678
606962.096	1.678
606962.097	1.677
606962.125	1.677
606962.133	1.677
606962.163	1.677
606962.164	1.677
606962.189	1.675
606962.199	1.675
606962.230	1.675
606962.239	1.675
606962.241	1.674
606962.271	1.674
606962.272	1.674
606962.297	1.674
606962.314	1.673
606962.323	1.674
606962.347	1.674
606962.347	1.674
606962.379	1.673
606962.380	1.673
606962.415	1.671
606962.416	1.673
606962.422	1.673
606962.447	1.671
606962.458	1.671
606962.485	1.671
606962.486	1.670
606962.522	1.671
606962.556	1.671
606962.557	1.671
606962.575	1.670
606962.576	1.670
606962.594	1.670
606962.604	1.670
606962.630	1.670
606962.631	1.668
606962.655	1.668
606962.666	1.668
606962.672	1.668
606962.697	1.667
606962.715	1.668
606962.736	1.667
606962.738	1.667
606962.762	1.667
606962.773	1.665
606962.801	1.665
606962.807	1.664
606962.823	1.665
606962.831	1.665
606962.856	1.664
606962.882	1.662
606962.884	1.664
606962.899	1.662
606962.914	1.662
606962.935	1.662
606962.947	1.662
606962.973	1.662
606962.997	1.661
606963.011	1.661
606963.012	1.661
606963.031	1.659
606963.040	1.659
606963.054	1.659
606963.071	1.659
606963.081	1.658
606963.110	1.659
606963.135	1.658
606963.136	1.658
606963.154	1.658
606963.164	1.658
606963.204	1.656
606963.205	1.658
606963.231	1.655
606963.232	1.656
606963.259	1.655
606963.260	1.656
606963.285	1.656
606963.291	1.656
606963.306	1.655
606963.326	1.655
606963.351	1.653
606963.353	1.655
606963.371	1.653
606963.386	1.653
606963.394	1.652
606963.419	1.653
606963.436	1.652
606963.461	1.652
606963.462	1.651
606963.485	1.652
606963.486	1.651
606963.515	1.652
606963.530	1.651
606963.540	1.651
606963.550	1.651
606963.580	1.651
606963.599	1.649
606963.608	1.651
606963.615	1.649
606963.640	1.649
606963.647	1.649
606963.671	1.649
606963.704	1.648
606963.705	1.648
606963.717	1.648
606963.732	1.648
606963.743	1.646
606963.758	1.646
606963.771	1.645
606963.787	1.646
606963.827	1.645
606963.829	1.646
606963.854	1.645
606963.855	1.645
606963.878	1.645
606963.886	1.645
606963.904	1.643
606963.914	1.643
606963.941	1.643
606963.959	1.643
606963.969	1.642
606963.976	1.642
606964.000	1.642
606964.010	1.642
606964.035	1.642
606964.036	1.642
606964.065	1.640
606964.079	1.640
606964.104	1.640
606964.111	1.639
606964.131	1.642
606964.137	1.640
606964.162	1.639
606964.187	1.639
606964.195	1.639
606964.196	1.639
606964.210	1.639
606964.226	1.639
606964.251	1.637
606964.258	1.637
606964.285	1.637
606964.286	1.637
606964.312	1.636
606964.324	1.636
606964.330	1.636
606964.356	1.636
606964.373	1.634
606964.401	1.636
606964.402	1.634
606964.421	1.634
606964.441	1.633
606964.442	1.634
606964.472	1.633
606964.474	1.634
606964.496	1.632
606964.536	1.633
606964.537	1.632
606964.542	1.632
606964.565	1.630
606964.572	1.632
606964.589	1.632
606964.601	1.630
606964.628	1.630
606964.652	1.630
606964.654	1.630
606964.663	1.630
606964.680	1.630
606964.697	1.629
606964.707	1.630
606964.734	1.629
606964.735	1.627
606964.765	1.629
606964.766	1.627
606964.790	1.627
606964.800	1.627
606964.825	1.627
606964.831	1.626
606964.856	1.627
606964.885	1.626
606964.898	1.626
606964.899	1.626
606964.914	1.626
606964.941	1.624
606964.942	1.624
606964.955	1.624
606964.986	1.624
606964.987	1.623
606965.013	1.623
606965.029	1.621
606965.047	1.623
606965.059	1.623
606965.069	1.621
606965.101	1.621
606965.102	1.621
606965.129	1.621
606965.155	1.621
606965.156	1.620
606965.164	1.621
606965.190	1.620
606965.202	1.620
606965.234	1.620
606965.235	1.620
606965.259	1.618
606965.260	1.618
606965.285	1.618
606965.286	1.617
606965.315	1.617
606965.320	1.617
606965.330	1.617
606965.360	1.615
606965.361	1.615
606965.385	1.615
606965.395	1.615
606965.416	1.614
606965.428	1.615
606965.451	1.614
606965.489	1.612
606965.490	1.614
606965.492	1.612
606965.516	1.612
606965.518	1.612
606965.546	1.612
606965.565	1.611
606965.571	1.612
606965.601	1.611
606965.602	1.611
606965.621	1.611
606965.637	1.611
606965.651	1.610
606965.664	1.611
606965.686	1.610
606965.718	1.610
606965.719	1.608
606965.744	1.610
606965.745	1.608
606965.770	1.610
606965.785	1.608
606965.786	1.608
606965.834	1.608
606965.835	1.608
606965.844	1.607
606965.855	1.608
606965.865	1.607
606965.890	1.608
606965.895	1.607
606965.920	1.607
606965.951	1.607
606965.965	1.607
606965.966	1.607
606965.984	1.607
606966.011	1.605
606966.012	1.605
606966.026	1.605
606966.041	1.605
606966.080	1.605
606966.081	1.604
606966.082	1.604
606966.103	1.604
606966.116	1.604
606966.134	1.604
606966.148	1.602
606966.176	1.602
606966.202	1.601
606966.205	1.602
606966.206	1.601
606966.238	1.601
606966.239	1.601
606966.264	1.601
606966.275	1.601
606966.302	1.601
606966.328	1.599
606966.329	1.599
606966.345	1.599
606966.350	1.599
606966.375	1.599
606966.400	1.599
606966.401	1.599
606966.426	1.599
606966.446	1.598
606966.449	1.599
606966.463	1.598
606966.476	1.599
606966.499	1.598
606966.509	1.598
606966.544	1.598
606966.545	1.598
606966.566	1.596
606966.567	1.598
606966.586	1.596
606966.611	1.598
606966.612	1.596
606966.638	1.596
606966.663	1.596
606966.688	1.596
606966.690	1.596
606966.710	1.596
606966.721	1.595
606966.727	1.596
606966.743	1.595
606966.775	1.595
606966.776	1.593
606966.789	1.595
606966.811	1.595
606966.829	1.593
606966.834	1.593
606966.857	1.593
606966.859	1.592
606966.893	1.593
606966.910	1.593
606966.911	1.592
606966.936	1.592
606966.946	1.592
606966.960	1.590
606966.983	1.590
606966.986	1.590
606967.011	1.590
606967.039	1.589
606967.040	1.589
606967.064	1.590
606967.071	1.589
606967.097	1.589
606967.099	1.589
606967.124	1.589
606967.149	1.589
606967.150	1.588
606967.166	1.588
606967.185	1.589
606967.195	1.589
606967.210	1.588
606967.236	1.588
606967.237	1.586
606967.264	1.588
606967.265	1.586
606967.289	1.586
606967.309	1.586
606967.319	1.586
606967.344	1.586
606967.379	1.586
606967.380	1.585
606967.384	1.585
606967.409	1.585
606967.410	1.585
606967.441	1.585
606967.442	1.583
606967.468	1.583
606967.493	1.583
606967.513	1.583
606967.514	1.583
606967.530	1.582
606967.549	1.583
606967.565	1.582
606967.575	1.583
606967.607	1.582
606967.608	1.582
606967.620	1.582
606967.633	1.580
606967.661	1.580
606967.686	1.580
606967.689	1.579
606967.731	1.580
606967.732	1.580
606967.734	1.579
606967.750	1.579
606967.757	1.579
606967.776	1.579
606967.787	1.579
606967.815	1.577
606967.844	1.577
606967.845	1.577
606967.857	1.577
606967.864	1.577
606967.883	1.576
606967.898	1.576
606967.917	1.576
606967.928	1.576
606967.956	1.576
606967.970	1.576
606967.976	1.574
606967.986	1.574
606968.016	1.574
606968.031	1.574
606968.039	1.574
606968.085	1.574
606968.086	1.573
606968.094	1.573
606968.102	1.573
606968.118	1.574
606968.139	1.573
606968.140	1.571
606968.165	1.573
606968.190	1.571
606968.216	1.571
606968.217	1.570
606968.231	1.571
606968.240	1.571
606968.264	1.570
606968.283	1.570
606968.308	1.570
606968.334	1.570
606968.335	1.570
606968.356	1.570
606968.357	1.570
606968.374	1.568
606968.385	1.570
606968.403	1.570
606968.431	1.568
606968.442	1.568
606968.444	1.567
606968.465	1.567
606968.479	1.568
606968.496	1.568
606968.523	1.567
606968.564	1.568
606968.565	1.567
606968.566	1.567
606968.573	1.567
606968.599	1.567
606968.600	1.566
606968.625	1.566
606968.633	1.566
606968.665	1.564
606968.666	1.564
606968.690	1.566
606968.703	1.564
606968.714	1.563
606968.728	1.563
606968.738	1.563
606968.758	1.563
606968.783	1.563
606968.800	1.563
606968.814	1.561
606968.822	1.563
606968.841	1.563
606968.859	1.561
606968.860	1.561
606968.888	1.561
606968.913	1.560
606968.914	1.560
606968.944	1.560
606968.960	1.560
606968.961	1.560
606968.976	1.560
606968.985	1.560
606969.014	1.560
606969.015	1.560
606969.040	1.558
606969.052	1.560
606969.077	1.558
606969.079	1.558
606969.104	1.558
606969.137	1.560
606969.139	1.557
606969.162	1.557
606969.164	1.558
606969.183	1.557
606969.196	1.557
606969.210	1.557
606969.241	1.557
606969.242	1.555
606969.268	1.557
606969.286	1.555
606969.287	1.555
606969.308	1.555
606969.325	1.555
606969.341	1.554
606969.371	1.554
606969.383	1.554
606969.388	1.554
606969.396	1.554
606969.420	1.554
606969.439	1.552
606969.444	1.552
606969.465	1.552
606969.495	1.552
606969.504	1.551
606969.505	1.552
606969.531	1.551
606969.542	1.552
606969.559	1.551
606969.584	1.551
606969.585	1.549
606969.610	1.551
606969.611	1.549
606969.635	1.549
606969.659	1.551
606969.660	1.549
606969.675	1.549
606969.700	1.549
606969.741	1.549
606969.742	1.549
606969.745	1.548
606969.760	1.549
606969.780	1.549
606969.790	1.548
606969.804	1.548
606969.830	1.548
606969.831	1.547
606969.858	1.547
606969.859	1.547
606969.881	1.547
606969.909	1.547
606969.910	1.545
606969.939	1.547
606969.964	1.545
606969.965	1.545
606969.985	1.547
606969.998	1.545
606970.008	1.545
606970.029	1.545
606970.042	1.544
606970.076	1.544
606970.077	1.545
606970.100	1.544
606970.101	1.544
606970.130	1.544
606970.131	1.544
606970.148	1.544
606970.168	1.542
606970.195	1.542
606970.196	1.542
606970.229	1.542
606970.230	1.541
606970.255	1.542
606970.256	1.542
606970.268	1.541
606970.293	1.542
606970.327	1.541
606970.333	1.541
606970.341	1.541
606970.358	1.541
606970.373	1.541
606970.383	1.541
606970.411	1.539
606970.447	1.539
606970.449	1.539
606970.450	1.539
606970.467	1.539
606970.481	1.539
606970.493	1.538
606970.508	1.539
606970.518	1.539
606970.555	1.538
606970.563	1.538
606970.584	1.538
606970.591	1.538
606970.603	1.538
606970.616	1.538
606970.635	1.538
606970.646	1.538
606970.679	1.538
606970.680	1.536
606970.710	1.536
606970.714	1.536
606970.729	1.536
606970.754	1.536
606970.755	1.536
606970.785	1.536
606970.786	1.538
606970.814	1.536
606970.823	1.536
606970.829	1.536
606970.854	1.535
606970.882	1.536
606970.883	1.536
606970.915	1.535
606970.916	1.535
606970.937	1.536
606970.946	1.536
606970.955	1.533
606970.983	1.535
606971.006	1.533
606971.039	1.535
606971.040	1.533
606971.044	1.535
606971.052	1.533
606971.076	1.535
606971.089	1.533
606971.106	1.533
606971.111	1.533
606971.140	1.533
606971.142	1.533
606971.165	1.533
606971.179	1.533
606971.204	1.533
606971.205	1.532
606971.234	1.533
606971.235	1.532
606971.261	1.532
606971.279	1.532
606971.291	1.532
606971.311	1.532
606971.325	1.532
606971.331	1.532
606971.354	1.530
606971.380	1.532
606971.396	1.530
606971.401	1.530
606971.415	1.530
606971.425	1.530
606971.446	1.530
606971.460	1.530
606971.478	1.529
606971.502	1.529
606971.545	1.529
606971.546	1.529
606971.547	1.529
606971.561	1.529
606971.574	1.529
606971.581	1.529
606971.613	1.529
606971.643	1.527
606971.644	1.529
606971.646	1.527
606971.663	1.527
606971.680	1.527
606971.704	1.527
606971.705	1.527
606971.736	1.527
606971.737	1.526
606971.761	1.526
606971.786	1.526
606971.794	1.526
606971.808	1.526
606971.820	1.525
606971.860	1.525
606971.861	1.525
606971.875	1.525
606971.888	1.525
606971.894	1.525
606971.913	1.525
606971.940	1.523
606971.941	1.523
606971.966	1.523
606971.991	1.523
606971.996	1.522
606972.009	1.523
606972.020	1.522
606972.044	1.523
606972.060	1.522
606972.090	1.523
606972.107	1.522
606972.111	1.522
606972.123	1.522
606972.148	1.522
606972.149	1.520
606972.169	1.522
606972.202	1.520
606972.204	1.520
606972.225	1.520
606972.226	1.520
606972.245	1.520
606972.259	1.519
606972.269	1.519
606972.291	1.520
606972.329	1.519
606972.330	1.519
606972.346	1.519
606972.347	1.519
606972.373	1.519
606972.383	1.519
606972.402	1.517
606972.419	1.517
606972.445	1.517
606972.446	1.517
606972.463	1.517
606972.488	1.517
606972.501	1.516
606972.510	1.517
606972.524	1.517
606972.554	1.516
606972.575	1.516
606972.576	1.516
606972.591	1.514
606972.608	1.516
606972.621	1.514
606972.636	1.514
606972.660	1.514
606972.661	1.514
606972.687	1.513
606972.697	1.514
606972.719	1.513
606972.729	1.513
606972.744	1.514
606972.758	1.513
606972.794	1.511
606972.795	1.513
606972.829	1.511
606972.852	1.511
606972.854	1.511
606972.855	1.511
606972.875	1.511
606972.884	1.511
606972.912	1.510
606972.914	1.511
606972.937	1.510
606972.944	1.510
606972.976	1.510
606972.977	1.510
606972.988	1.508
606973.011	1.508
606973.041	1.508
606973.042	1.508
606973.056	1.508
606973.071	1.508
606973.081	1.507
606973.100	1.508
606973.114	1.507
606973.145	1.507
606973.146	1.505
606973.171	1.507
606973.181	1.505
606973.196	1.505
606973.205	1.505
606973.238	1.505
606973.250	1.504
606973.278	1.505
606973.295	1.504
606973.296	1.504
606973.314	1.503
606973.319	1.504
606973.345	1.503
606973.350	1.503
606973.375	1.503
606973.401	1.503
606973.402	1.501
606973.437	1.503
606973.442	1.501
606973.464	1.501
606973.465	1.498
606973.480	1.495
606973.508	1.491
606973.509	1.488
606973.530	1.484
606973.540	1.481
606973.551	1.475
606973.584	1.473
606973.593	1.470
606973.634	1.467
606973.635	1.462
606973.640	1.456
606973.644	1.448
606973.669	1.444
606973.687	1.440
606973.697	1.432
606973.716	1.428
606973.750	1.423
606973.751	1.421
606973.758	1.421
606973.784	1.419
606973.785	1.418
606973.810	1.415
606973.820	1.413
606973.853	1.412
606973.855	1.412
606973.886	1.410
606973.894	1.409
606973.903	1.409
606973.919	1.407
606973.936	1.406
606973.946	1.406
606973.971	1.404
606974.005	1.404
606974.006	1.404
606974.009	1.406
606974.025	1.406
606974.042	1.404
606974.071	1.401
606974.096	1.400
606974.118	1.397
606974.119	1.396
606974.125	1.391
606974.140	1.388
606974.141	1.385
606974.168	1.385
606974.189	1.385
606974.193	1.385
606974.220	1.385
606974.231	1.385
606974.246	1.360
606974.258	1.358
606974.276	1.356
606974.290	1.356
606974.301	1.354
606974.336	1.354
606974.343	1.353
606974.360	1.352
606974.366	1.352
606974.391	1.352
606974.405	1.351
606974.419	1.352
606974.461	1.358
606974.462	1.364
606974.464	1.365
606974.478	1.369
606974.488	1.376
606974.518	1.383
606974.519	1.386
606974.544	1.387
606974.545	1.387
606974.574	1.388
606974.589	1.389
606974.608	1.391
606974.621	1.390
606974.634	1.390
606974.659	1.389
606974.662	1.389
606974.685	1.391
606974.710	1.395
606974.740	1.395
606974.741	1.397
606974.747	1.395
606974.763	1.394
606974.776	1.392
606974.808	1.390
606974.819	1.389
606974.820	1.389
606974.841	1.387
606974.858	1.387
606974.884	1.388
606974.889	1.391
606974.890	1.393
606974.928	1.394
606974.929	1.396
606974.946	1.397
606974.958	1.397
606974.976	1.397
606974.990	1.397
606975.014	1.397
606975.044	1.397
606975.060	1.397
606975.061	1.395
606975.071	1.395
606975.082	1.395
606975.108	1.394
606975.109	1.393
606975.134	1.394
606975.167	1.394
606975.169	1.395
606975.182	1.395
606975.201	1.395
606975.202	1.394
606975.228	1.394
606975.238	1.393
606975.258	1.393
606975.288	1.393
606975.289	1.394
606975.296	1.394
606975.325	1.394
606975.366	1.394
606975.367	1.394
606975.372	1.394
606975.401	1.395
606975.415	1.394
606975.421	1.394
606975.429	1.394
606975.446	1.396
606975.474	1.396
606975.475	1.397
606975.516	1.397
606975.518	1.398
606975.525	1.398
606975.539	1.398
606975.566	1.397
606975.575	1.397
606975.603	1.397
606975.606	1.397
606975.641	1.397
606975.643	1.397
606975.656	1.397
606975.660	1.397
606975.680	1.395
606975.697	1.394
606975.723	1.394
606975.730	1.395
606975.755	1.394
606975.756	1.394
606975.780	1.393
606975.789	1.393
606975.814	1.393
606975.824	1.392
606975.844	1.392
606975.874	1.391
606975.885	1.391
606975.900	1.391
606975.901	1.390
606975.916	1.390
606975.941	1.389
606975.946	1.389
606975.958	1.389
606975.983	1.389
606976.023	1.389
606976.024	1.389
606976.038	1.388
606976.039	1.388
606976.051	1.387
606976.076	1.386
606976.081	1.386
606976.120	1.387
606976.121	1.385
606976.136	1.384
606976.149	1.384
606976.173	1.386
606976.174	1.388
606976.231	1.389
606976.232	1.389
606976.234	1.389
606976.255	1.389
606976.256	1.390
606976.278	1.390
606976.288	1.391
606976.319	1.392
606976.320	1.392
606976.346	1.391
606976.355	1.391
606976.373	1.391
606976.382	1.392
606976.408	1.392
606976.413	1.392
606976.423	1.392
606976.447	1.394
606976.470	1.395
606976.478	1.395
606976.488	1.395
606976.513	1.396
606976.521	1.396
606976.540	1.396
606976.554	1.395
606976.583	1.397
606976.590	1.397
606976.605	1.398
606976.633	1.397
606976.634	1.398
606976.647	1.398
606976.672	1.399
606976.673	1.399
606976.697	1.399
606976.716	1.400
606976.726	1.401
606976.751	1.401
606976.755	1.401
606976.774	1.401
606976.793	1.402
606976.821	1.403
606976.823	1.405
606976.830	1.405
606976.851	1.405
606976.880	1.405
606976.894	1.406
606976.906	1.405
606976.951	1.405
606976.952	1.405
606976.954	1.406
606976.956	1.406
606976.983	1.406
606976.991	1.405
606977.009	1.406
606977.024	1.408
606977.057	1.410
606977.059	1.410
606977.071	1.413
606977.084	1.413
606977.109	1.415
606977.110	1.417
606977.140	1.420
606977.170	1.424
606977.171	1.427
606977.185	1.428
606977.204	1.429
606977.220	1.429
606977.221	1.430
606977.271	1.430
606977.273	1.431
606977.297	1.430
606977.299	1.431
606977.329	1.430
606977.330	1.430
606977.343	1.429
606977.361	1.429
606977.375	1.426
606977.381	1.426
606977.412	1.425
606977.414	1.425
606977.423	1.424
606977.446	1.424
606977.456	1.423
606977.481	1.423
606977.488	1.421
606977.528	1.422
606977.534	1.421
606977.535	1.422
606977.547	1.421
606977.573	1.421
606977.593	1.421
606977.603	1.421
606977.615	1.421
606977.650	1.421
606977.651	1.421
606977.680	1.422
606977.685	1.421
606977.699	1.421
606977.708	1.421
606977.733	1.421
606977.739	1.421
606977.770	1.421
606977.771	1.421
606977.796	1.421
606977.798	1.421
606977.823	1.421
606977.840	1.421
606977.850	1.421
606977.879	1.421
606977.880	1.421
606977.913	1.421
606977.937	1.421
606977.939	1.421
606977.944	1.421
606977.965	1.422
606978.002	1.421
606978.004	1.421
606978.009	1.421
606978.045	1.421
606978.052	1.421
606978.053	1.421
606978.078	1.421
606978.083	1.421
606978.121	1.422
606978.122	1.421
606978.133	1.421
606978.154	1.422
606978.164	1.422
606978.176	1.422
606978.201	1.422
606978.202	1.421
606978.233	1.422
606978.234	1.422
606978.256	1.422
606978.268	1.422
606978.295	1.422
606978.296	1.422
606978.321	1.423
606978.346	1.422
606978.365	1.422
606978.366	1.422
606978.385	1.422
606978.409	1.423
606978.420	1.422
606978.433	1.422
606978.446	1.422
606978.479	1.421
606978.480	1.421
606978.486	1.422
606978.510	1.421
606978.538	1.422
606978.539	1.422
606978.568	1.421
606978.569	1.421
606978.594	1.421
606978.619	1.422
606978.625	1.421
606978.635	1.421
606978.653	1.421
606978.664	1.421
606978.673	1.421
606978.705	1.421
606978.725	1.420
606978.726	1.421
606978.754	1.421
606978.767	1.421
606978.791	1.420
606978.792	1.420
606978.827	1.420
606978.829	1.420
606978.838	1.419
606978.851	1.419
606978.871	1.419
606978.885	1.420
606978.905	1.420
606978.919	1.420
606978.920	1.419
606978.954	1.420
606978.968	1.420
606978.976	1.420
606979.001	1.419
606979.004	1.419
606979.030	1.419
606979.063	1.419
606979.064	1.418
606979.073	1.418
606979.094	1.419
606979.103	1.419
606979.113	1.418
606979.139	1.418
606979.147	1.417
606979.178	1.418
606979.179	1.417
606979.218	1.417
606979.219	1.417
606979.244	1.417
606979.245	1.417
606979.258	1.417
606979.290	1.417
606979.292	1.417
606979.313	1.417
606979.323	1.416
606979.344	1.416
606979.350	1.415
606979.391	1.415
606979.392	1.416
606979.418	1.415
606979.429	1.415
606979.434	1.414
606979.447	1.414
606979.465	1.414
606979.479	1.414
606979.504	1.413
606979.505	1.413
606979.538	1.413
606979.539	1.413
606979.560	1.413
606979.570	1.412
606979.600	1.411
606979.601	1.412
606979.626	1.411
606979.663	1.410
606979.664	1.410
606979.665	1.410
606979.676	1.410
606979.701	1.409
606979.703	1.409
606979.733	1.409
606979.739	1.409
606979.765	1.409
606979.766	1.408
606979.788	1.408
606979.797	1.408
606979.825	1.408
606979.850	1.407
606979.851	1.407
606979.893	1.406
606979.894	1.407
606979.907	1.406
606979.915	1.406
606979.929	1.405
606979.953	1.406
606979.985	1.405
606979.986	1.405
606980.016	1.404
606980.017	1.405
606980.030	1.404
606980.039	1.404
606980.053	1.403
606980.076	1.403
606980.095	1.403
606980.101	1.404
606980.129	1.404
606980.138	1.404
606980.159	1.404
606980.160	1.404
606980.185	1.404
606980.199	1.404
606980.236	1.404
606980.238	1.403
606980.258	1.404
606980.259	1.404
606980.267	1.404
606980.293	1.404
606980.300	1.403
606980.324	1.404
606980.334	1.403
606980.360	1.403
606980.361	1.402
606980.383	1.403
606980.410	1.402
606980.411	1.402
606980.428	1.401
606980.458	1.402
606980.483	1.401
606980.484	1.401
606980.509	1.401
606980.519	1.401
606980.528	1.401
606980.538	1.401
606980.550	1.400
606980.575	1.400
606980.601	1.400
606980.615	1.400
606980.617	1.399
606980.635	1.399
606980.651	1.399
606980.666	1.399
606980.684	1.399
606980.720	1.398
606980.721	1.398
606980.731	1.398
606980.753	1.398
606980.754	1.398
606980.781	1.397
606980.786	1.397
606980.799	1.397
606980.829	1.397
606980.854	1.397
606980.855	1.397
606980.880	1.397
606980.885	1.397
606980.913	1.397
606980.914	1.396
606980.939	1.396
606980.964	1.396
606980.965	1.396
606980.976	1.396
606981.001	1.396
606981.009	1.396
606981.023	1.396
606981.040	1.396
606981.065	1.396
606981.085	1.397
606981.110	1.399
606981.111	1.402
606981.126	1.405
606981.135	1.405
606981.160	1.405
606981.161	1.402
606981.186	1.397
606981.203	1.394
606981.204	1.393
606981.229	1.390
606981.243	1.390
606981.259	1.389
606981.269	1.388
606981.299	1.386
606981.300	1.385
606981.318	1.382
606981.344	1.380
606981.353	1.376
606981.367	1.375
