Timestamp	GSR	2023-07-21 14:07:16.911	fs=64.0
261153.157	3.462
261153.177	3.462
261153.192	3.462
261153.224	3.463
261153.252	3.464
261153.254	3.466
261153.264	3.467
261153.270	3.469
261153.295	3.469
261153.299	3.470
261153.313	3.472
261153.337	3.473
261153.369	3.475
261153.370	3.478
261153.389	3.478
261153.395	3.481
261153.415	3.481
261153.446	3.484
261153.448	3.484
261153.472	3.488
261153.474	3.488
261153.494	3.489
261153.504	3.491
261153.522	3.492
261153.536	3.494
261153.561	3.498
261153.569	3.498
261153.604	3.501
261153.605	3.503
261153.627	3.507
261153.629	3.507
261153.646	3.510
261153.661	3.511
261153.680	3.514
261153.723	3.517
261153.729	3.519
261153.731	3.519
261153.741	3.522
261153.751	3.522
261153.776	3.525
261153.784	3.525
261153.811	3.527
261153.812	3.529
261153.837	3.532
261153.860	3.533
261153.869	3.536
261153.894	3.538
261153.899	3.541
261153.920	3.542
261153.921	3.545
261153.950	3.545
261153.962	3.549
261153.976	3.549
261153.986	3.552
261154.010	3.552
261154.017	3.555
261154.041	3.555
261154.076	3.558
261154.077	3.558
261154.102	3.560
261154.104	3.561
261154.124	3.564
261154.145	3.564
261154.146	3.567
261154.177	3.567
261154.179	3.568
261154.204	3.570
261154.211	3.571
261154.225	3.573
261154.244	3.573
261154.254	3.573
261154.270	3.574
261154.302	3.573
261154.304	3.576
261154.318	3.576
261154.334	3.577
261154.360	3.577
261154.370	3.579
261154.395	3.579
261154.396	3.583
261154.426	3.583
261154.427	3.586
261154.445	3.588
261154.461	3.590
261154.474	3.593
261154.499	3.596
261154.504	3.596
261154.535	3.601
261154.536	3.602
261154.555	3.607
261154.569	3.610
261154.595	3.611
261154.596	3.614
261154.621	3.618
261154.622	3.621
261154.651	3.626
261154.671	3.629
261154.685	3.634
261154.719	3.637
261154.720	3.642
261154.740	3.645
261154.741	3.649
261154.753	3.652
261154.782	3.656
261154.784	3.661
261154.802	3.665
261154.810	3.668
261154.839	3.673
261154.852	3.675
261154.866	3.680
261154.895	3.683
261154.896	3.687
261154.918	3.692
261154.922	3.696
261154.954	3.697
261154.967	3.703
261154.977	3.706
261155.002	3.711
261155.004	3.714
261155.034	3.721
261155.041	3.722
261155.065	3.725
261155.066	3.727
261155.094	3.730
261155.095	3.733
261155.120	3.736
261155.146	3.737
261155.161	3.741
261155.171	3.743
261155.179	3.747
261155.192	3.750
261155.210	3.753
261155.226	3.755
261155.259	3.759
261155.261	3.759
261155.271	3.762
261155.302	3.762
261155.304	3.763
261155.314	3.765
261155.335	3.768
261155.361	3.766
261155.362	3.769
261155.387	3.769
261155.409	3.772
261155.410	3.771
261155.426	3.774
261155.450	3.772
261155.465	3.775
261155.491	3.775
261155.492	3.777
261155.506	3.779
261155.517	3.779
261155.539	3.778
261155.552	3.779
261155.570	3.778
261155.597	3.778
261155.599	3.778
261155.631	3.781
261155.642	3.784
261155.649	3.784
261155.665	3.787
261155.684	3.787
261155.689	3.788
261155.716	3.790
261155.735	3.788
261155.736	3.790
261155.761	3.787
261155.772	3.790
261155.786	3.787
261155.810	3.788
261155.811	3.787
261155.840	3.787
261155.841	3.785
261155.866	3.785
261155.876	3.784
261155.904	3.782
261155.920	3.779
261155.921	3.779
261155.953	3.777
261155.954	3.775
261155.975	3.774
261156.001	3.774
261156.016	3.771
261156.022	3.771
261156.076	3.768
261156.077	3.768
261156.092	3.763
261156.094	3.763
261156.104	3.760
261156.126	3.760
261156.127	3.758
261156.152	3.758
261156.155	3.753
261156.184	3.755
261156.185	3.752
261156.215	3.752
261156.235	3.752
261156.236	3.752
261156.260	3.749
261156.274	3.749
261156.316	3.746
261156.318	3.744
261156.326	3.741
261156.335	3.741
261156.346	3.738
261156.370	3.737
261156.375	3.734
261156.400	3.734
261156.406	3.731
261156.440	3.730
261156.441	3.727
261156.466	3.727
261156.475	3.724
261156.494	3.722
261156.507	3.721
261156.517	3.722
261156.549	3.719
261156.550	3.719
261156.573	3.716
261156.591	3.715
261156.597	3.712
261156.622	3.712
261156.650	3.709
261156.651	3.709
261156.676	3.706
261156.677	3.706
261156.700	3.703
261156.712	3.703
261156.732	3.700
261156.742	3.699
261156.774	3.699
261156.775	3.697
261156.792	3.697
261156.802	3.697
261156.812	3.695
261156.835	3.696
261156.845	3.696
261156.864	3.697
261156.877	3.696
261156.906	3.696
261156.916	3.695
261156.922	3.693
261156.948	3.692
261156.965	3.692
261156.979	3.689
261157.010	3.689
261157.011	3.686
261157.036	3.684
261157.037	3.683
261157.062	3.683
261157.070	3.680
261157.086	3.680
261157.101	3.680
261157.114	3.678
261157.139	3.675
261157.154	3.675
261157.170	3.673
261157.179	3.674
261157.190	3.671
261157.214	3.671
261157.231	3.670
261157.257	3.670
261157.259	3.668
261157.284	3.668
261157.285	3.665
261157.309	3.665
261157.310	3.664
261157.339	3.665
261157.374	3.662
261157.375	3.664
261157.389	3.661
261157.396	3.662
261157.415	3.661
261157.424	3.661
261157.443	3.658
261157.467	3.659
261157.497	3.658
261157.499	3.659
261157.507	3.658
261157.521	3.658
261157.540	3.656
261157.574	3.658
261157.575	3.656
261157.606	3.658
261157.607	3.656
261157.624	3.656
261157.635	3.655
261157.647	3.658
261157.656	3.656
261157.681	3.656
261157.701	3.656
261157.730	3.658
261157.745	3.656
261157.746	3.658
261157.756	3.656
261157.781	3.659
261157.791	3.658
261157.809	3.658
261157.810	3.658
261157.854	3.659
261157.855	3.659
261157.862	3.659
261157.887	3.658
261157.896	3.659
261157.921	3.659
261157.922	3.659
261157.966	3.659
261157.981	3.661
261157.982	3.659
261158.015	3.661
261158.016	3.659
261158.017	3.661
261158.045	3.659
261158.061	3.661
261158.090	3.659
261158.091	3.661
261158.097	3.659
261158.124	3.659
261158.125	3.659
261158.150	3.659
261158.166	3.659
261158.175	3.661
261158.200	3.659
261158.211	3.661
261158.229	3.662
261158.242	3.661
261158.265	3.662
261158.270	3.664
261158.294	3.662
261158.324	3.664
261158.333	3.662
261158.334	3.662
261158.360	3.662
261158.361	3.662
261158.386	3.661
261158.407	3.664
261158.439	3.662
261158.440	3.664
261158.448	3.662
261158.466	3.662
261158.476	3.662
261158.487	3.664
261158.512	3.662
261158.514	3.664
261158.555	3.662
261158.556	3.664
261158.581	3.664
261158.607	3.662
261158.609	3.662
261158.621	3.664
261158.641	3.664
261158.642	3.665
261158.669	3.664
261158.691	3.667
261158.697	3.667
261158.712	3.668
261158.732	3.671
261158.745	3.673
261158.771	3.673
261158.772	3.677
261158.799	3.677
261158.800	3.678
261158.815	3.683
261158.840	3.683
261158.841	3.684
261158.871	3.687
261158.872	3.689
261158.897	3.693
261158.919	3.695
261158.920	3.699
261158.946	3.700
261158.970	3.703
261158.976	3.706
261158.986	3.711
261159.015	3.711
261159.016	3.715
261159.041	3.716
261159.057	3.721
261159.071	3.722
261159.088	3.725
261159.097	3.728
261159.122	3.730
261159.149	3.728
261159.155	3.730
261159.170	3.730
261159.196	3.733
261159.197	3.733
261159.220	3.737
261159.231	3.737
261159.264	3.741
261159.265	3.743
261159.277	3.747
261159.284	3.747
261159.305	3.750
261159.319	3.752
261159.343	3.756
261159.344	3.758
261159.372	3.759
261159.374	3.760
261159.399	3.765
261159.407	3.769
261159.422	3.771
261159.447	3.771
261159.471	3.774
261159.477	3.775
261159.502	3.778
261159.504	3.778
261159.524	3.781
261159.541	3.784
261159.565	3.784
261159.566	3.785
261159.590	3.785
261159.620	3.785
261159.621	3.787
261159.636	3.788
261159.646	3.791
261159.671	3.791
261159.680	3.794
261159.705	3.794
261159.706	3.796
261159.736	3.794
261159.750	3.797
261159.760	3.796
261159.771	3.797
261159.796	3.797
261159.797	3.797
261159.837	3.797
261159.839	3.797
261159.871	3.796
261159.872	3.796
261159.890	3.794
261159.899	3.796
261159.917	3.796
261159.919	3.794
261159.942	3.793
261159.973	3.793
261159.987	3.791
261159.995	3.791
261160.010	3.790
261160.016	3.791
261160.040	3.788
261160.061	3.788
261160.070	3.787
261160.095	3.785
261160.096	3.784
261160.116	3.784
261160.129	3.782
261160.153	3.781
261160.161	3.779
261160.188	3.778
261160.220	3.777
261160.221	3.777
261160.234	3.774
261160.242	3.774
261160.254	3.772
261160.272	3.772
261160.286	3.769
261160.321	3.769
261160.322	3.766
261160.341	3.766
261160.362	3.765
261160.364	3.763
261160.385	3.762
261160.396	3.762
261160.420	3.760
261160.421	3.759
261160.452	3.758
261160.479	3.758
261160.504	3.756
261160.505	3.756
261160.507	3.755
261160.520	3.755
261160.544	3.753
261160.570	3.752
261160.571	3.750
261160.581	3.753
261160.606	3.752
261160.633	3.753
261160.634	3.753
261160.646	3.753
261160.677	3.752
261160.679	3.752
261160.704	3.750
261160.705	3.750
261160.724	3.750
261160.739	3.750
261160.764	3.750
261160.774	3.752
261160.801	3.752
261160.812	3.750
261160.821	3.749
261160.835	3.752
261160.849	3.752
261160.865	3.753
261160.895	3.752
261160.896	3.755
261160.929	3.755
261160.930	3.756
261160.949	3.756
261160.964	3.756
261160.975	3.756
261160.995	3.759
261161.009	3.758
261161.034	3.760
261161.045	3.759
261161.057	3.762
261161.071	3.762
261161.098	3.762
261161.122	3.762
261161.150	3.765
261161.176	3.765
261161.177	3.766
261161.179	3.766
261161.180	3.769
261161.204	3.769
261161.209	3.771
261161.221	3.771
261161.246	3.771
261161.277	3.772
261161.279	3.774
261161.288	3.774
261161.311	3.774
261161.312	3.774
261161.337	3.775
261161.367	3.775
261161.369	3.777
261161.401	3.777
261161.403	3.778
261161.415	3.777
261161.439	3.779
261161.440	3.777
261161.466	3.778
261161.477	3.778
261161.502	3.778
261161.504	3.777
261161.525	3.778
261161.536	3.777
261161.559	3.778
261161.569	3.777
261161.593	3.777
261161.602	3.777
261161.634	3.777
261161.642	3.777
261161.645	3.777
261161.672	3.777
261161.676	3.777
261161.702	3.775
261161.714	3.775
261161.746	3.774
261161.747	3.774
261161.774	3.772
261161.799	3.774
261161.805	3.772
261161.806	3.772
261161.817	3.771
261161.836	3.771
261161.865	3.769
261161.866	3.769
261161.877	3.766
261161.897	3.766
261161.907	3.765
261161.921	3.765
261161.950	3.763
261161.976	3.762
261161.977	3.760
261161.996	3.760
261162.010	3.759
261162.019	3.758
261162.045	3.756
261162.053	3.756
261162.076	3.755
261162.111	3.753
261162.112	3.750
261162.114	3.750
261162.135	3.750
261162.147	3.749
261162.156	3.746
261162.183	3.744
261162.219	3.744
261162.220	3.744
261162.226	3.741
261162.244	3.741
261162.259	3.740
261162.270	3.738
261162.295	3.736
261162.303	3.736
261162.313	3.734
261162.343	3.733
261162.360	3.733
261162.361	3.731
261162.391	3.730
261162.392	3.728
261162.415	3.728
261162.434	3.727
261162.460	3.727
261162.461	3.724
261162.472	3.725
261162.498	3.724
261162.514	3.722
261162.527	3.721
261162.540	3.718
261162.575	3.718
261162.576	3.716
261162.596	3.715
261162.597	3.714
261162.614	3.714
261162.625	3.712
261162.650	3.711
261162.669	3.709
261162.700	3.709
261162.702	3.706
261162.707	3.708
261162.731	3.706
261162.741	3.703
261162.751	3.702
261162.772	3.702
261162.786	3.700
261162.815	3.700
261162.816	3.697
261162.842	3.697
261162.844	3.696
261162.869	3.696
261162.885	3.695
261162.902	3.695
261162.927	3.692
261162.943	3.692
261162.944	3.690
261162.964	3.690
261162.978	3.690
261162.999	3.689
261163.006	3.687
261163.032	3.686
261163.034	3.683
261163.060	3.683
261163.085	3.683
261163.086	3.683
261163.100	3.681
261163.124	3.680
261163.125	3.678
261163.168	3.678
261163.169	3.677
261163.176	3.677
261163.196	3.677
261163.214	3.675
261163.224	3.674
261163.239	3.674
261163.267	3.673
261163.296	3.671
261163.305	3.670
261163.315	3.670
261163.316	3.670
261163.337	3.668
261163.345	3.667
261163.370	3.667
261163.371	3.665
261163.400	3.665
261163.419	3.664
261163.435	3.665
261163.449	3.662
261163.456	3.661
261163.480	3.661
261163.486	3.661
261163.517	3.658
261163.519	3.658
261163.537	3.656
261163.551	3.658
261163.571	3.656
261163.580	3.655
261163.604	3.653
261163.610	3.655
261163.647	3.652
261163.649	3.652
261163.675	3.653
261163.695	3.652
261163.704	3.649
261163.712	3.651
261163.729	3.648
261163.760	3.648
261163.761	3.646
261163.769	3.648
261163.794	3.646
261163.805	3.645
261163.814	3.645
261163.836	3.645
261163.861	3.645
261163.862	3.645
261163.884	3.642
261163.897	3.643
261163.921	3.642
261163.943	3.643
261163.944	3.642
261163.969	3.642
261163.970	3.642
261164.000	3.642
261164.001	3.642
261164.022	3.640
261164.041	3.639
261164.056	3.639
261164.071	3.637
261164.109	3.637
261164.110	3.636
261164.117	3.637
261164.139	3.636
261164.146	3.636
261164.165	3.634
261164.181	3.634
261164.191	3.633
261164.216	3.634
261164.218	3.633
261164.240	3.633
261164.252	3.632
261164.277	3.632
261164.286	3.630
261164.317	3.632
261164.349	3.629
261164.350	3.630
261164.370	3.630
261164.371	3.629
261164.386	3.627
261164.396	3.629
261164.416	3.627
261164.438	3.627
261164.473	3.627
261164.474	3.626
261164.481	3.624
261164.496	3.626
261164.510	3.624
261164.516	3.624
261164.540	3.623
261164.574	3.624
261164.575	3.623
261164.599	3.624
261164.600	3.623
261164.620	3.623
261164.621	3.623
261164.651	3.623
261164.676	3.623
261164.676	3.623
261164.705	3.623
261164.706	3.624
261164.717	3.623
261164.742	3.624
261164.764	3.624
261164.777	3.624
261164.802	3.626
261164.804	3.624
261164.829	3.626
261164.835	3.626
261164.844	3.626
261164.869	3.627
261164.886	3.626
261164.900	3.627
261164.915	3.627
261164.942	3.629
261164.968	3.627
261164.991	3.629
261164.993	3.629
261164.995	3.630
261165.009	3.630
261165.017	3.630
261165.042	3.629
261165.065	3.632
261165.066	3.630
261165.090	3.632
261165.104	3.630
261165.117	3.632
261165.127	3.632
261165.182	3.633
261165.184	3.633
261165.184	3.632
261165.200	3.632
261165.209	3.633
261165.248	3.633
261165.261	3.633
261165.290	3.633
261165.291	3.633
261165.307	3.633
261165.317	3.632
261165.330	3.633
261165.359	3.633
261165.374	3.633
261165.384	3.633
261165.414	3.633
261165.415	3.632
261165.442	3.633
261165.444	3.633
261165.470	3.633
261165.484	3.633
261165.490	3.633
261165.515	3.632
261165.540	3.633
261165.541	3.632
261165.551	3.633
261165.575	3.632
261165.605	3.632
261165.606	3.630
261165.616	3.632
261165.650	3.632
261165.665	3.632
261165.666	3.630
261165.681	3.632
261165.691	3.632
261165.721	3.632
261165.722	3.632
261165.774	3.630
261165.775	3.630
261165.790	3.632
261165.790	3.632
261165.813	3.630
261165.823	3.629
261165.833	3.630
261165.850	3.630
261165.886	3.630
261165.887	3.629
261165.900	3.629
261165.914	3.629
261165.922	3.630
261165.940	3.627
261165.959	3.629
261165.969	3.627
261165.999	3.629
261166.000	3.627
261166.021	3.629
261166.035	3.626
261166.059	3.627
261166.080	3.627
261166.086	3.626
261166.111	3.624
261166.112	3.626
261166.137	3.624
261166.154	3.626
261166.161	3.623
261166.184	3.624
261166.194	3.623
261166.239	3.624
261166.240	3.623
261166.266	3.624
261166.282	3.621
261166.285	3.623
261166.286	3.621
261166.308	3.621
261166.317	3.620
261166.329	3.620
261166.363	3.620
261166.370	3.620
261166.384	3.618
261166.398	3.618
261166.415	3.618
261166.429	3.618
261166.443	3.617
261166.471	3.615
261166.489	3.615
261166.490	3.615
261166.521	3.614
261166.522	3.614
261166.535	3.612
261166.564	3.612
261166.565	3.611
261166.590	3.611
261166.591	3.610
261166.617	3.610
261166.626	3.610
261166.655	3.608
261166.662	3.607
261166.683	3.607
261166.716	3.607
261166.720	3.607
261166.721	3.607
261166.745	3.605
261166.760	3.604
261166.781	3.604
261166.789	3.605
261166.802	3.604
261166.831	3.602
261166.832	3.602
261166.850	3.602
261166.880	3.602
261166.881	3.602
261166.896	3.601
261166.915	3.601
261166.946	3.601
261166.947	3.601
261166.959	3.599
261166.981	3.599
261166.994	3.599
261167.013	3.599
261167.023	3.598
261167.041	3.598
261167.071	3.598
261167.072	3.598
261167.085	3.598
261167.095	3.598
261167.114	3.596
261167.139	3.596
261167.151	3.598
261167.180	3.596
261167.181	3.596
261167.195	3.598
261167.214	3.598
261167.228	3.598
261167.260	3.596
261167.271	3.596
261167.304	3.596
261167.305	3.596
261167.313	3.596
261167.319	3.598
261167.334	3.596
261167.349	3.598
261167.371	3.598
261167.385	3.596
261167.420	3.596
261167.421	3.598
261167.431	3.598
261167.446	3.599
261167.464	3.598
261167.477	3.599
261167.490	3.601
261167.529	3.601
261167.530	3.601
261167.555	3.601
261167.556	3.601
261167.571	3.604
261167.585	3.601
261167.599	3.602
261167.622	3.602
261167.627	3.604
261167.661	3.604
261167.679	3.605
261167.681	3.604
261167.694	3.605
261167.713	3.605
261167.735	3.607
261167.746	3.607
261167.776	3.607
261167.785	3.607
261167.787	3.610
261167.808	3.608
261167.819	3.610
261167.834	3.608
261167.850	3.611
261167.889	3.611
261167.890	3.611
261167.906	3.610
261167.914	3.611
261167.937	3.612
261167.939	3.612
261167.964	3.610
261167.980	3.612
261168.013	3.612
261168.014	3.612
261168.019	3.611
261168.031	3.611
261168.060	3.611
261168.074	3.612
261168.084	3.611
261168.114	3.611
261168.115	3.610
261168.134	3.612
261168.160	3.611
261168.175	3.612
261168.185	3.611
261168.194	3.612
261168.215	3.612
261168.252	3.612
261168.256	3.611
261168.257	3.612
261168.272	3.614
261168.288	3.612
261168.302	3.612
261168.319	3.612
261168.332	3.612
261168.361	3.614
261168.375	3.612
261168.381	3.614
261168.403	3.612
261168.411	3.614
261168.424	3.614
261168.441	3.614
261168.457	3.612
261168.485	3.614
261168.486	3.614
261168.510	3.614
261168.526	3.614
261168.527	3.612
261168.553	3.612
261168.586	3.614
261168.611	3.614
261168.612	3.614
261168.614	3.612
261168.634	3.614
261168.656	3.612
261168.662	3.612
261168.679	3.612
261168.692	3.612
261168.722	3.612
261168.728	3.614
261168.748	3.611
261168.759	3.612
261168.769	3.611
261168.796	3.614
261168.797	3.611
261168.822	3.612
261168.847	3.612
261168.849	3.612
261168.870	3.612
261168.887	3.611
261168.906	3.610
261168.912	3.611
261168.924	3.611
261168.950	3.611
261168.975	3.608
261168.976	3.611
261169.006	3.610
261169.007	3.611
261169.021	3.608
261169.031	3.607
261169.071	3.607
261169.072	3.607
261169.085	3.605
261169.095	3.605
261169.122	3.605
261169.124	3.605
261169.150	3.604
261169.165	3.604
261169.194	3.601
261169.195	3.602
261169.214	3.604
261169.225	3.602
261169.251	3.599
261169.263	3.599
261169.279	3.599
261169.310	3.599
261169.311	3.598
261169.320	3.598
261169.334	3.598
261169.352	3.596
261169.366	3.595
261169.388	3.595
261169.400	3.592
261169.434	3.592
261169.435	3.592
261169.460	3.592
261169.461	3.589
261169.479	3.590
261169.490	3.589
261169.515	3.589
261169.520	3.588
261169.549	3.585
261169.550	3.585
261169.579	3.585
261169.580	3.585
261169.610	3.583
261169.611	3.583
261169.636	3.582
261169.666	3.580
261169.667	3.580
261169.681	3.577
261169.693	3.577
261169.726	3.576
261169.734	3.577
261169.742	3.576
261169.757	3.574
261169.782	3.574
261169.792	3.573
261169.799	3.571
261169.824	3.571
261169.832	3.568
261169.857	3.570
261169.870	3.568
261169.905	3.570
261169.906	3.567
261169.911	3.567
261169.936	3.566
261169.937	3.566
261169.962	3.563
261169.970	3.564
261169.994	3.563
261170.021	3.563
261170.022	3.558
261170.031	3.560
261170.056	3.557
261170.083	3.558
261170.084	3.557
261170.111	3.558
261170.136	3.555
261170.145	3.557
261170.154	3.554
261170.164	3.555
261170.180	3.554
261170.195	3.552
261170.219	3.552
261170.220	3.552
261170.252	3.551
261170.260	3.551
261170.279	3.549
261170.287	3.549
261170.310	3.548
261170.319	3.547
261170.330	3.547
261170.375	3.547
261170.376	3.544
261170.384	3.545
261170.401	3.542
261170.411	3.544
261170.435	3.542
261170.436	3.544
261170.465	3.539
261170.491	3.541
261170.492	3.539
261170.515	3.539
261170.527	3.538
261170.532	3.538
261170.556	3.536
261170.570	3.538
261170.585	3.538
261170.615	3.536
261170.616	3.533
261170.624	3.535
261170.650	3.533
261170.660	3.533
261170.682	3.532
261170.693	3.532
261170.724	3.530
261170.725	3.532
261170.751	3.529
261170.775	3.529
261170.794	3.527
261170.802	3.529
261170.809	3.527
261170.818	3.526
261170.850	3.526
261170.851	3.526
261170.860	3.526
261170.885	3.526
261170.893	3.523
261170.916	3.523
261170.922	3.522
261170.951	3.522
261170.978	3.520
261170.979	3.522
261170.994	3.520
261171.017	3.520
261171.019	3.519
261171.031	3.517
261171.059	3.516
261171.084	3.519
261171.085	3.517
261171.097	3.519
261171.121	3.516
261171.122	3.517
261171.151	3.514
261171.168	3.516
261171.194	3.514
261171.205	3.516
261171.215	3.514
261171.230	3.514
261171.249	3.514
261171.264	3.514
261171.267	3.514
261171.292	3.516
261171.319	3.513
261171.326	3.514
261171.327	3.514
261171.357	3.514
261171.359	3.511
261171.381	3.513
261171.404	3.513
261171.432	3.513
261171.434	3.513
261171.449	3.513
261171.459	3.510
261171.481	3.511
261171.491	3.511
261171.515	3.513
261171.525	3.513
261171.556	3.513
261171.557	3.513
261171.585	3.514
261171.586	3.513
261171.595	3.513
261171.620	3.511
261171.635	3.513
261171.673	3.513
261171.674	3.514
261171.681	3.511
261171.694	3.514
261171.714	3.513
261171.728	3.513
261171.747	3.511
261171.761	3.513
261171.792	3.511
261171.794	3.514
261171.801	3.511
261171.820	3.514
261171.830	3.513
261171.849	3.514
261171.865	3.513
261171.882	3.513
261171.916	3.513
261171.917	3.513
261171.925	3.513
261171.939	3.514
261171.962	3.513
261172.004	3.513
261172.029	3.513
261172.030	3.514
261172.048	3.513
261172.049	3.513
261172.054	3.510
261172.080	3.513
261172.081	3.513
261172.107	3.513
261172.114	3.513
261172.141	3.513
261172.156	3.511
261172.164	3.513
261172.177	3.513
261172.201	3.511
261172.202	3.513
261172.231	3.511
261172.265	3.510
261172.266	3.511
261172.283	3.511
261172.292	3.511
261172.321	3.511
261172.330	3.511
261172.337	3.510
261172.349	3.510
261172.381	3.510
261172.382	3.510
261172.391	3.510
261172.415	3.510
261172.425	3.507
261172.443	3.510
261172.461	3.507
261172.490	3.508
261172.491	3.507
261172.508	3.508
261172.526	3.508
261172.531	3.507
261172.558	3.505
261172.584	3.507
261172.585	3.505
261172.614	3.505
261172.615	3.504
261172.641	3.504
261172.668	3.504
261172.675	3.505
261172.676	3.503
261172.706	3.505
261172.707	3.504
261172.738	3.503
261172.746	3.503
261172.761	3.503
261172.762	3.501
261172.791	3.501
261172.808	3.500
261172.821	3.501
261172.836	3.501
261172.861	3.501
261172.875	3.498
261172.881	3.500
261172.893	3.500
261172.917	3.500
261172.919	3.498
261172.940	3.500
261172.974	3.500
261172.975	3.500
261172.989	3.500
261173.023	3.501
261173.024	3.501
261173.034	3.501
261173.059	3.501
261173.094	3.503
261173.095	3.503
261173.104	3.504
261173.114	3.503
261173.146	3.504
261173.154	3.505
261173.165	3.505
261173.181	3.505
261173.215	3.507
261173.216	3.507
261173.226	3.510
261173.239	3.510
261173.264	3.510
261173.289	3.511
261173.290	3.513
261173.315	3.514
261173.316	3.514
261173.337	3.513
261173.353	3.516
261173.369	3.514
261173.382	3.517
261173.407	3.516
261173.414	3.519
261173.446	3.519
261173.448	3.520
261173.459	3.519
261173.485	3.520
261173.486	3.522
261173.514	3.523
261173.523	3.525
261173.537	3.526
261173.562	3.526
261173.572	3.527
261173.586	3.527
261173.596	3.529
261173.615	3.529
261173.639	3.529
261173.654	3.530
261173.686	3.530
261173.687	3.530
261173.699	3.533
261173.714	3.532
261173.723	3.535
261173.745	3.533
261173.754	3.533
261173.788	3.533
261173.789	3.535
261173.809	3.535
261173.823	3.536
261173.831	3.533
261173.855	3.535
261173.871	3.536
261173.887	3.535
261173.914	3.535
261173.915	3.536
261173.945	3.535
261173.946	3.536
261173.967	3.535
261173.979	3.535
261173.989	3.535
261174.023	3.535
261174.024	3.533
261174.049	3.533
261174.050	3.532
261174.066	3.533
261174.084	3.532
261174.112	3.532
261174.114	3.530
261174.144	3.532
261174.170	3.530
261174.171	3.530
261174.181	3.529
261174.194	3.529
261174.216	3.527
261174.224	3.529
261174.246	3.527
261174.271	3.527
261174.272	3.525
261174.293	3.526
261174.306	3.526
261174.316	3.525
261174.329	3.523
261174.349	3.523
261174.395	3.523
261174.396	3.523
261174.400	3.520
261174.415	3.522
261174.434	3.519
261174.436	3.522
261174.464	3.520
261174.474	3.520
261174.504	3.519
261174.505	3.519
261174.526	3.517
261174.535	3.519
261174.562	3.516
261174.579	3.517
261174.580	3.516
261174.611	3.516
261174.612	3.514
261174.636	3.514
261174.654	3.513
261174.664	3.513
261174.688	3.513
261174.689	3.513
261174.721	3.511
261174.722	3.511
261174.749	3.510
261174.757	3.511
261174.776	3.510
261174.790	3.510
261174.807	3.508
261174.821	3.508
261174.835	3.508
261174.864	3.510
261174.865	3.508
261174.898	3.510
261174.911	3.507
261174.912	3.508
261174.935	3.507
261174.943	3.507
261174.976	3.507
261174.977	3.505
261174.991	3.507
261175.001	3.507
261175.029	3.507
261175.030	3.507
261175.055	3.507
261175.091	3.507
261175.093	3.505
261175.109	3.504
261175.119	3.504
261175.136	3.505
261175.154	3.504
261175.165	3.504
261175.213	3.503
261175.214	3.504
261175.239	3.504
261175.240	3.503
261175.251	3.501
261175.260	3.501
261175.284	3.501
261175.285	3.503
261175.306	3.503
261175.336	3.501
261175.337	3.498
261175.353	3.501
261175.371	3.498
261175.385	3.500
261175.393	3.498
261175.418	3.500
261175.419	3.498
261175.455	3.498
261175.460	3.497
261175.474	3.498
261175.495	3.497
261175.523	3.498
261175.530	3.497
261175.536	3.497
261175.569	3.495
261175.570	3.497
261175.581	3.497
261175.606	3.497
261175.623	3.495
261175.634	3.497
261175.651	3.497
261175.663	3.497
261175.690	3.497
261175.698	3.495
261175.714	3.495
261175.730	3.497
261175.745	3.494
261175.758	3.494
261175.809	3.494
261175.810	3.494
261175.818	3.491
261175.843	3.491
261175.844	3.491
261175.860	3.492
261175.871	3.491
261175.888	3.489
261175.889	3.489
261175.921	3.489
261175.922	3.488
261175.939	3.489
261175.959	3.488
261175.984	3.488
261175.991	3.486
261176.005	3.486
261176.031	3.486
261176.054	3.486
261176.056	3.484
261176.070	3.485
261176.084	3.485
261176.094	3.485
261176.128	3.482
261176.164	3.482
261176.166	3.484
261176.169	3.482
261176.184	3.484
261176.199	3.481
261176.214	3.481
261176.225	3.481
261176.239	3.479
261176.270	3.478
261176.286	3.476
261176.287	3.478
261176.299	3.476
261176.319	3.476
261176.329	3.476
261176.356	3.475
261176.371	3.475
261176.400	3.476
261176.401	3.473
261176.411	3.473
261176.428	3.475
261176.441	3.475
261176.476	3.473
261176.477	3.473
261176.503	3.475
261176.529	3.473
261176.544	3.473
261176.544	3.473
261176.554	3.472
261176.569	3.473
261176.586	3.473
261176.600	3.473
261176.634	3.473
261176.635	3.473
261176.653	3.473
261176.664	3.475
261176.680	3.475
261176.695	3.473
261176.704	3.476
261176.735	3.475
261176.736	3.475
261176.761	3.475
261176.762	3.475
261176.794	3.476
261176.795	3.476
261176.825	3.476
261176.826	3.476
261176.859	3.478
261176.860	3.476
261176.879	3.478
261176.892	3.476
261176.911	3.478
261176.925	3.479
261176.939	3.481
261176.964	3.479
261176.990	3.479
261176.991	3.481
261177.004	3.481
261177.028	3.482
261177.029	3.482
261177.058	3.481
261177.081	3.482
261177.117	3.482
261177.119	3.484
261177.144	3.482
261177.145	3.484
261177.160	3.482
261177.161	3.484
261177.179	3.484
261177.199	3.484
261177.226	3.484
261177.227	3.486
261177.234	3.488
261177.264	3.485
261177.265	3.486
261177.290	3.486
261177.300	3.486
261177.343	3.486
261177.344	3.485
261177.347	3.488
261177.372	3.488
261177.381	3.488
261177.396	3.488
261177.415	3.489
261177.434	3.489
261177.466	3.491
261177.467	3.488
261177.475	3.489
261177.490	3.489
261177.513	3.491
261177.519	3.491
261177.542	3.492
261177.568	3.491
261177.569	3.492
261177.586	3.494
261177.610	3.494
261177.611	3.495
261177.640	3.497
261177.656	3.498
261177.663	3.501
261177.691	3.500
261177.692	3.503
261177.708	3.503
261177.725	3.505
261177.766	3.503
261177.767	3.508
261177.775	3.510
261177.790	3.508
261177.815	3.511
261177.816	3.513
261177.829	3.514
261177.853	3.519
261177.870	3.519
261177.884	3.523
261177.901	3.523
261177.930	3.527
261177.931	3.529
261177.944	3.535
261177.963	3.536
261177.978	3.538
261177.991	3.541
261178.015	3.545
261178.025	3.547
261178.059	3.551
261178.060	3.551
261178.063	3.554
261178.088	3.557
261178.094	3.561
261178.115	3.564
261178.141	3.568
261178.175	3.570
261178.176	3.573
261178.180	3.574
261178.195	3.579
261178.209	3.583
261178.231	3.585
261178.232	3.585
261178.257	3.589
261178.284	3.593
261178.285	3.593
261178.311	3.596
261178.326	3.599
261178.333	3.601
261178.353	3.604
261178.366	3.605
261178.393	3.608
261178.423	3.608
261178.424	3.611
261178.445	3.611
261178.446	3.612
261178.456	3.617
261178.475	3.617
261178.489	3.617
261178.518	3.618
261178.531	3.620
261178.533	3.621
261178.558	3.621
261178.576	3.624
261178.585	3.626
261178.594	3.626
261178.619	3.627
261178.644	3.627
261178.651	3.627
261178.661	3.630
261178.686	3.629
261178.690	3.630
261178.708	3.632
261178.728	3.632
261178.756	3.632
261178.757	3.634
261178.783	3.636
261178.784	3.634
261178.809	3.636
261178.817	3.636
261178.830	3.636
261178.849	3.636
261178.875	3.637
261178.893	3.637
261178.894	3.637
261178.914	3.639
261178.928	3.642
261178.941	3.640
261178.961	3.640
261178.993	3.640
261178.994	3.642
261179.009	3.642
261179.041	3.642
261179.042	3.643
261179.056	3.642
261179.076	3.643
261179.083	3.643
261179.116	3.645
261179.117	3.643
261179.134	3.645
261179.155	3.645
261179.165	3.646
261179.190	3.646
261179.191	3.646
261179.233	3.648
261179.234	3.648
261179.244	3.648
261179.256	3.648
261179.271	3.649
261179.286	3.649
261179.308	3.651
261179.321	3.652
261179.356	3.651
261179.358	3.651
261179.375	3.652
261179.381	3.651
261179.390	3.652
261179.415	3.651
261179.425	3.651
261179.440	3.652
261179.465	3.651
261179.466	3.652
261179.493	3.652
261179.503	3.652
261179.521	3.652
261179.535	3.652
261179.551	3.652
261179.581	3.652
261179.597	3.652
261179.608	3.653
261179.616	3.652
261179.626	3.652
261179.650	3.651
261179.679	3.652
261179.680	3.651
261179.705	3.651
261179.731	3.651
261179.732	3.649
261179.746	3.649
261179.760	3.649
261179.766	3.646
261179.785	3.648
261179.814	3.646
261179.815	3.646
261179.840	3.645
261179.855	3.645
261179.856	3.643
261179.881	3.643
261179.892	3.642
261179.916	3.640
261179.949	3.639
261179.950	3.640
261179.964	3.637
261179.979	3.637
261179.994	3.636
261180.008	3.634
261180.025	3.636
261180.033	3.633
261180.065	3.632
261180.075	3.632
261180.087	3.632
261180.113	3.630
261180.114	3.629
261180.134	3.627
261180.174	3.627
261180.175	3.626
261180.181	3.624
261180.190	3.624
261180.215	3.621
261180.223	3.621
261180.248	3.621
261180.261	3.620
261180.298	3.618
261180.299	3.618
261180.324	3.617
261180.325	3.615
261180.346	3.612
261180.347	3.614
261180.376	3.612
261180.377	3.611
261180.404	3.611
261180.424	3.610
261180.433	3.608
261180.441	3.607
261180.463	3.605
261180.491	3.605
261180.493	3.604
261180.504	3.602
261180.531	3.602
261180.543	3.601
261180.554	3.598
261180.573	3.601
261180.590	3.598
261180.596	3.596
261180.618	3.595
261180.646	3.593
261180.655	3.592
261180.659	3.592
261180.680	3.592
261180.695	3.590
261180.707	3.589
261180.725	3.589
261180.739	3.588
261180.770	3.586
261180.771	3.585
261180.784	3.585
261180.808	3.583
261180.818	3.583
261180.831	3.582
261180.851	3.580
261180.889	3.580
261180.890	3.580
261180.905	3.579
261180.914	3.577
261180.939	3.577
261180.973	3.576
261180.974	3.574
261180.978	3.573
261181.006	3.571
261181.007	3.571
261181.023	3.573
261181.033	3.570
261181.058	3.567
261181.074	3.568
261181.088	3.567
261181.119	3.567
261181.120	3.567
261181.134	3.566
261181.151	3.566
261181.165	3.566
261181.184	3.564
261181.194	3.563
261181.204	3.563
261181.231	3.561
261181.248	3.561
261181.260	3.561
261181.279	3.560
261181.287	3.558
261181.301	3.558
261181.330	3.560
261181.355	3.557
261181.356	3.555
261181.363	3.555
261181.383	3.555
261181.393	3.557
261181.411	3.554
261181.428	3.552
261181.439	3.552
261181.471	3.551
261181.488	3.551
261181.490	3.549
261181.516	3.551
261181.517	3.549
261181.533	3.549
261181.557	3.548
261181.595	3.547
261181.596	3.547
261181.621	3.547
261181.622	3.547
261181.641	3.545
261181.663	3.545
261181.664	3.545
261181.674	3.545
261181.699	3.542
261181.700	3.542
261181.729	3.541
261181.753	3.539
261181.754	3.539
261181.779	3.538
261181.789	3.538
261181.805	3.539
261181.834	3.538
261181.835	3.536
261181.854	3.535
261181.869	3.535
261181.884	3.533
261181.908	3.532
261181.909	3.532
261181.945	3.530
261181.946	3.530
261181.959	3.532
261181.985	3.529
261181.999	3.529
261182.013	3.527
261182.023	3.527
261182.033	3.527
261182.064	3.526
261182.065	3.525
261182.081	3.525
261182.109	3.526
261182.110	3.525
261182.135	3.522
261182.159	3.523
261182.160	3.522
261182.188	3.522
261182.189	3.520
261182.212	3.522
261182.244	3.519
261182.261	3.519
261182.262	3.519
261182.278	3.517
261182.303	3.519
261182.304	3.517
261182.319	3.517
261182.334	3.516
261182.360	3.516
261182.371	3.514
261182.384	3.514
261182.394	3.514
261182.420	3.511
261182.421	3.511
261182.438	3.511
261182.461	3.511
261182.480	3.511
261182.494	3.510
261182.511	3.510
261182.536	3.510
261182.537	3.508
261182.550	3.508
261182.568	3.507
261182.585	3.508
261182.595	3.508
261182.619	3.507
261182.660	3.507
261182.661	3.507
261182.666	3.505
261182.673	3.507
261182.695	3.507
261182.719	3.507
261182.725	3.507
261182.743	3.505
261182.776	3.507
261182.777	3.505
261182.789	3.504
261182.799	3.505
261182.818	3.504
261182.831	3.504
261182.848	3.503
261182.885	3.503
261182.886	3.504
261182.911	3.503
261182.912	3.503
261182.938	3.501
261182.955	3.503
261182.964	3.501
261183.009	3.503
261183.010	3.501
261183.024	3.501
261183.025	3.500
261183.035	3.501
261183.061	3.500
261183.071	3.500
261183.088	3.498
261183.126	3.500
261183.127	3.498
261183.149	3.498
261183.151	3.497
261183.161	3.498
261183.187	3.497
261183.191	3.498
261183.219	3.498
261183.220	3.497
261183.246	3.495
261183.260	3.495
261183.268	3.494
261183.291	3.495
261183.298	3.494
261183.325	3.495
261183.326	3.494
261183.354	3.494
261183.384	3.492
261183.385	3.492
261183.403	3.491
261183.416	3.491
261183.441	3.489
261183.450	3.489
261183.485	3.491
261183.486	3.488
261183.493	3.488
261183.526	3.489
261183.527	3.488
261183.540	3.488
261183.554	3.486
261183.564	3.486
261183.594	3.485
261183.595	3.486
261183.614	3.485
261183.640	3.485
261183.651	3.484
261183.661	3.484
261183.688	3.484
261183.689	3.484
261183.718	3.482
261183.719	3.484
261183.745	3.482
261183.756	3.482
261183.769	3.482
261183.796	3.482
261183.810	3.481
261183.841	3.482
261183.842	3.481
261183.849	3.481
261183.866	3.481
261183.880	3.482
261183.900	3.481
261183.913	3.481
261183.928	3.479
261183.954	3.481
261183.955	3.481
261183.978	3.481
261183.991	3.481
261184.001	3.481
261184.025	3.481
261184.033	3.482
261184.080	3.481
261184.081	3.481
261184.091	3.481
261184.109	3.482
261184.113	3.481
261184.138	3.482
261184.164	3.481
261184.165	3.482
261184.190	3.484
261184.191	3.482
261184.215	3.481
261184.229	3.482
261184.259	3.482
261184.260	3.482
261184.269	3.481
261184.294	3.482
261184.323	3.481
261184.325	3.482
261184.326	3.481
261184.351	3.482
261184.376	3.482
261184.377	3.482
261184.410	3.481
261184.411	3.482
261184.434	3.479
261184.435	3.481
261184.464	3.479
261184.475	3.481
261184.490	3.479
261184.509	3.481
261184.524	3.479
261184.550	3.481
261184.551	3.479
261184.575	3.479
261184.589	3.478
261184.603	3.479
261184.620	3.478
261184.640	3.478
261184.666	3.476
261184.667	3.478
261184.681	3.476
261184.693	3.476
261184.721	3.475
261184.722	3.476
261184.734	3.476
261184.775	3.476
261184.776	3.473
261184.801	3.475
261184.802	3.473
261184.828	3.475
261184.829	3.473
261184.849	3.473
261184.874	3.472
261184.876	3.473
261184.903	3.470
261184.910	3.472
261184.934	3.469
261184.935	3.470
261184.961	3.469
261184.978	3.470
261184.991	3.467
261185.023	3.467
261185.024	3.467
261185.038	3.469
261185.056	3.466
261185.083	3.466
261185.093	3.466
261185.106	3.466
261185.133	3.464
261185.150	3.464
261185.153	3.466
261185.169	3.464
261185.170	3.463
261185.195	3.463
261185.205	3.463
261185.229	3.462
261185.260	3.460
261185.275	3.462
261185.276	3.460
261185.286	3.460
261185.311	3.459
261185.312	3.460
261185.328	3.459
261185.349	3.459
261185.376	3.457
261185.377	3.459
261185.405	3.457
261185.416	3.457
261185.453	3.456
261185.454	3.457
261185.465	3.456
261185.466	3.456
261185.499	3.454
261185.514	3.456
261185.520	3.453
261185.534	3.454
261185.559	3.453
261185.574	3.454
261185.600	3.453
261185.624	3.453
261185.625	3.453
261185.641	3.453
261185.642	3.451
261185.666	3.451
261185.673	3.450
261185.698	3.451
261185.703	3.448
261185.731	3.450
261185.745	3.448
261185.759	3.450
261185.774	3.448
261185.789	3.448
261185.805	3.450
261185.833	3.450
261185.834	3.448
261185.855	3.450
261185.881	3.448
261185.882	3.451
261185.911	3.451
261185.912	3.451
261185.930	3.450
261185.938	3.453
261185.968	3.453
261185.983	3.454
261185.990	3.453
261186.014	3.454
261186.020	3.454
261186.036	3.456
261186.053	3.454
261186.078	3.456
261186.103	3.456
261186.104	3.457
261186.129	3.457
261186.139	3.459
261186.140	3.459
261186.174	3.460
261186.208	3.460
261186.209	3.462
261186.218	3.460
261186.226	3.462
261186.240	3.463
261186.258	3.464
261186.271	3.466
261186.299	3.466
261186.331	3.466
261186.333	3.467
261186.334	3.466
261186.350	3.469
261186.364	3.467
261186.381	3.470
261186.391	3.470
261186.414	3.472
261186.440	3.473
261186.441	3.475
261186.460	3.475
261186.470	3.476
261186.499	3.476
261186.500	3.478
261186.528	3.478
261186.553	3.481
261186.554	3.479
261186.561	3.481
261186.586	3.481
261186.595	3.484
261186.614	3.482
261186.636	3.484
261186.665	3.484
261186.666	3.486
261186.681	3.486
261186.696	3.486
261186.724	3.486
261186.738	3.488
261186.739	3.488
261186.755	3.488
261186.781	3.488
261186.782	3.489
261186.806	3.488
261186.818	3.491
261186.826	3.489
261186.851	3.491
261186.879	3.492
261186.880	3.492
261186.905	3.491
261186.906	3.492
261186.933	3.491
261186.940	3.492
261186.965	3.492
261186.973	3.494
261186.991	3.495
261187.023	3.495
261187.033	3.494
261187.034	3.497
261187.061	3.494
261187.063	3.497
261187.088	3.495
261187.097	3.498
261187.115	3.498
261187.145	3.501
261187.164	3.501
261187.165	3.504
261187.183	3.505
261187.196	3.507
261187.220	3.505
261187.221	3.508
261187.273	3.508
261187.274	3.511
261187.276	3.511
261187.290	3.514
261187.311	3.514
261187.321	3.517
261187.331	3.519
261187.356	3.520
261187.389	3.522
261187.390	3.525
261187.410	3.526
261187.411	3.527
261187.430	3.529
261187.441	3.532
261187.458	3.533
261187.486	3.538
261187.488	3.538
261187.513	3.542
261187.523	3.542
261187.536	3.547
261187.555	3.547
261187.580	3.551
261187.581	3.552
261187.621	3.557
261187.623	3.557
261187.648	3.560
261187.655	3.561
261187.664	3.566
261187.681	3.568
261187.694	3.570
261187.704	3.570
261187.738	3.574
261187.745	3.576
261187.759	3.580
261187.775	3.580
261187.785	3.585
261187.813	3.586
261187.814	3.589
261187.830	3.589
261187.858	3.593
261187.859	3.593
261187.883	3.596
261187.896	3.599
261187.914	3.599
261187.930	3.601
261187.939	3.602
261187.970	3.604
261187.996	3.607
261187.997	3.605
261188.023	3.608
261188.024	3.608
261188.031	3.611
261188.063	3.610
261188.094	3.611
261188.095	3.612
261188.106	3.612
261188.120	3.612
261188.128	3.612
261188.141	3.611
261188.165	3.614
261188.198	3.614
261188.199	3.615
261188.221	3.614
261188.222	3.615
261188.240	3.617
261188.264	3.618
261188.265	3.617
261188.289	3.617
261188.299	3.618
261188.325	3.618
261188.326	3.617
261188.348	3.618
261188.370	3.617
261188.384	3.617
261188.394	3.617
261188.413	3.617
261188.446	3.615
261188.447	3.615
261188.460	3.614
261188.470	3.614
261188.489	3.611
261188.510	3.612
261188.526	3.610
261188.536	3.611
261188.569	3.608
261188.570	3.610
261188.589	3.610
261188.603	3.608
261188.613	3.605
261188.638	3.605
261188.658	3.604
261188.683	3.604
261188.684	3.602
261188.706	3.602
261188.719	3.599
261188.729	3.599
261188.746	3.598
261188.760	3.598
261188.766	3.595
261188.795	3.595
261188.796	3.593
261188.818	3.593
261188.830	3.592
261188.855	3.592
261188.856	3.589
261188.888	3.590
261188.889	3.588
261188.921	3.588
261188.923	3.586
261188.946	3.588
261188.960	3.588
261188.971	3.586
261188.995	3.583
261189.005	3.585
261189.039	3.582
261189.040	3.583
261189.054	3.583
261189.064	3.582
261189.088	3.580
261189.095	3.582
261189.119	3.580
261189.151	3.580
261189.164	3.579
261189.165	3.579
261189.179	3.580
261189.196	3.579
261189.208	3.577
261189.234	3.579
261189.264	3.577
261189.265	3.579
261189.291	3.576
261189.317	3.577
261189.318	3.577
261189.321	3.579
261189.335	3.577
261189.348	3.580
261189.379	3.580
261189.380	3.580
261189.403	3.580
261189.413	3.582
261189.430	3.580
261189.436	3.582
261189.461	3.580
261189.480	3.582
261189.512	3.580
261189.513	3.582
261189.519	3.579
261189.530	3.580
261189.558	3.579
261189.569	3.580
261189.594	3.579
261189.599	3.579
261189.628	3.577
261189.629	3.577
261189.654	3.574
261189.661	3.576
261189.686	3.574
261189.695	3.574
261189.720	3.574
261189.721	3.574
261189.753	3.573
261189.764	3.573
261189.781	3.571
261189.786	3.571
261189.811	3.570
261189.813	3.571
261189.831	3.568
261189.863	3.568
261189.875	3.567
261189.877	3.567
261189.905	3.566
261189.936	3.567
261189.943	3.564
261189.944	3.564
261189.976	3.564
261189.978	3.563
261189.998	3.563
261190.012	3.561
261190.024	3.558
261190.034	3.560
261190.059	3.557
261190.085	3.557
261190.086	3.554
261190.104	3.555
261190.114	3.554
261190.139	3.554
261190.153	3.551
261190.170	3.552
261190.171	3.549
261190.211	3.549
261190.213	3.547
261190.226	3.547
261190.248	3.547
261190.258	3.545
261190.278	3.545
261190.288	3.544
261190.299	3.542
261190.336	3.542
261190.337	3.539
261190.346	3.539
261190.361	3.538
261190.384	3.538
261190.394	3.536
261190.419	3.538
261190.460	3.535
261190.461	3.535
261190.465	3.533
261190.471	3.535
261190.494	3.532
261190.519	3.533
261190.520	3.532
261190.530	3.532
261190.560	3.530
261190.586	3.530
261190.588	3.529
261190.618	3.530
261190.619	3.527
261190.636	3.527
261190.651	3.523
261190.661	3.523
261190.690	3.520
261190.704	3.522
261190.718	3.519
261190.728	3.517
261190.741	3.517
261190.760	3.516
261190.794	3.513
261190.795	3.513
261190.820	3.510
261190.821	3.510
261190.839	3.508
261190.853	3.507
261190.861	3.504
261190.885	3.505
261190.891	3.505
261190.918	3.505
261190.919	3.504
261190.936	3.505
261190.966	3.503
261190.983	3.503
261190.990	3.501
261191.009	3.500
261191.034	3.498
261191.035	3.497
261191.053	3.495
261191.066	3.495
261191.090	3.495
261191.091	3.494
261191.116	3.491
261191.126	3.492
261191.155	3.492
261191.170	3.495
261191.199	3.495
261191.200	3.497
261191.215	3.497
261191.228	3.498
261191.238	3.498
261191.263	3.501
261191.285	3.498
261191.286	3.498
261191.309	3.497
261191.324	3.500
261191.325	3.498
261191.354	3.498
261191.369	3.498
261191.401	3.500
261191.402	3.498
261191.409	3.500
261191.435	3.498
261191.436	3.500
261191.461	3.500
261191.480	3.503
261191.518	3.503
261191.519	3.503
261191.526	3.504
261191.531	3.505
261191.553	3.507
261191.576	3.507
261191.585	3.507
261191.595	3.507
261191.626	3.507
261191.646	3.504
261191.650	3.500
261191.663	3.497
261191.676	3.492
261191.694	3.489
261191.708	3.486
261191.745	3.485
261191.746	3.484
261191.768	3.484
261191.769	3.481
261191.786	3.478
261191.800	3.476
261191.833	3.473
261191.834	3.472
261191.859	3.472
261191.885	3.469
261191.886	3.470
261191.900	3.467
261191.913	3.469
261191.938	3.467
261191.939	3.466
261191.964	3.466
261191.990	3.466
261191.991	3.464
261192.004	3.464
261192.021	3.463
261192.038	3.463
261192.058	3.462
261192.080	3.463
261192.110	3.460
261192.111	3.462
261192.116	3.460
261192.148	3.460
261192.149	3.460
261192.160	3.459
261192.185	3.456
261192.193	3.456
261192.220	3.454
261192.230	3.454
261192.248	3.453
261192.256	3.454
261192.270	3.453
261192.295	3.454
261192.308	3.451
261192.335	3.451
261192.336	3.451
261192.354	3.450
261192.370	3.448
261192.384	3.450
261192.405	3.448
261192.406	3.450
261192.440	3.448
261192.441	3.448
261192.466	3.448
261192.468	3.448
261192.495	3.447
261192.513	3.447
261192.523	3.445
261192.533	3.445
261192.554	3.444
261192.583	3.444
261192.584	3.440
261192.609	3.438
261192.616	3.437
261192.630	3.438
261192.644	3.440
261192.675	3.441
261192.709	3.441
261192.710	3.442
261192.711	3.444
261192.729	3.447
261192.748	3.448
261192.755	3.451
261192.775	3.454
261192.790	3.457
261192.817	3.459
261192.834	3.463
261192.835	3.466
261192.854	3.472
261192.869	3.475
261192.883	3.484
261192.903	3.492
261192.929	3.498
261192.945	3.503
261192.947	3.513
261192.959	3.519
261192.984	3.525
261192.993	3.529
261193.015	3.536
261193.024	3.547
261193.055	3.554
261193.056	3.558
261193.070	3.567
261193.090	3.573
261193.115	3.579
261193.116	3.582
261193.140	3.589
261193.168	3.589
261193.169	3.593
261193.175	3.596
261193.195	3.601
261193.220	3.601
261193.221	3.604
261193.236	3.605
261193.266	3.607
261193.291	3.607
261193.292	3.610
261193.298	3.610
261193.319	3.611
261193.329	3.612
261193.350	3.612
261193.364	3.614
261193.381	3.617
261193.406	3.618
261193.407	3.623
261193.433	3.623
261193.434	3.624
261193.466	3.624
261193.483	3.624
261193.491	3.624
261193.518	3.629
261193.519	3.630
261193.539	3.634
261193.568	3.636
261193.578	3.639
261193.585	3.640
261193.599	3.645
261193.618	3.646
261193.649	3.651
261193.656	3.658
261193.658	3.668
261193.689	3.673
261193.690	3.677
261193.715	3.678
261193.724	3.681
261193.734	3.683
261193.764	3.684
261193.790	3.686
261193.791	3.690
261193.811	3.692
261193.813	3.697
261193.831	3.699
261193.848	3.702
261193.880	3.706
261193.893	3.709
261193.903	3.711
261193.914	3.715
261193.939	3.716
261193.949	3.719
261193.961	3.719
261193.995	3.724
261193.996	3.724
261194.008	3.727
261194.019	3.728
261194.034	3.728
261194.058	3.728
261194.064	3.728
261194.086	3.727
261194.113	3.728
261194.114	3.727
261194.125	3.725
261194.139	3.724
261194.164	3.724
261194.183	3.725
261194.195	3.724
261194.225	3.722
261194.226	3.721
261194.243	3.721
261194.259	3.722
261194.284	3.721
261194.285	3.719
261194.306	3.719
261194.320	3.718
261194.349	3.718
261194.350	3.716
261194.358	3.715
261194.385	3.716
261194.416	3.716
261194.418	3.716
261194.421	3.715
261194.465	3.715
261194.466	3.714
261194.481	3.712
261194.489	3.711
261194.521	3.709
261194.529	3.708
261194.538	3.706
261194.563	3.705
261194.590	3.703
261194.603	3.700
261194.605	3.700
261194.631	3.699
261194.634	3.697
261194.656	3.696
261194.658	3.695
261194.683	3.693
261194.713	3.692
261194.714	3.689
261194.724	3.689
261194.739	3.687
261194.759	3.686
261194.790	3.683
261194.791	3.683
261194.821	3.678
261194.823	3.678
261194.840	3.675
261194.855	3.674
261194.860	3.671
261194.885	3.670
261194.891	3.667
261194.916	3.667
261194.917	3.665
261194.946	3.664
261194.959	3.664
261194.981	3.662
261194.990	3.661
261195.015	3.659
261195.016	3.658
261195.046	3.659
261195.073	3.656
261195.088	3.656
261195.089	3.655
261195.110	3.655
261195.111	3.653
261195.138	3.652
261195.153	3.652
261195.181	3.651
261195.183	3.651
261195.196	3.649
261195.206	3.648
261195.223	3.648
261195.233	3.646
261195.260	3.646
261195.286	3.645
261195.288	3.645
261195.308	3.643
261195.321	3.643
261195.328	3.642
261195.351	3.642
261195.373	3.642
261195.379	3.640
261195.406	3.639
261195.431	3.640
261195.433	3.639
261195.449	3.637
261195.458	3.637
261195.475	3.637
261195.490	3.636
261195.515	3.634
261195.516	3.634
261195.541	3.634
261195.555	3.633
261195.578	3.633
261195.584	3.633
261195.604	3.632
261195.614	3.632
261195.648	3.630
261195.648	3.627
261195.674	3.629
261195.699	3.627
261195.700	3.627
261195.718	3.627
261195.733	3.626
261195.734	3.626
261195.770	3.626
261195.779	3.624
261195.789	3.624
261195.813	3.624
261195.814	3.624
261195.830	3.623
261195.849	3.621
261195.864	3.620
261195.890	3.620
261195.891	3.620
261195.913	3.618
261195.926	3.617
261195.946	3.617
261195.961	3.617
261195.980	3.615
261196.011	3.614
261196.015	3.614
261196.021	3.614
261196.031	3.615
261196.056	3.614
261196.073	3.614
261196.086	3.614
261196.127	3.614
261196.128	3.612
261196.143	3.614
261196.168	3.614
261196.178	3.614
261196.188	3.612
261196.194	3.614
261196.210	3.614
261196.239	3.614
261196.240	3.612
261196.258	3.615
261196.275	3.615
261196.289	3.615
261196.314	3.615
261196.315	3.615
261196.336	3.614
261196.363	3.615
261196.371	3.614
261196.378	3.615
261196.411	3.615
261196.413	3.615
261196.438	3.614
261196.446	3.615
261196.481	3.615
261196.484	3.615
261196.498	3.617
261196.506	3.615
261196.525	3.615
261196.535	3.617
261196.554	3.618
261196.568	3.621
261196.603	3.621
261196.604	3.623
261196.613	3.623
261196.636	3.621
261196.637	3.618
261196.663	3.615
261196.671	3.611
261196.704	3.608
261196.705	3.605
261196.730	3.605
261196.731	3.604
261196.760	3.602
261196.768	3.601
261196.791	3.602
261196.798	3.604
261196.828	3.605
261196.829	3.605
261196.849	3.607
261196.870	3.607
261196.880	3.608
261196.904	3.607
261196.914	3.610
261196.951	3.610
261196.978	3.611
261196.979	3.611
261197.000	3.614
261197.001	3.612
261197.015	3.614
261197.020	3.612
261197.030	3.614
261197.055	3.612
261197.080	3.614
261197.086	3.612
261197.103	3.614
261197.119	3.614
261197.134	3.614
261197.143	3.612
261197.168	3.612
261197.169	3.612
261197.195	3.614
261197.209	3.612
261197.234	3.612
261197.234	3.612
261197.263	3.612
261197.296	3.612
261197.298	3.611
261197.316	3.612
261197.319	3.611
261197.333	3.611
261197.356	3.611
261197.361	3.610
261197.380	3.610
261197.411	3.610
261197.413	3.610
261197.428	3.608
261197.448	3.607
261197.458	3.607
261197.483	3.607
261197.489	3.605
261197.510	3.605
261197.536	3.604
261197.537	3.604
261197.553	3.602
261197.575	3.602
261197.600	3.601
261197.601	3.601
261197.616	3.601
261197.635	3.599
261197.660	3.598
261197.661	3.598
261197.685	3.599
261197.699	3.598
261197.714	3.595
261197.728	3.595
261197.735	3.593
261197.766	3.595
261197.789	3.593
261197.791	3.595
261197.808	3.593
261197.818	3.592
261197.828	3.592
261197.855	3.592
261197.895	3.589
261197.896	3.589
261197.905	3.588
261197.911	3.589
261197.931	3.586
261197.953	3.586
261197.958	3.585
261197.975	3.586
261198.000	3.585
261198.024	3.585
261198.025	3.583
261198.040	3.585
261198.051	3.583
261198.078	3.582
261198.086	3.580
261198.095	3.580
261198.129	3.580
261198.149	3.580
261198.155	3.580
261198.170	3.579
261198.178	3.577
261198.200	3.577
261198.201	3.577
261198.234	3.577
261198.235	3.576
261198.260	3.576
261198.286	3.576
261198.288	3.574
261198.294	3.574
261198.320	3.573
261198.334	3.574
261198.371	3.573
261198.373	3.571
261198.380	3.571
261198.391	3.570
261198.424	3.570
261198.425	3.568
261198.448	3.568
261198.463	3.568
261198.496	3.568
261198.501	3.567
261198.529	3.566
261198.535	3.566
261198.535	3.566
261198.560	3.564
261198.561	3.566
261198.590	3.564
261198.616	3.564
261198.618	3.564
261198.636	3.564
261198.638	3.563
261198.661	3.561
261198.683	3.561
261198.696	3.561
261198.725	3.561
261198.726	3.560
261198.738	3.560
261198.755	3.558
261198.784	3.558
261198.785	3.558
261198.808	3.558
261198.816	3.557
261198.841	3.557
261198.849	3.557
261198.878	3.555
261198.879	3.555
261198.898	3.555
261198.909	3.557
261198.943	3.555
261198.969	3.554
261198.970	3.555
261198.984	3.555
261199.008	3.557
261199.009	3.555
261199.024	3.555
261199.036	3.557
261199.051	3.557
261199.083	3.555
261199.085	3.557
261199.109	3.558
261199.115	3.558
261199.134	3.558
261199.141	3.558
261199.165	3.557
261199.204	3.560
261199.205	3.560
261199.215	3.561
261199.226	3.561
261199.248	3.563
261199.258	3.563
261199.283	3.564
261199.284	3.564
261199.310	3.564
261199.318	3.564
261199.327	3.567
261199.355	3.566
261199.356	3.567
261199.381	3.566
261199.393	3.568
261199.423	3.568
261199.424	3.568
261199.450	3.570
261199.483	3.571
261199.485	3.570
261199.487	3.571
261199.516	3.571
261199.541	3.571
261199.542	3.573
261199.569	3.573
261199.584	3.573
261199.585	3.574
261199.595	3.576
261199.614	3.574
261199.628	3.574
261199.641	3.574
261199.674	3.574
261199.689	3.576
261199.695	3.576
261199.719	3.576
261199.726	3.576
261199.741	3.576
261199.756	3.576
261199.791	3.576
261199.794	3.574
261199.795	3.576
261199.820	3.574
261199.831	3.577
261199.856	3.574
261199.868	3.576
261199.899	3.573
261199.900	3.574
261199.915	3.573
261199.940	3.574
261199.948	3.573
261199.959	3.574
261199.985	3.573
261199.996	3.573
261200.023	3.571
261200.024	3.573
261200.035	3.571
261200.053	3.571
261200.070	3.571
261200.090	3.571
261200.109	3.570
261200.110	3.568
261200.140	3.568
261200.165	3.568
261200.166	3.566
261200.191	3.567
261200.193	3.567
261200.213	3.567
261200.226	3.566
261200.256	3.566
261200.266	3.564
261200.268	3.564
261200.289	3.561
261200.305	3.563
261200.319	3.560
261200.329	3.561
261200.349	3.558
261200.368	3.558
261200.386	3.557
261200.404	3.557
261200.410	3.557
261200.436	3.557
261200.451	3.554
261200.463	3.554
261200.493	3.554
261200.506	3.554
261200.514	3.554
261200.520	3.551
261200.540	3.551
261200.555	3.551
261200.571	3.548
261200.586	3.549
261200.613	3.547
261200.626	3.547
261200.645	3.545
261200.646	3.545
261200.663	3.545
261200.676	3.544
261200.691	3.544
261200.716	3.542
261200.740	3.542
261200.741	3.541
261200.755	3.542
261200.774	3.541
261200.806	3.539
261200.808	3.538
261200.820	3.536
261200.855	3.538
261200.856	3.535
261200.866	3.536
261200.896	3.536
261200.903	3.535
261200.913	3.533
261200.941	3.532
261200.968	3.530
261200.969	3.529
261200.984	3.529
261200.989	3.529
261201.009	3.527
261201.023	3.527
261201.036	3.527
261201.055	3.526
261201.088	3.525
261201.089	3.525
261201.104	3.523
261201.115	3.523
261201.140	3.523
261201.141	3.523
261201.160	3.522
261201.185	3.522
261201.208	3.520
261201.209	3.519
261201.224	3.520
261201.239	3.519
261201.258	3.519
261201.283	3.519
261201.290	3.516
261201.324	3.517
261201.325	3.514
261201.333	3.516
261201.354	3.513
261201.369	3.513
261201.383	3.511
261201.407	3.513
261201.408	3.511
261201.440	3.510
261201.466	3.508
261201.468	3.508
261201.489	3.507
261201.490	3.508
261201.513	3.507
261201.523	3.507
261201.549	3.507
261201.571	3.507
261201.573	3.505
261201.588	3.504
261201.605	3.503
261201.619	3.505
261201.625	3.503
261201.643	3.504
261201.673	3.503
261201.674	3.503
261201.695	3.501
261201.709	3.503
261201.725	3.501
261201.735	3.500
261201.760	3.498
261201.763	3.500
261201.796	3.498
261201.808	3.500
261201.821	3.497
261201.835	3.498
261201.850	3.498
261201.864	3.498
261201.888	3.497
261201.916	3.497
261201.918	3.494
261201.920	3.495
261201.945	3.492
261201.958	3.494
261201.981	3.492
261201.991	3.492
261202.021	3.492
261202.023	3.492
261202.041	3.491
261202.058	3.491
261202.083	3.489
261202.084	3.491
261202.104	3.489
261202.114	3.489
261202.146	3.488
261202.153	3.489
261202.163	3.488
261202.171	3.486
261202.196	3.486
261202.205	3.486
261202.224	3.486
261202.238	3.485
261202.266	3.484
261202.276	3.485
261202.288	3.485
261202.296	3.484
261202.321	3.482
261202.328	3.484
261202.355	3.482
261202.381	3.484
261202.383	3.481
261202.399	3.482
261202.416	3.479
261202.430	3.481
261202.451	3.478
261202.458	3.479
261202.498	3.476
261202.499	3.476
261202.519	3.475
261202.543	3.476
261202.544	3.475
261202.554	3.476
261202.573	3.475
261202.589	3.475
261202.614	3.473
261202.615	3.475
261202.638	3.473
261202.641	3.472
261202.666	3.469
261202.693	3.472
261202.694	3.470
261202.730	3.472
261202.731	3.470
261202.756	3.473
261202.758	3.470
261202.769	3.472
261202.788	3.470
261202.798	3.469
261202.820	3.469
261202.829	3.469
261202.854	3.467
261202.868	3.470
261202.890	3.467
261202.899	3.469
261202.918	3.466
261202.925	3.467
261202.955	3.464
261202.956	3.464
261202.981	3.462
261202.991	3.464
261203.003	3.463
261203.028	3.462
261203.029	3.460
261203.054	3.462
261203.065	3.463
261203.090	3.462
261203.091	3.459
261203.118	3.460
261203.128	3.459
261203.143	3.459
261203.171	3.459
261203.173	3.459
261203.203	3.457
261203.204	3.457
261203.229	3.454
261203.230	3.457
261203.281	3.456
261203.283	3.456
261203.288	3.454
261203.296	3.454
261203.326	3.453
261203.338	3.453
261203.363	3.451
261203.379	3.454
261203.380	3.453
261203.401	3.453
261203.416	3.451
261203.456	3.451
261203.464	3.450
261203.465	3.450
261203.476	3.447
261203.490	3.450
261203.514	3.447
261203.521	3.448
261203.533	3.447
261203.563	3.447
261203.564	3.445
261203.581	3.447
261203.596	3.445
261203.620	3.445
261203.626	3.445
261203.644	3.445
261203.679	3.445
261203.700	3.445
261203.701	3.444
261203.713	3.444
261203.735	3.442
261203.736	3.444
261203.755	3.441
261203.768	3.442
261203.803	3.441
261203.804	3.442
261203.816	3.442
261203.836	3.441
261203.851	3.440
261203.861	3.441
261203.880	3.438
261203.894	3.438
261203.926	3.438
261203.928	3.440
261203.949	3.438
261203.961	3.437
261203.971	3.435
261204.001	3.435
261204.003	3.435
261204.039	3.435
261204.040	3.434
261204.049	3.435
261204.074	3.434
261204.084	3.435
261204.094	3.432
261204.118	3.434
261204.129	3.432
261204.154	3.432
261204.174	3.432
261204.185	3.431
261204.193	3.431
261204.216	3.431
261204.223	3.429
261204.234	3.429
261204.274	3.429
261204.275	3.431
261204.286	3.428
261204.311	3.428
261204.313	3.428
261204.333	3.428
261204.351	3.428
261204.376	3.428
261204.401	3.426
261204.403	3.426
261204.413	3.425
261204.438	3.425
261204.444	3.425
261204.459	3.423
261204.475	3.423
261204.511	3.422
261204.513	3.421
261204.520	3.422
261204.538	3.421
261204.553	3.421
261204.566	3.421
261204.590	3.419
261204.635	3.419
261204.636	3.419
261204.663	3.419
261204.679	3.419
261204.680	3.418
261204.681	3.418
261204.696	3.418
261204.701	3.419
261204.736	3.416
261204.738	3.418
261204.760	3.415
261204.768	3.418
261204.793	3.416
261204.796	3.416
261204.823	3.415
261204.824	3.416
261204.849	3.413
261204.875	3.415
261204.876	3.413
261204.905	3.412
261204.906	3.413
261204.931	3.412
261204.950	3.410
261204.988	3.412
261204.989	3.409
261204.991	3.412
261205.011	3.410
261205.018	3.412
261205.033	3.410
261205.059	3.410
261205.060	3.410
261205.085	3.413
261205.113	3.415
261205.119	3.416
261205.129	3.415
261205.143	3.416
261205.168	3.418
261205.176	3.421
261205.201	3.421
261205.203	3.423
261205.228	3.423
261205.234	3.428
261205.259	3.426
261205.284	3.431
261205.285	3.432
261205.311	3.435
261205.344	3.437
261205.345	3.441
261205.354	3.442
261205.369	3.447
261205.380	3.448
261205.405	3.451
261205.410	3.456
261205.430	3.460
261205.456	3.462
261205.469	3.467
261205.481	3.470
261205.489	3.473
261205.513	3.478
261205.520	3.482
261205.529	3.486
261205.584	3.489
261205.585	3.494
261205.591	3.500
261205.610	3.503
261205.611	3.507
261205.628	3.511
261205.644	3.516
261205.660	3.519
261205.696	3.523
261205.698	3.529
261205.713	3.533
261205.729	3.538
261205.734	3.542
261205.758	3.544
261205.774	3.549
261205.785	3.554
261205.816	3.558
261205.818	3.560
261205.828	3.564
261205.848	3.568
261205.873	3.571
261205.883	3.574
261205.918	3.579
261205.919	3.580
261205.944	3.586
261205.970	3.588
261205.971	3.592
261205.976	3.592
261205.989	3.596
261206.018	3.599
261206.019	3.602
261206.049	3.605
261206.050	3.608
261206.063	3.610
261206.083	3.614
261206.106	3.615
261206.118	3.618
261206.143	3.620
261206.144	3.624
261206.169	3.624
261206.170	3.629
261206.198	3.630
261206.204	3.633
261206.229	3.634
261206.230	3.636
261206.280	3.639
261206.281	3.642
261206.300	3.642
261206.315	3.645
261206.316	3.646
261206.333	3.649
261206.356	3.651
261206.368	3.652
261206.398	3.653
261206.399	3.655
261206.410	3.656
261206.429	3.659
261206.439	3.659
261206.465	3.662
261206.466	3.664
261206.491	3.665
261206.524	3.667
261206.525	3.667
261206.533	3.665
261206.558	3.668
261206.559	3.667
261206.586	3.668
261206.605	3.667
261206.634	3.667
261206.635	3.665
261206.641	3.667
261206.661	3.664
261206.686	3.667
261206.699	3.665
261206.725	3.664
261206.754	3.662
261206.755	3.664
261206.764	3.661
261206.765	3.662
261206.791	3.661
261206.808	3.661
261206.818	3.661
261206.839	3.661
261206.874	3.658
261206.875	3.659
261206.883	3.659
261206.900	3.658
261206.909	3.658
261206.934	3.656
261206.949	3.656
261206.963	3.655
261206.994	3.652
261206.995	3.652
261207.011	3.652
261207.020	3.651
261207.031	3.649
261207.050	3.651
261207.074	3.649
261207.084	3.648
261207.114	3.646
261207.115	3.645
261207.131	3.645
261207.155	3.643
261207.165	3.642
261207.194	3.642
261207.219	3.639
261207.220	3.637
261207.245	3.634
261207.246	3.634
261207.256	3.633
261207.266	3.633
261207.290	3.632
261207.309	3.630
261207.340	3.629
261207.351	3.627
261207.356	3.626
261207.358	3.626
261207.384	3.623
261207.391	3.624
261207.416	3.627
261207.424	3.629
261207.463	3.629
261207.464	3.626
261207.480	3.624
261207.494	3.624
261207.500	3.621
261207.524	3.621
261207.534	3.620
261207.550	3.620
261207.585	3.617
261207.586	3.615
261207.603	3.615
261207.615	3.612
261207.639	3.611
261207.640	3.611
261207.663	3.610
261207.672	3.608
261207.708	3.607
261207.715	3.607
261207.733	3.605
261207.734	3.604
261207.761	3.602
261207.763	3.601
261207.793	3.601
261207.815	3.598
261207.816	3.598
261207.849	3.596
261207.850	3.593
261207.871	3.595
261207.888	3.592
261207.895	3.592
261207.910	3.590
261207.939	3.589
261207.946	3.589
261207.963	3.588
261207.968	3.585
261207.993	3.586
261208.018	3.585
261208.024	3.585
261208.058	3.582
261208.059	3.582
261208.066	3.579
261208.089	3.579
261208.090	3.576
261208.115	3.576
261208.124	3.576
261208.164	3.574
261208.165	3.573
261208.183	3.573
261208.194	3.571
261208.205	3.571
261208.234	3.570
261208.235	3.568
261208.254	3.568
261208.288	3.566
261208.289	3.566
261208.303	3.566
261208.321	3.563
261208.330	3.563
261208.380	3.561
261208.381	3.561
261208.383	3.558
261208.419	3.560
261208.420	3.557
261208.423	3.557
261208.449	3.557
261208.475	3.554
261208.476	3.554
261208.493	3.554
261208.524	3.552
261208.525	3.552
261208.531	3.549
261208.551	3.551
261208.583	3.549
261208.584	3.548
261208.594	3.547
261208.619	3.545
261208.648	3.544
261208.649	3.545
261208.663	3.545
261208.673	3.544
261208.700	3.542
261208.708	3.542
261208.733	3.541
261208.738	3.541
261208.764	3.538
261208.765	3.538
261208.790	3.538
261208.810	3.536
261208.819	3.535
261208.833	3.536
261208.850	3.535
261208.888	3.535
261208.889	3.532
261208.893	3.532
261208.918	3.532
261208.925	3.532
261208.949	3.529
261208.958	3.530
261208.974	3.529
261209.005	3.530
261209.008	3.527
261209.021	3.529
261209.038	3.526
261209.054	3.526
261209.079	3.527
261209.080	3.526
261209.120	3.523
261209.121	3.523
261209.146	3.520
261209.148	3.522
261209.169	3.523
261209.184	3.520
261209.199	3.520
261209.200	3.519
261209.233	3.517
261209.234	3.517
261209.256	3.516
261209.269	3.517
261209.293	3.516
261209.305	3.516
261209.320	3.516
261209.330	3.514
261209.356	3.513
261209.373	3.514
261209.388	3.513
261209.403	3.513
261209.414	3.511
261209.431	3.511
261209.473	3.510
261209.474	3.508
261209.484	3.507
261209.494	3.508
261209.500	3.508
261209.525	3.508
261209.531	3.505
261209.561	3.507
261209.597	3.505
261209.598	3.504
261209.604	3.501
261209.618	3.501
261209.641	3.498
261209.643	3.498
261209.674	3.497
261209.675	3.497
261209.705	3.497
261209.706	3.497
261209.725	3.495
261209.735	3.495
261209.761	3.492
261209.779	3.494
261209.786	3.494
261209.821	3.494
261209.823	3.492
261209.838	3.492
261209.854	3.491
261209.878	3.492
261209.879	3.489
261209.904	3.489
261209.911	3.489
261209.939	3.489
261209.950	3.488
261209.961	3.488
261209.971	3.488
261209.994	3.486
261210.001	3.485
261210.023	3.485
261210.036	3.486
261210.065	3.485
261210.066	3.484
261210.090	3.484
261210.091	3.482
261210.117	3.482
261210.126	3.484
261210.149	3.484
261210.178	3.481
261210.179	3.481
261210.190	3.482
261210.214	3.479
261210.228	3.479
261210.236	3.478
261210.260	3.476
261210.271	3.476
261210.308	3.476
261210.309	3.476
261210.319	3.473
261210.328	3.475
261210.353	3.475
261210.361	3.473
261210.408	3.473
261210.409	3.473
261210.434	3.472
261210.450	3.473
261210.453	3.472
261210.463	3.472
261210.478	3.472
261210.488	3.472
261210.512	3.472
261210.538	3.472
261210.539	3.469
261210.554	3.470
261210.586	3.473
261210.588	3.472
261210.613	3.470
261210.619	3.473
261210.654	3.472
261210.655	3.473
261210.661	3.473
261210.685	3.473
261210.696	3.475
261210.714	3.475
261210.723	3.476
261210.738	3.475
261210.778	3.475
261210.779	3.478
261210.789	3.479
261210.799	3.481
261210.820	3.482
261210.830	3.484
261210.854	3.485
261210.886	3.486
261210.888	3.488
261210.902	3.489
261210.913	3.491
261210.923	3.492
261210.949	3.495
261210.959	3.497
261210.971	3.498
261211.003	3.501
261211.004	3.501
261211.036	3.504
261211.038	3.504
261211.061	3.510
261211.079	3.510
261211.080	3.511
261211.111	3.513
261211.113	3.516
261211.135	3.517
261211.140	3.520
261211.165	3.522
261211.191	3.525
261211.193	3.526
261211.216	3.529
261211.246	3.530
261211.255	3.532
261211.261	3.533
261211.263	3.536
261211.288	3.539
261211.296	3.541
261211.321	3.541
261211.329	3.544
261211.356	3.545
261211.371	3.547
261211.389	3.549
261211.404	3.551
261211.413	3.551
261211.441	3.555
261211.453	3.554
261211.454	3.555
261211.479	3.557
261211.489	3.558
261211.514	3.560
261211.519	3.561
261211.533	3.563
261211.555	3.563
261211.564	3.564
261211.595	3.567
261211.596	3.566
261211.615	3.568
261211.625	3.568
261211.640	3.570
261211.669	3.571
261211.696	3.571
261211.698	3.573
261211.723	3.573
261211.724	3.574
261211.736	3.574
261211.761	3.574
261211.764	3.574
261211.786	3.576
261211.798	3.576
261211.824	3.576
261211.825	3.576
261211.846	3.574
261211.869	3.576
261211.888	3.574
261211.911	3.576
261211.921	3.574
261211.951	3.576
261211.969	3.574
261211.970	3.573
261211.980	3.571
261211.993	3.573
261212.008	3.573
261212.023	3.571
261212.034	3.573
261212.059	3.570
261212.060	3.570
261212.088	3.571
261212.093	3.568
261212.119	3.568
261212.129	3.567
261212.144	3.567
261212.184	3.567
261212.185	3.568
261212.205	3.566
261212.206	3.564
261212.228	3.564
261212.236	3.564
261212.260	3.563
261212.266	3.563
261212.299	3.561
261212.300	3.560
261212.329	3.558
261212.330	3.558
261212.355	3.557
261212.356	3.558
261212.383	3.557
261212.396	3.557
261212.429	3.555
261212.430	3.555
261212.443	3.557
261212.458	3.554
261212.474	3.552
261212.490	3.552
261212.500	3.551
261212.529	3.549
261212.530	3.548
261212.553	3.548
261212.566	3.548
261212.581	3.548
261212.610	3.545
261212.611	3.545
261212.636	3.544
261212.638	3.544
261212.668	3.541
261212.686	3.542
261212.691	3.541
261212.718	3.541
261212.720	3.539
261212.734	3.539
261212.770	3.536
261212.771	3.536
261212.793	3.536
261212.808	3.535
261212.825	3.535
261212.826	3.533
261212.855	3.532
261212.856	3.532
261212.903	3.529
261212.904	3.529
261212.911	3.527
261212.927	3.529
261212.968	3.527
261212.969	3.525
261212.976	3.525
261212.990	3.525
261213.016	3.523
261213.018	3.523
261213.028	3.523
261213.059	3.522
261213.065	3.520
261213.091	3.520
261213.100	3.520
261213.125	3.519
261213.145	3.519
261213.151	3.519
261213.166	3.517
261213.195	3.519
261213.196	3.519
261213.213	3.519
261213.223	3.519
261213.249	3.520
261213.264	3.519
261213.276	3.520
261213.291	3.522
261213.307	3.522
261213.318	3.523
261213.330	3.525
261213.355	3.525
261213.381	3.526
261213.384	3.527
261213.410	3.527
261213.411	3.530
261213.426	3.532
261213.451	3.532
261213.458	3.535
261213.485	3.535
261213.486	3.538
261213.510	3.538
261213.524	3.541
261213.534	3.542
261213.559	3.545
261213.570	3.547
261213.598	3.549
261213.599	3.549
261213.624	3.552
261213.648	3.552
261213.649	3.557
261213.668	3.560
261213.682	3.560
261213.693	3.561
261213.729	3.566
261213.730	3.564
261213.733	3.566
261213.761	3.567
261213.775	3.568
261213.790	3.570
261213.801	3.571
261213.834	3.573
261213.835	3.574
261213.854	3.577
261213.870	3.577
261213.883	3.577
261213.908	3.579
261213.909	3.580
261213.935	3.580
261213.961	3.580
261213.963	3.582
261213.984	3.582
261213.985	3.585
261214.014	3.583
261214.019	3.583
261214.034	3.585
261214.053	3.586
261214.081	3.585
261214.083	3.585
261214.108	3.586
261214.115	3.585
261214.129	3.586
261214.143	3.588
261214.168	3.586
261214.194	3.586
261214.195	3.586
261214.210	3.588
261214.239	3.589
261214.256	3.586
261214.258	3.586
261214.268	3.588
261214.286	3.586
261214.318	3.588
261214.319	3.586
261214.325	3.585
261214.351	3.585
261214.368	3.586
261214.380	3.583
261214.399	3.585
261214.430	3.583
261214.432	3.583
261214.454	3.583
261214.455	3.583
261214.469	3.580
261214.494	3.580
261214.500	3.580
261214.524	3.580
261214.558	3.580
261214.559	3.579
261214.574	3.579
261214.584	3.579
261214.594	3.579
261214.619	3.580
261214.626	3.580
261214.655	3.582
261214.675	3.582
261214.678	3.582
261214.701	3.582
261214.703	3.583
261214.724	3.582
261214.734	3.583
261214.758	3.580
261214.783	3.583
261214.784	3.582
261214.810	3.582
261214.815	3.580
261214.829	3.580
261214.851	3.579
261214.878	3.580
261214.903	3.579
261214.904	3.579
261214.928	3.579
261214.929	3.579
261214.941	3.580
261214.966	3.579
261214.968	3.577
261214.989	3.579
261215.018	3.577
261215.019	3.579
261215.041	3.577
261215.057	3.579
261215.076	3.577
261215.078	3.579
261215.105	3.577
261215.114	3.579
261215.139	3.579
261215.140	3.583
261215.166	3.585
261215.173	3.588
261215.196	3.585
261215.213	3.585
261215.225	3.585
261215.235	3.585
261215.263	3.583
261215.276	3.585
261215.289	3.583
261215.314	3.585
261215.315	3.583
261215.330	3.582
261215.364	3.582
261215.365	3.583
261215.388	3.583
261215.389	3.583
261215.418	3.582
261215.424	3.583
261215.439	3.583
261215.461	3.583
261215.468	3.583
261215.499	3.585
261215.500	3.585
261215.525	3.586
261215.550	3.586
261215.551	3.586
261215.572	3.586
261215.581	3.588
261215.618	3.589
261215.619	3.589
261215.636	3.590
261215.638	3.592
261215.670	3.592
261215.684	3.595
261215.694	3.595
261215.724	3.598
261215.725	3.598
261215.741	3.601
261215.758	3.604
261215.773	3.605
261215.791	3.608
261215.815	3.610
261215.816	3.610
261215.848	3.612
261215.849	3.612
261215.874	3.617
261215.879	3.617
261215.904	3.620
261215.910	3.620
261215.935	3.623
261215.971	3.623
261215.973	3.626
261215.985	3.626
261215.986	3.629
261216.011	3.629
261216.019	3.632
261216.033	3.632
261216.058	3.634
261216.088	3.636
261216.089	3.639
261216.099	3.639
261216.124	3.640
261216.134	3.640
261216.163	3.643
261216.164	3.645
261216.175	3.645
261216.208	3.646
261216.209	3.649
261216.223	3.649
261216.238	3.653
261216.266	3.652
261216.279	3.656
261216.289	3.658
261216.318	3.661
261216.331	3.662
261216.333	3.665
261216.350	3.668
261216.359	3.673
261216.384	3.674
261216.402	3.680
261216.415	3.683
261216.448	3.686
261216.449	3.690
261216.456	3.696
261216.474	3.697
261216.489	3.705
261216.505	3.708
261216.523	3.712
261216.556	3.716
261216.558	3.719
261216.564	3.722
261216.594	3.730
261216.595	3.731
261216.614	3.737
261216.629	3.738
261216.641	3.744
261216.673	3.749
261216.688	3.753
261216.689	3.756
261216.718	3.762
261216.728	3.766
261216.736	3.771
261216.760	3.772
261216.771	3.778
261216.796	3.781
261216.798	3.787
261216.823	3.787
261216.845	3.793
261216.846	3.796
261216.871	3.801
261216.880	3.803
261216.913	3.807
261216.914	3.809
261216.928	3.813
261216.941	3.815
261216.958	3.819
261216.986	3.821
261216.988	3.825
261217.013	3.826
261217.040	3.829
261217.041	3.831
261217.064	3.835
261217.074	3.837
261217.085	3.841
261217.109	3.844
261217.124	3.845
261217.153	3.848
261217.154	3.850
261217.160	3.853
261217.175	3.856
261217.199	3.856
261217.200	3.862
261217.228	3.863
261217.234	3.866
261217.265	3.866
261217.279	3.869
261217.288	3.873
261217.302	3.875
261217.325	3.873
261217.326	3.876
261217.349	3.876
261217.378	3.879
261217.395	3.879
261217.404	3.882
261217.445	3.882
261217.459	3.885
261217.461	3.886
261217.463	3.891
261217.479	3.894
261217.505	3.895
261217.507	3.895
261217.525	3.900
261217.530	3.898
261217.561	3.900
261217.574	3.900
261217.584	3.903
261217.609	3.901
261217.610	3.903
261217.633	3.901
261217.649	3.901
261217.663	3.903
261217.673	3.901
261217.696	3.900
261217.704	3.903
261217.738	3.901
261217.739	3.903
261217.760	3.901
261217.774	3.903
261217.788	3.904
261217.803	3.905
261217.818	3.904
261217.829	3.904
261217.854	3.903
261217.874	3.904
261217.885	3.901
261217.901	3.903
261217.912	3.900
261217.944	3.901
261217.945	3.898
261217.971	3.900
261217.989	3.897
261217.990	3.898
261218.001	3.897
261218.020	3.897
261218.030	3.894
261218.056	3.892
261218.098	3.889
261218.099	3.889
261218.124	3.886
261218.125	3.886
261218.135	3.885
261218.145	3.885
261218.169	3.881
261218.185	3.881
261218.189	3.878
261218.214	3.878
261218.224	3.875
261218.236	3.873
261218.261	3.869
261218.263	3.869
261218.292	3.866
261218.298	3.864
261218.326	3.862
261218.328	3.862
261218.350	3.857
261218.360	3.857
261218.385	3.853
261218.401	3.853
261218.415	3.850
261218.446	3.848
261218.447	3.845
261218.461	3.845
261218.483	3.841
261218.489	3.841
261218.510	3.838
261218.520	3.838
261218.529	3.834
261218.559	3.834
261218.560	3.831
261218.584	3.831
261218.598	3.826
261218.618	3.826
261218.639	3.822
261218.640	3.823
261218.660	3.819
261218.685	3.818
261218.696	3.815
261218.721	3.815
261218.723	3.812
261218.743	3.812
261218.758	3.809
261218.786	3.807
261218.820	3.804
261218.821	3.804
261218.825	3.801
261218.833	3.803
261218.848	3.799
261218.878	3.799
261218.885	3.797
261218.911	3.796
261218.913	3.793
261218.935	3.793
261218.946	3.791
261218.959	3.791
261218.969	3.788
261218.994	3.788
261219.017	3.787
261219.044	3.788
261219.045	3.784
261219.051	3.784
261219.078	3.781
261219.079	3.782
261219.103	3.779
261219.118	3.779
261219.134	3.775
261219.159	3.777
261219.174	3.775
261219.175	3.774
261219.193	3.772
261219.203	3.772
261219.226	3.771
261219.236	3.771
261219.270	3.768
261219.285	3.769
261219.286	3.766
261219.307	3.768
261219.319	3.765
261219.330	3.765
261219.381	3.762
261219.406	3.763
261219.408	3.760
261219.410	3.762
261219.411	3.759
261219.425	3.759
261219.451	3.759
261219.463	3.758
261219.470	3.756
261219.504	3.756
261219.505	3.755
261219.521	3.755
261219.538	3.753
261219.551	3.752
261219.573	3.750
261219.584	3.750
261219.609	3.749
261219.610	3.749
261219.636	3.746
261219.643	3.747
261219.668	3.744
261219.669	3.744
261219.699	3.743
261219.700	3.743
261219.725	3.741
261219.751	3.741
261219.753	3.740
261219.771	3.740
261219.788	3.738
261219.801	3.738
261219.819	3.737
261219.833	3.737
261219.868	3.734
261219.869	3.736
261219.880	3.734
261219.905	3.734
261219.931	3.731
261219.933	3.731
261219.947	3.730
261219.959	3.731
261219.984	3.728
261219.985	3.728
261220.010	3.727
261220.038	3.727
261220.039	3.725
261220.058	3.725
261220.071	3.722
261220.100	3.722
261220.101	3.721
261220.116	3.721
261220.135	3.721
261220.136	3.719
261220.163	3.716
261220.183	3.719
261220.193	3.715
261220.225	3.716
261220.231	3.714
261220.233	3.715
261220.259	3.712
261220.269	3.712
261220.293	3.711
261220.294	3.712
261220.323	3.709
261220.343	3.711
261220.351	3.708
261220.376	3.709
261220.378	3.708
261220.408	3.706
261220.409	3.705
261220.434	3.705
261220.460	3.703
261220.461	3.705
261220.476	3.705
261220.494	3.703
261220.500	3.700
261220.521	3.702
261220.536	3.700
261220.577	3.700
261220.578	3.699
261220.582	3.699
261220.606	3.697
261220.613	3.699
261220.640	3.697
261220.641	3.697
261220.659	3.697
261220.693	3.699
261220.694	3.697
261220.703	3.699
261220.728	3.697
261220.734	3.699
261220.759	3.697
261220.776	3.699
261220.809	3.697
261220.810	3.699
261220.825	3.697
261220.832	3.699
261220.855	3.697
261220.856	3.700
261220.884	3.699
261220.904	3.702
261220.933	3.700
261220.934	3.703
261220.945	3.702
261220.959	3.705
261220.969	3.705
261220.993	3.705
261221.014	3.706
261221.020	3.709
261221.049	3.709
261221.050	3.711
261221.071	3.711
261221.083	3.714
261221.101	3.714
261221.115	3.716
261221.129	3.716
261221.169	3.719
261221.170	3.719
261221.183	3.724
261221.195	3.724
261221.220	3.727
261221.230	3.727
261221.243	3.731
261221.275	3.733
261221.276	3.737
261221.301	3.738
261221.323	3.741
261221.324	3.743
261221.326	3.747
261221.352	3.747
261221.375	3.752
261221.376	3.753
261221.408	3.756
261221.409	3.758
261221.434	3.762
261221.451	3.763
261221.456	3.766
261221.469	3.768
261221.495	3.771
261221.496	3.772
261221.523	3.775
261221.535	3.778
261221.565	3.779
261221.566	3.779
261221.591	3.784
261221.593	3.784
261221.630	3.788
261221.631	3.788
261221.649	3.791
261221.660	3.791
261221.680	3.794
261221.693	3.794
261221.718	3.797
261221.723	3.797
261221.759	3.800
261221.765	3.800
261221.776	3.803
261221.788	3.801
261221.801	3.804
261221.825	3.804
261221.826	3.806
261221.859	3.807
261221.860	3.809
261221.889	3.809
261221.890	3.810
261221.915	3.810
261221.936	3.812
261221.938	3.812
261221.968	3.813
261221.993	3.813
261221.994	3.815
261222.006	3.815
261222.020	3.818
261222.031	3.816
261222.059	3.818
261222.073	3.819
261222.083	3.822
261222.114	3.821
261222.115	3.825
261222.138	3.825
261222.153	3.828
261222.163	3.828
261222.181	3.831
261222.198	3.831
261222.234	3.834
261222.235	3.835
261222.238	3.838
261222.261	3.840
261222.280	3.842
261222.283	3.844
261222.306	3.850
261222.319	3.851
261222.357	3.854
261222.358	3.856
261222.370	3.859
261222.385	3.860
261222.407	3.864
261222.414	3.866
261222.454	3.869
261222.455	3.872
261222.474	3.875
261222.475	3.876
261222.494	3.881
261222.509	3.881
261222.525	3.885
261222.526	3.886
261222.564	3.889
261222.589	3.891
261222.590	3.895
261222.605	3.897
261222.620	3.900
261222.636	3.901
261222.648	3.904
261222.663	3.907
261222.678	3.908
261222.714	3.910
261222.729	3.913
261222.730	3.913
261222.734	3.916
261222.759	3.916
261222.780	3.917
261222.786	3.920
261222.823	3.920
261222.824	3.922
261222.834	3.923
261222.848	3.925
261222.870	3.926
261222.884	3.927
261222.901	3.930
261222.926	3.932
261222.953	3.933
261222.954	3.933
261222.960	3.935
261222.984	3.936
261222.985	3.938
261223.016	3.938
261223.018	3.939
261223.048	3.939
261223.049	3.939
261223.079	3.939
261223.085	3.942
261223.104	3.944
261223.118	3.944
261223.141	3.942
261223.172	3.944
261223.173	3.942
261223.205	3.942
261223.206	3.941
261223.225	3.941
261223.230	3.939
261223.239	3.941
261223.263	3.938
261223.295	3.936
261223.296	3.935
261223.304	3.935
261223.319	3.935
261223.330	3.932
261223.359	3.929
261223.361	3.929
261223.385	3.927
261223.414	3.926
261223.415	3.923
261223.423	3.923
261223.448	3.920
261223.458	3.920
261223.468	3.919
261223.493	3.916
261223.520	3.913
261223.521	3.914
261223.539	3.910
261223.554	3.910
261223.568	3.908
261223.584	3.905
261223.594	3.903
261223.614	3.903
261223.648	3.901
261223.655	3.900
261223.664	3.898
261223.689	3.895
261223.690	3.892
261223.715	3.891
261223.723	3.889
261223.764	3.889
261223.765	3.886
261223.781	3.885
261223.783	3.882
261223.807	3.882
261223.839	3.881
261223.840	3.879
261223.855	3.876
261223.880	3.876
261223.881	3.873
261223.899	3.873
261223.914	3.872
261223.928	3.872
261223.938	3.870
261223.963	3.870
261223.978	3.867
261224.004	3.867
261224.005	3.864
261224.030	3.864
261224.031	3.863
261224.056	3.862
261224.076	3.860
261224.085	3.860
261224.123	3.859
261224.124	3.859
261224.140	3.856
261224.155	3.856
261224.170	3.851
261224.195	3.853
261224.195	3.851
261224.213	3.850
261224.240	3.850
261224.241	3.850
261224.255	3.848
261224.278	3.847
261224.289	3.844
261224.314	3.844
261224.315	3.842
261224.345	3.842
261224.347	3.840
261224.366	3.840
261224.380	3.838
261224.405	3.838
261224.406	3.835
261224.431	3.834
261224.438	3.832
261224.465	3.831
261224.495	3.829
261224.496	3.828
261224.521	3.825
261224.523	3.826
261224.530	3.825
261224.555	3.823
261224.589	3.822
261224.590	3.822
261224.604	3.821
261224.614	3.821
261224.634	3.819
261224.649	3.819
261224.664	3.818
261224.697	3.818
261224.698	3.816
261224.722	3.816
261224.730	3.813
261224.731	3.813
261224.761	3.812
261224.788	3.812
261224.798	3.809
261224.799	3.809
261224.834	3.807
261224.839	3.806
261224.853	3.804
261224.870	3.804
261224.881	3.803
261224.895	3.801
261224.919	3.800
261224.947	3.800
261224.958	3.797
261224.960	3.799
261224.984	3.797
261224.985	3.796
261225.013	3.793
261225.020	3.793
261225.030	3.791
261225.061	3.790
261225.078	3.787
261225.079	3.787
261225.104	3.785
261225.129	3.785
261225.130	3.782
261225.152	3.782
261225.185	3.781
261225.192	3.779
261225.193	3.778
261225.219	3.778
261225.228	3.775
261225.237	3.775
261225.260	3.774
261225.266	3.774
261225.298	3.772
261225.299	3.771
261225.318	3.769
261225.329	3.768
261225.356	3.768
261225.369	3.768
261225.381	3.765
261225.413	3.765
261225.414	3.763
261225.429	3.763
261225.451	3.762
261225.458	3.762
261225.481	3.760
261225.489	3.760
261225.513	3.759
261225.538	3.759
261225.539	3.759
261225.549	3.759
261225.574	3.758
261225.581	3.758
261225.605	3.758
261225.626	3.758
261225.661	3.758
261225.670	3.759
261225.671	3.759
261225.673	3.760
261225.699	3.759
261225.700	3.760
261225.726	3.762
261225.763	3.763
261225.764	3.763
261225.790	3.763
261225.810	3.765
261225.813	3.768
261225.819	3.769
261225.834	3.772
261225.849	3.775
261225.860	3.778
261225.886	3.779
261225.888	3.781
261225.913	3.781
261225.923	3.784
261225.943	3.785
261225.958	3.787
261225.986	3.787
261225.988	3.790
261226.013	3.791
261226.021	3.793
261226.036	3.794
261226.056	3.796
261226.066	3.796
261226.098	3.799
261226.104	3.799
261226.130	3.800
261226.131	3.801
261226.145	3.804
261226.160	3.806
261226.181	3.807
261226.191	3.809
261226.214	3.810
261226.243	3.812
261226.244	3.813
261226.254	3.813
261226.271	3.816
261226.289	3.816
261226.305	3.819
261226.321	3.819
261226.328	3.821
261226.366	3.821
261226.373	3.822
261226.400	3.823
261226.420	3.823
261226.426	3.823
261226.429	3.823
261226.451	3.825
261226.479	3.825
261226.480	3.825
261226.488	3.826
261226.510	3.825
261226.520	3.826
261226.529	3.826
261226.589	3.826
261226.614	3.825
261226.615	3.825
261226.617	3.823
261226.618	3.825
261226.628	3.826
261226.652	3.823
261226.670	3.823
261226.685	3.823
261226.724	3.822
261226.728	3.822
261226.729	3.821
261226.738	3.822
261226.754	3.822
261226.775	3.821
261226.785	3.818
261226.814	3.819
261226.839	3.816
261226.840	3.816
261226.853	3.815
261226.862	3.813
261226.885	3.813
261226.891	3.812
261226.923	3.810
261226.924	3.810
261226.951	3.807
261226.960	3.807
261226.985	3.807
261226.987	3.806
261227.011	3.804
261227.041	3.803
261227.043	3.801
261227.068	3.800
261227.069	3.797
261227.090	3.797
261227.091	3.796
261227.114	3.794
261227.126	3.793
261227.158	3.791
261227.191	3.788
261227.193	3.788
261227.200	3.787
261227.201	3.787
261227.229	3.784
261227.230	3.782
261227.255	3.782
261227.275	3.781
261227.311	3.779
261227.318	3.778
261227.319	3.777
261227.329	3.777
261227.354	3.774
261227.358	3.774
261227.386	3.772
261227.388	3.771
261227.413	3.769
261227.436	3.769
261227.440	3.766
261227.460	3.766
261227.484	3.765
261227.493	3.763
261227.520	3.762
261227.521	3.762
261227.554	3.759
261227.555	3.759
261227.575	3.758
261227.585	3.758
261227.610	3.756
261227.611	3.755
261227.638	3.752
261227.664	3.750
261227.665	3.749
261227.691	3.749
261227.714	3.746
261227.716	3.746
261227.725	3.744
261227.735	3.744
261227.761	3.743
261227.793	3.743
261227.799	3.740
261227.825	3.740
261227.831	3.737
261227.832	3.738
261227.855	3.734
261227.860	3.736
261227.885	3.734
261227.886	3.734
261227.911	3.733
261227.933	3.731
261227.934	3.730
261227.968	3.730
261227.978	3.728
261227.991	3.728
261228.024	3.727
261228.025	3.725
261228.031	3.724
261228.055	3.724
261228.071	3.721
261228.083	3.721
261228.101	3.719
261228.133	3.721
261228.134	3.718
261228.156	3.718
261228.158	3.715
261228.171	3.715
261228.196	3.714
261228.216	3.714
261228.225	3.712
261228.256	3.712
261228.258	3.711
261228.264	3.711
261228.290	3.708
261228.316	3.709
261228.318	3.708
261228.338	3.708
261228.369	3.706
261228.376	3.706
261228.385	3.705
261228.404	3.705
261228.415	3.705
261228.425	3.703
261228.439	3.702
261228.466	3.702
261228.468	3.700
261228.493	3.700
261228.506	3.699
261228.524	3.699
261228.528	3.697
261228.553	3.697
261228.563	3.696
261228.584	3.696
261228.609	3.695
261228.610	3.695
261228.621	3.693
261228.650	3.693
261228.664	3.692
261228.688	3.692
261228.689	3.690
261228.718	3.690
261228.719	3.687
261228.741	3.689
261228.756	3.687
261228.770	3.686
261228.799	3.686
261228.800	3.684
261228.828	3.684
261228.848	3.683
261228.849	3.683
261228.875	3.683
261228.876	3.680
261228.900	3.681
261228.914	3.680
261228.931	3.680
261228.938	3.678
261228.965	3.678
261228.991	3.678
261228.993	3.678
261229.008	3.677
261229.025	3.677
261229.030	3.675
261229.053	3.675
261229.081	3.675
261229.083	3.675
261229.090	3.674
261229.115	3.674
261229.125	3.673
261229.149	3.673
261229.164	3.671
261229.193	3.673
261229.194	3.671
261229.216	3.671
261229.231	3.670
261229.253	3.671
261229.263	3.670
261229.273	3.670
261229.298	3.668
261229.299	3.670
261229.325	3.668
261229.326	3.668
261229.352	3.668
261229.370	3.668
261229.384	3.667
261229.401	3.668
261229.410	3.667
261229.439	3.668
261229.445	3.667
261229.463	3.668
261229.476	3.668
261229.491	3.668
261229.513	3.668
261229.519	3.668
261229.550	3.668
261229.551	3.670
261229.564	3.668
261229.600	3.668
261229.618	3.668
261229.619	3.670
261229.634	3.670
261229.665	3.670
261229.666	3.668
261229.689	3.670
261229.696	3.671
261229.720	3.670
261229.726	3.670
261229.738	3.670
261229.766	3.671
261229.793	3.670
261229.794	3.670
261229.806	3.671
261229.818	3.671
261229.828	3.671
261229.857	3.670
261229.883	3.670
261229.884	3.670
261229.915	3.670
261229.916	3.670
261229.933	3.670
261229.938	3.670
261229.963	3.670
261229.991	3.671
261229.993	3.670
261230.023	3.670
261230.024	3.670
261230.034	3.670
261230.058	3.668
261230.075	3.668
261230.081	3.668
261230.103	3.670
261230.114	3.668
261230.139	3.668
261230.154	3.667
261230.161	3.667
261230.183	3.667
261230.194	3.667
261230.208	3.667
261230.234	3.665
261230.259	3.665
261230.260	3.665
261230.285	3.665
261230.286	3.664
261230.307	3.664
261230.320	3.664
261230.329	3.662
261230.357	3.662
261230.383	3.662
261230.384	3.662
261230.409	3.661
261230.410	3.661
261230.433	3.659
261230.448	3.659
261230.458	3.658
261230.488	3.659
261230.509	3.658
261230.510	3.658
261230.520	3.655
261230.534	3.655
261230.551	3.655
261230.575	3.653
261230.589	3.653
261230.616	3.652
261230.628	3.651
261230.634	3.652
261230.658	3.651
261230.659	3.651
261230.681	3.649
261230.691	3.651
261230.724	3.649
261230.749	3.648
261230.750	3.648
261230.756	3.648
261230.770	3.648
261230.788	3.646
261230.801	3.646
261230.818	3.645
261230.828	3.645
261230.855	3.643
261230.889	3.643
261230.890	3.643
261230.904	3.643
261230.923	3.645
261230.932	3.642
261230.938	3.642
261230.973	3.642
261230.974	3.643
261230.990	3.643
261231.004	3.642
261231.028	3.642
261231.033	3.643
261231.051	3.642
261231.061	3.643
261231.099	3.643
261231.100	3.645
261231.116	3.648
261231.132	3.648
261231.141	3.648
261231.166	3.648
261231.173	3.649
261231.201	3.651
261231.213	3.649
261231.228	3.652
261231.239	3.653
261231.256	3.655
261231.266	3.658
261231.295	3.656
261231.320	3.658
261231.321	3.661
261231.335	3.661
261231.350	3.664
261231.366	3.665
261231.381	3.665
261231.389	3.668
261231.414	3.668
261231.440	3.668
261231.441	3.671
261231.458	3.670
261231.477	3.674
261231.511	3.674
261231.513	3.677
261231.536	3.677
261231.538	3.680
261231.564	3.681
261231.571	3.681
261231.581	3.683
261231.609	3.684
261231.610	3.686
261231.635	3.686
261231.652	3.686
261231.684	3.687
261231.688	3.689
261231.703	3.690
261231.714	3.692
261231.726	3.693
261231.746	3.693
261231.760	3.695
261231.806	3.696
261231.808	3.696
261231.811	3.697
261231.819	3.699
261231.829	3.699
261231.854	3.700
261231.860	3.699
261231.879	3.700
261231.929	3.700
261231.930	3.702
261231.935	3.700
261231.950	3.702
261231.961	3.702
261231.976	3.702
261231.991	3.702
261232.008	3.703
261232.036	3.700
261232.038	3.702
261232.050	3.703
261232.071	3.703
261232.081	3.702
261232.105	3.703
261232.119	3.703
261232.153	3.705
261232.154	3.703
261232.179	3.705
261232.180	3.703
261232.196	3.705
261232.210	3.703
261232.223	3.705
261232.264	3.703
261232.265	3.702
261232.280	3.702
261232.288	3.702
261232.313	3.702
261232.314	3.700
261232.329	3.703
261232.351	3.702
261232.360	3.702
261232.385	3.702
261232.386	3.702
261232.410	3.703
261232.449	3.703
261232.450	3.705
261232.466	3.702
261232.475	3.703
261232.513	3.703
261232.514	3.702
261232.521	3.700
261232.534	3.700
261232.558	3.700
261232.571	3.700
261232.584	3.699
261232.594	3.699
261232.621	3.697
261232.637	3.697
261232.653	3.697
261232.661	3.697
261232.689	3.696
261232.690	3.696
261232.715	3.696
261232.745	3.695
261232.754	3.695
261232.760	3.693
261232.777	3.693
261232.801	3.693
261232.815	3.690
261232.816	3.692
261232.829	3.692
261232.861	3.690
261232.875	3.690
261232.883	3.690
261232.895	3.689
261232.920	3.689
261232.930	3.687
261232.938	3.689
261232.973	3.686
261232.974	3.689
261232.990	3.687
261233.005	3.687
261233.023	3.686
261233.030	3.686
261233.051	3.684
261233.080	3.686
261233.105	3.684
261233.106	3.684
261233.113	3.681
261233.133	3.683
261233.150	3.683
261233.161	3.681
261233.181	3.680
261233.191	3.681
261233.218	3.678
261233.238	3.680
261233.255	3.678
261233.263	3.680
261233.290	3.677
261233.299	3.678
261233.305	3.677
261233.330	3.678
261233.331	3.675
261233.348	3.677
261233.369	3.675
261233.384	3.675
261233.388	3.674
261233.410	3.675
261233.435	3.673
261233.436	3.673
261233.461	3.670
261233.488	3.673
261233.489	3.670
261233.508	3.670
261233.522	3.670
261233.533	3.668
261233.559	3.668
261233.560	3.668
261233.581	3.665
261233.595	3.667
261233.620	3.664
261233.629	3.665
261233.652	3.664
261233.660	3.662
261233.694	3.662
261233.695	3.662
261233.704	3.661
261233.728	3.659
261233.744	3.656
261233.755	3.658
261233.774	3.655
261233.803	3.658
261233.804	3.655
261233.820	3.655
261233.830	3.653
261233.852	3.653
261233.870	3.652
261233.884	3.652
261233.919	3.651
261233.920	3.649
261233.934	3.648
261233.935	3.648
261233.960	3.646
261233.974	3.646
261233.998	3.645
261233.999	3.645
261234.028	3.640
261234.029	3.643
261234.050	3.640
261234.077	3.640
261234.098	3.639
261234.099	3.639
261234.113	3.637
261234.138	3.637
261234.164	3.636
261234.178	3.634
261234.179	3.633
261234.196	3.634
261234.211	3.632
261234.226	3.632
261234.250	3.632
261234.275	3.630
261234.290	3.630
261234.291	3.629
261234.303	3.627
261234.320	3.627
261234.329	3.626
261234.348	3.626
261234.363	3.624
261234.399	3.626
261234.408	3.623
261234.410	3.624
261234.435	3.621
261234.436	3.621
261234.461	3.618
261234.478	3.620
261234.506	3.618
261234.508	3.617
261234.520	3.617
261234.528	3.615
261234.553	3.614
261234.561	3.614
261234.586	3.612
261234.593	3.612
261234.624	3.611
261234.643	3.612
261234.650	3.611
261234.665	3.610
261234.681	3.608
261234.691	3.610
261234.751	3.607
261234.753	3.608
261234.771	3.605
261234.773	3.605
261234.775	3.604
261234.786	3.605
261234.809	3.601
261234.819	3.602
261234.829	3.602
261234.860	3.601
261234.861	3.599
261234.878	3.601
261234.898	3.598
261234.910	3.599
261234.935	3.598
261234.936	3.598
261234.958	3.596
261234.984	3.596
261234.985	3.595
261235.009	3.595
261235.021	3.593
261235.033	3.592
261235.058	3.592
261235.066	3.592
261235.100	3.590
261235.101	3.592
261235.119	3.590
261235.125	3.590
261235.155	3.588
261235.164	3.589
261235.173	3.588
261235.209	3.588
261235.210	3.585
261235.235	3.588
261235.236	3.585
261235.254	3.586
261235.276	3.585
261235.290	3.583
261235.296	3.583
261235.321	3.582
261235.359	3.582
261235.360	3.583
261235.386	3.580
261235.394	3.582
261235.395	3.580
261235.413	3.580
261235.425	3.580
261235.454	3.580
261235.464	3.580
261235.490	3.580
261235.491	3.579
261235.508	3.580
261235.519	3.577
261235.530	3.579
261235.550	3.579
261235.584	3.579
261235.585	3.580
261235.595	3.582
261235.614	3.582
261235.638	3.583
261235.650	3.585
261235.664	3.586
261235.693	3.586
261235.694	3.589
261235.715	3.590
261235.724	3.592
261235.743	3.592
261235.760	3.595
261235.774	3.598
261235.788	3.601
261235.814	3.604
261235.823	3.607
261235.824	3.607
261235.850	3.611
261235.864	3.614
261235.881	3.615
261235.891	3.620
261235.918	3.623
261235.944	3.623
261235.945	3.630
261235.966	3.633
261235.993	3.636
261235.994	3.639
261236.015	3.643
261236.016	3.645
261236.041	3.648
261236.061	3.651
261236.073	3.655
261236.088	3.658
261236.104	3.662
261236.114	3.664
261236.137	3.668
261236.165	3.673
261236.166	3.675
261236.182	3.677
261236.193	3.683
261236.213	3.684
261236.225	3.689
261236.242	3.693
261236.258	3.695
261236.284	3.696
261236.285	3.702
261236.300	3.702
261236.324	3.706
261236.325	3.708
261236.354	3.711
261236.356	3.714
261236.380	3.718
